S;NT;N:2.J.A76. J5.4.9.8 A4.9.2. 8.7.4.K;♠9 ♠K;♠2;3
N;NT;N:43.4.4.J T.6..K42 2..5.A75 K8.Q5.7.;;♣J;1
S;NT;N:A.9.A.K3 QJ2..T.9 .5.2.76 .8..QT2;♣A ♠8;♣3;5
S;NT;N:.85.2.J7 K9..9.KT .3.QT.6 .AK.5.2;♣4 ♣5;♣J ♣7;1
E;NT;N:J..7.986 9.3.A.3 KT3.T.. 72..3.4;♣J ♠A ♠5;♣6 ♣8 ♣9;3
S;NT;N:.J.53.63 A.9.A.QT T.T.6.9 ..K2.72;♥3 ♠K;♥J;1
W;NT;N:AK9..K.2 T86.3.6. .K.T93.3 3.Q6..9;♣7;♣2;3
S;NT;N:97.3.T.3 J..65.Q7 KT...64 .J6.A.2;♠A ♦J;♠7 ♠9;3
N;NT;N:83.K8..K T.J7.7.6 7..32.93 Q96..K4.;;♣K ♥K;2
E;NT;N:AQ..98.A J.QT..5 87...83 5..73.4;♠4 ♥3 ♦6;♠Q ♠A;5
S;NT;N:6.A.A.64 AK3.T.2. 8.8.3.A .96.J.K;♣Q ♣2;♣4 ♣6;4
E;NT;N:T5.Q..83 .A9.K5. J..A.K4 73..4.9;♠8 ♦8 ♥7;♠T;5
S;NT;N:82.32..2 3..543.A 4..J2.4 T.K84..;♥Q ♥J;♥2 ♥3;2
W;NT;N:872.Q7.. .5.54.Q6 .AJT.A.2 4.6..K4;♦K;♠2 ♠7 ♠8 ♥7;5
W;NT;N:.42.Q32. 4.J3..J2 9..KJ.97 .K8.75.;♠5;♥2 ♥4;4
S;NT;N:8.52.8.3 K.J86..T 7..9.74 A.9.2.9;♦7 ♥3;♦8;1
E;NT;N:8.QT4.2. ...QJ82 76.K..6 K.A3.Q.;♥8 ♥7 ♥5;♥T ♥Q;2
E;NT;N:53..K.82 A9..T2. Q6.K3.. J.8.6.9;♥A ♥J ♦5;♠3 ♠5 ♣2 ♣8;2
E;NT;N:3.5.A8.7 T9.K7.. A7.4..6 5..652.;♠2 ♥2 ♣Q;♠3;4
N;NT;N:.A6.85.J Q3..Q.53 A8.5..K8 94.T.K2.;;♥A ♣J;5
N;NT;N:.Q7..K82 QT.A9.T. K6.6.K.J J7.3.A8.;;♣K;3
E;NT;N:AT.A8.A. 5.QJ..5 .T9.7.T 8.4..J2;♦9 ♣7 ♦6;♦A;4
S;NT;N:Q85.QT.. K.9.9.AT 7.6..K5 ..T3.76;♥4 ♣8;♥T ♥Q;2
N;NT;N:A..A5.J5 KJ.8.J.T 8.AJ..74 ..T32.A8;;♠A;3
W;NT;N:82.7.T9. J.Q9..95 K5.A.J.2 6.83..T;♣6;♠2 ♠8 ♥7 ♦9 ♦T;3
E;NT;N:J8..9.K6 A.4..J9 6.J.J.T 2.A8.4.;♥3 ♥2 ♥5;♣6 ♦9 ♠8 ♠J;1
N;NT;N:98.A2.4. 65.Q.62. 2..T7.J3 .96.J.82;;♦4 ♥A ♠8 ♠9 ♥2;3
S;NT;N:86.5.J8. J.Q.A.KT 93.K9.. .A.4.42;♠A ♥7;♠6 ♠8;3
W;NT;N:.6.A842. 743.K.Q. Q6.9.T.A .Q.753.;♠K;♦2 ♦4 ♦8 ♥6 ♦A;2
E;NT;N:J7.85.4. T3..7.A AQ.6..5 84.T.5.;♣Q ♣J ♦Q;♠7 ♠J ♥5 ♥8 ♦4;2
S;NT;N:2.Q.KQ7. .T8.85.6 93..J.J 54.2..2;♥9 ♥6;♥Q;5
N;NT;N:J.53.T.T T7.J.52. Q8.K8..J 94.Q.6.A;;♥3 ♥5 ♠J ♦T;5
W;NT;N:8.J3.4.8 2.6.63.J ..A85.Q4 5.8..K7;♣T;♣8;4
N;NT;N:Q7.2.2.9 J43..8.Q 9..T93.7 .53.75.3;;♦2;5
N;NT;N:..Q.Q862 832..A.4 A97..7.T K.KJ.J9.;;♣2 ♦Q ♣6 ♣8 ♣Q;4
N;NT;N:3.4.9.AJ .6.A2.QT T8.K8..4 Q64...76;;♠3;4
N;NT;N:53.3.T.5 8..82.Q4 JT6.6..3 A2.54..A;;♠3 ♠5 ♦T;3
N;NT;N:A.2..K75 2.7.A7.A 8.T.4.96 .Q9.65.2;;♠A;1
W;NT;N:76..72.5 K.Q93.Q. T8.T.5.9 2.75.8.;♣3;♣5;1
W;NT;N:T..86.K2 92.7.J9. .AQ.3.T8 AK..7.3;♥3;♣2 ♦6 ♦8 ♣K ♠T;4
E;NT;N:64.T.J2. T..K93. A..A5.9 K.Q.8.7;♠7 ♣4 ♠2;♠4 ♠6;3
E;NT;N:T.J2.J.T .A3.Q.6 2.T.64. J3.6..9;♦3 ♦7 ♥9;♦J;3
W;NT;N:T92.K..A J3.A8.4. .9.3.J43 .5.AT.6;♣T;♣A;1
S;NT;N:2.97.A2. A..84.K8 95..5.4 .J.3.75;♦7 ♥K;♦A ♦2;1
E;NT;N:5.32.95. J8...32 Q6..Q.5 2.4.3.Q;♥8 ♣9 ♦6;♥2 ♥3;2
N;NT;N:A75.8..A T.3.AQ6. K64.5..2 Q.A4.T.5;;♠5 ♠7 ♠A ♣A;4
N;NT;N:J2.J.5.4 KT..KQ.A 95.7..K5 3.Q65.3.;;♣4 ♦5;1
W;NT;N:T6.4..65 K4.T7.2. 87.8..97 .K.T4.T;♣8;♣5 ♣6;1
N;NT;N:9.K5.3.3 .74.J.T4 3.T6..72 ..Q84.J6;;♥5 ♥K ♠9;3
S;NT;N:T54.7..9 9.5.7.J2 AK.2.4. .8.K.T4;♥Q ♣7;♥7;3
N;NT;N:A3.Q.72. T2..Q4.A Q..8.KQ7 K.A4.J.8;;♠A;1
E;NT;N:T.J42..4 .A.T8.A 6.K.Q.K 5.7..53;♦K ♠2 ♦A;♥2 ♥4 ♣4 ♥J ♠T;2
N;NT;N:J62..75. 7.T82..6 T5.9.K.2 A8.65..8;;♦5 ♦7;1
S;NT;N:J4..A8.8 .Q.J.Q65 5.T7..7 AT3..6.;♥9 ♠Q;♠4 ♦8 ♣8 ♠J;1
S;NT;N:..K842.8 9.K8.97. 6.95..T .A.5.Q6;♦Q ♥T;♦2 ♦4 ♦8;2
N;NT;N:AQ.AQ..8 .9543.5. 7.KT.4.3 KT3.62..;;♥Q ♥A ♣8;5
W;NT;N:QJ6..J9. .T.65.82 .98.T8.K 73..K4.;♣A;♠6;3
S;NT;N:Q42.4.2. 5.7.Q5.5 A..9.T2 T8..A3.;♥3 ♠9;♥4;2
E;NT;N:T5.T3.K. 92.A.8. .J.T93. Q...943;♦Q ♣5 ♣7;♦K;1
E;NT;N:8.4.Q5.Q .7.T4.K 5.9.A.T 3.62.2.;♣5 ♠A ♦6;♣Q;5
E;NT;N:8.53..Q5 K..K9.J T.A8..6 5.2.T2.;♠J ♥Q ♣A;♠8;1
S;NT;N:.J8.AK2. 87.A7..2 K.64.6. 4.T9.J.;♣7 ♦5;♥8 ♥J;5
W;NT;N:.Q.A.J54 .83.93.7 T3..K64. .6.7.T6;♦T;♦A;4
E;NT;N:6..7.983 8.A.K8. K.2..Q5 52.T..J;♥K ♣A ♦J;♣3 ♣8 ♣9 ♠6 ♦7;1
W;NT;N:QT6..42. 93.T3.Q. .A.AJ7.J A.7..T2;♦9;♦2 ♦4;5
E;NT;N:A.Q.2.75 .96.A.J QT..Q4. 872..5.;♥7 ♦T ♣4;♥Q;2
E;NT;N:2.5.A42. K.7.93. J85.9.. 3.J8.8.;♦6 ♣6 ♦5;♦A ♦2 ♦4;1
N;NT;N:Q6.4.Q.6 .K.T.984 .93.AK.T T3.QT.6.;;♠Q;4
S;NT;N:4.52.7.K AT.Q.2.2 7.AT.T. J9..5.9;♣T ♠5;♣K;4
S;NT;N:K8.9.K.9 63.5.8.2 T..Q.A7 J.K4.6.;♣K ♠9;♣9;5
E;NT;N:.J9.5.AT 83.T.6. .3.A.74 KT4..Q.;♣8 ♥4 ♦4;♣T ♣A;5
S;NT;N:985.74.. J64..8.Q Q.6.4.4 .853..J;♥K ♥J;♥4 ♥7;2
S;NT;N:A8.T8.J. 4.Q.5.T4 2.3.A6. 5.2.7.J;♠T ♠J;♠A;4
S;NT;N:.9.86.A7 83..A5.6 A.64.Q. .32.42.;♦7 ♠5;♦6 ♦8;4
S;NT;N:AT.4.7.T 9.987..A .J.82.3 43.5.6.;♠K ♠6;♠T ♠A;5
N;NT;N:.QT.J2.T 4.K97..K 5.A2.5.J T.5.3.72;;♥T ♥Q ♦J;4
W;NT;N:3..K9.96 Q.K96..2 ..A5.Q83 T..T3.7;♠8;♠3;1
W;NT;N:J.K.86.7 7.94..64 5.5..KQ3 Q.86..A;♦5;♦6 ♦8;3
S;NT;N:T.93.Q4. .T7.86.7 ..AJ.A3 K.4.K.J;♠3 ♣5;♠T;5
N;NT;N:KT.6.A.4 Q.KJ.3.9 ..94.JT3 .A.KJ2.8;;♣4 ♠K ♦A;5
E;NT;N:A..Q.A98 K...753 2.Q.J.2 8..73.T;♦T ♥A ♦6;♦Q;5
E;NT;N:Q2.5.K.2 .QT83.. K6.4.Q. .A.3.KT;♣9 ♦8 ♥K;♣2;1
S;NT;N:72.9.5.T J5.J76.. .Q3.9.K 43..64.;♥8 ♦2;♥9;3
W;NT;N:A2.J.J3. 3.53..96 7..Q4.Q3 6.T.2.4;♠8;♠A;5
S;NT;N:4.K.T2.6 62.T2.J. T7.5.3. ..K8.J7;♣4 ♦9;♣6;4
E;NT;N:5.9.K3.A 3.A.6.6 .J2.97. .T.5.Q4;♣3 ♦J ♦T;♣A;4
S;NT;N:AK2..A3. Q.KT8..K .QJ.Q.J T.42.J.;♣9 ♥A;♠2 ♦3 ♠K ♠A ♦A;3
N;NT;N:T.6.2.J9 J3.8.AQ. 2.T3.K.3 .7.76.T7;;♥6;4
W;NT;N:.KJT3.4. .8.7.AJ4 65.A9.K. QJ..85.;♠A;♥3 ♦4 ♥T ♥J ♥K;2
E;NT;N:Q.3.T4.7 3.Q8.9. J.6.6.K 8.4.3.5;♥9 ♥K ♠T;♥3;5
E;NT;N:.97.Q2.A ..5.KJ9 4.3.J7. T6.Q.4.;♣Q ♦K ♦8;♣A;3
W;NT;N:7.6.A87. 9.T.T42. K6.A8.3. .J.Q.A6;♠A;♠7;2
S;NT;N:3..Q43.K 9.Q..J52 6.43.J. .82.7.6;♦6 ♦A;♦3 ♦4 ♦Q;2
S;NT;N:4.7.73.A 3.82..J6 7.3.T8. .A.K.K2;♣8 ♦4;♣A;2
S;NT;N:73.Q.3.3 95..9.86 T..K6.2 .AJ2.T.;♥T ♣9;♥Q;4
E;NT;N:8.42.9.T 5.T..A8 A..KQ.Q 7..8.K9;♥A ♠4 ♣J;♥2 ♥4;1
N;NT;N:.T7.93.7 K94..T.K Q6.A3.A. 7.9..AT6;;♦3 ♦9 ♥7 ♥T;4
N;NT;N:K2.7.K.7 AJ.8.2.T .J2.8.J6 .43.Q75.;;♥7 ♣7 ♦K;4
E;NT;N:4.KQ7.Q. 6.T..K2 9..74.8 8.5.6.Q;♠J ♥4 ♦K;♠4;2
N;NT;N:.4.962.3 7.K32..K .86..J64 K..A54.5;;♣3 ♥4 ♦6 ♦9;1
S;NT;N:.A.Q.Q84 Q4..97.2 .7.8.75 AT.3..K;♣9 ♥8;♣4 ♣8 ♣Q;3
S;NT;N:K.62..J6 98.K9.Q. AQ..T.3 3.T.K.5;♥5 ♠7;♥2 ♥6;2
S;NT;N:K84.4.K. 6.Q62..J J9.K..5 ..76.K2;♥A ♦2;♥4;5
W;NT;N:7.Q.9.T7 82.83.2. .J2.K7.5 A.7..A2;♣8;♣T;5
N;NT;N:8.A.52.4 .K9.Q.97 .8.76.65 K4..J3.2;;♦2 ♦5 ♣4 ♥A;1
S;NT;N:7.3.3.A3 ..AK5.T8 843...K J.T7.2.;♥Q ♦8;♥3;2
E;NT;N:K.A.K.T9 3..76.7 5..AT3. .5.J.42;♦5 ♥T ♦Q;♦K;5
S;NT;N:86.7.T7. T..J54.Q .6.Q2.J 7.K..T8;♦3 ♥A;♦7 ♦T;2
W;NT;N:.K.4.AK6 J6.7.J.4 92.T.9.7 .6.KQ7.;♥2;♥K;4
N;NT;N:2..T83.3 .J96.54. J4.K.2.4 6.7.A6.8;;♦8 ♦T ♠2 ♣3;3
W;NT;N:K.T3..95 Q.72.6.6 ..AQJ52. .K5..83;♥6;♥T;3
E;NT;N:..Q.QJ52 .T4..98 3.K.T3. 92..A.T;♥3 ♠4 ♦2;♣2 ♣5 ♣J ♣Q ♦Q;1
E;NT;N:Q3.JT.8. .54.2.5 A5.3.A. .Q.9.A6;♥K ♠J ♣4;♥T ♥J;1
S;NT;N:5..J87.6 J.7.AQT. Q3.8.5. .AT.K.4;♥9 ♣7;♦7 ♦8 ♦J ♠5 ♣6;3
E;NT;N:AQ5.3..J .Q4..97 .T.T92. 98..5.3;♥5 ♥K ♣Q;♥3;4
S;NT;N:A..Q2.K2 9..4.Q86 J3.6..4 .T85..J;♦T ♥A;♦Q ♦2;4
N;NT;N:.874..86 97..743. A5.QT2.. 8.A.JT.7;;♥4 ♥7 ♥8 ♣8;2
W;NT;N:76..J.87 .5.653.4 A5.3.4.5 8..2.QJ;♠2;♠6 ♠7;3
N;NT;N:.7.T.A74 Q2.K3.Q. .96.3.53 AT4.2..K;;♣A;3
N;NT;N:.83.A85. 2..J.KJ3 .K6.T7.5 ..Q3.AQ7;;♦A ♥3 ♥8;3
N;NT;N:Q5.Q7..3 A..J93.J J.J.K.T2 K..QT.94;;♣3 ♠5 ♠Q ♥7 ♥Q;3
E;NT;N:K6..J.T2 ..KQ83. .A4.T.J J.J7..8;♣9 ♠3 ♥Q;♣T;5
W;NT;N:Q.Q7..K8 .KT2.Q.4 AJ642... .8.74.7;♠T;♠Q;5
W;NT;N:6.75..KT A.KT6.7. JT...AQ3 8.9.6.2;♣9;♣T ♣K;3
S;NT;N:J.9.J.K7 Q..A83.5 .K6.T.T .5.7.A4;♥T ♦Q;♥9;3
W;NT;N:53.K2..7 Q94..2.Q .J5.Q8.T T..J.83;♣2;♣7;1
N;NT;N:7.4.J3.T .KQT9..4 T8.5.KT. 654...K9;;♠7 ♦3 ♦J;4
S;NT;N:J8.K..72 2.A54.A. .2.Q.J8 ..2.A95;♦J ♦K;♣2 ♣7 ♠8 ♠J ♥K;1
E;NT;N:Q3.A..97 .2..AQ2 .8.82.K .T.J.T5;♥Q ♠7 ♦K;♥A;3
S;NT;N:2.6..KJ5 .5.7.T42 4.7.J3. .43.T.A;♣8 ♦9;♣J ♣K;5
W;NT;N:AT2..4.8 4..A85.6 .Q8.Q7.A 3.T..94;♣K;♣8;3
E;NT;N:4.7.5.74 Q.Q63.. .T.J.K3 652..7.;♣2 ♥9 ♥K;♣4 ♣7;4
N;NT;N:J9.2.2.2 84.4.J8. ..4.AT74 .T..KJ63;;♠9 ♠J;3
E;NT;N:72.K.6.T .87.K.J AK4...K 8.Q.A9.;♦2 ♠J ♥9;♦6;5
W;NT;N:6.6.J.62 A9.K9.4. .QT.A6.4 T3..7.K;♣5;♣6;3
S;NT;N:A..J9.65 62..KQ.Q .K2.5.9 J.T8.4.;♠3 ♦A;♠A;1
S;NT;N:K5..T.K5 T..A85.3 8.A7.J. .92.6.4;♠4 ♦2;♠K;5
N;NT;N:98.4.T.4 K3.T.AQ. .A82..T3 65..7.J7;;♥4;3
S;NT;N:72.2..A2 94.93..6 A..74.4 J.T.K.9;♥A ♦Q;♥2;4
S;NT;N:9.T76..Q 65..Q6.A 3.J4.A. J4..3.4;♣2 ♥A;♣Q;1
E;NT;N:T.A.65.8 Q2.4..4 .6.A3.A 9.3..K7;♥9 ♥8 ♦T;♥A;5
W;NT;N:Q3.J7..3 97..T63. .982.94. .Q.8.K6;♠4;♠Q;2
E;NT;N:A3.3.T.K 65.5.A. 7..J.Q7 .A2.2.T;♦9 ♣3 ♦7;♦T;4
E;NT;N:K.J6..T5 JT.K..Q .75.T6. 9.T.5.3;♠Q ♣7 ♥9;♠K;1
S;NT;N:765..Q.3 A.2.53.J .J98.2. .5.4.A5;♣K ♥A;♣3;5
W;NT;N:J.9.5.T2 95.4.T4. 4.85.AJ. 7.Q..Q4;♣3;♣T;4
E;NT;N:6.K9.Q4. 8..J92. 3..T6.Q .6..T86;♠Q ♦5 ♠K;♠6;3
E;NT;N:.8.A.QT5 .J.8.76 T.Q9..9 J.6.62.;♦9 ♦4 ♥4;♦A;5
E;NT;N:..5.AQ32 865.9.. A.J7.T. .432.3.;♦J ♣K ♥Q;♦5;4
N;NT;N:4.QT.K.Q T..96.J6 6.J73..4 A.4.Q52.;;♥Q ♣Q ♦K;5
S;NT;N:.A5.73.9 K.KQ.A2. 6.J.54. .8.8.T4;♠J ♣K;♦3 ♥5 ♦7 ♣9;1
S;NT;N:T2...J62 .J2.97.8 7.9.K6. ...KQ94;♥8 ♠A;♠2 ♠T;2
S;NT;N:7..KJ62. A.2.5.52 J4.5..T K.T7.T.;♥Q ♣Q;♦2 ♦6 ♦J ♦K ♠7;3
W;NT;N:J74..6.7 .A5.T5.5 9.3..T43 .62..A2;♣6;♣7;4
S;NT;N:2.T.A.QT K.6.T4.2 .J93.K. J...975;♠A ♦5;♠2;5
E;NT;N:9.T6.73. AQ4.K.. 6.9.42. 2.J.K.Q;♥2 ♦Q ♣A;♥6 ♥T;1
S;NT;N:6..82.A8 .A73..K5 A94..6. KQ...94;♥2 ♠8;♦2 ♦8 ♣8 ♠6;2
N;NT;N:75.Q.4.3 .964.T.4 T.K.A.KT 3.A2.8.7;;♦4 ♣3 ♠5 ♠7;4
E;NT;N:A3.J.Q5. .7.63.4 84..2.2 K2..4.T;♥5 ♠J ♦9;♥J;3
N;NT;N:5.6.A.75 A..K3.93 J4.T72.. Q.98.9.4;;♠5 ♣5 ♣7;3
E;NT;N:K...AKJ8 A8..A.6 .A.QJ5. 7.4..92;♦4 ♦9 ♥J;♣8 ♣J ♣K ♣A ♠K;2
S;NT;N:Q72.A2.. 98.7.T.J J..7.A6 3.94.K.;♥K ♠4;♥2;5
E;NT;N:T.Q.A.97 .2.62.T .94.7.3 .8..K85;♠8 ♦8 ♦4;♠T;3
E;NT;N:A3..A4.A 84...83 7.AT.8. K2.9.T.;♥J ♣2 ♥5;♠3;4
E;NT;N:6.T.6.KQ .2.AK.J 53..Q.2 92..8.7;♥K ♣8 ♥8;♥T;1
E;NT;N:.6.AT2.5 2.8.6.6 7.4.8.K .K5.K.7;♥J ♣J ♣3;♥6;2
S;NT;N:T.AK7..9 87..K.J2 .8.Q9.A J2.Q..8;♥2 ♦5;♥7 ♥K ♥A;4
N;NT;N:KT.K.A.4 .A3.6.93 3..532.A AJ4.J.9.;;♦A;4
W;NT;N:9.QT3..A A.7.Q.74 2.4.7.95 J8.K..T;♥6;♥T ♥Q;3
W;NT;N:6.T6.J8. .4.63.K5 .J9.K4.7 5.5..T9;♦7;♦8 ♦J;5
E;NT;N:65.6..Q5 Q.7.T5. K..Q.K4 43.Q..9;♠T ♠7 ♥A;♠5 ♠6;3
N;NT;N:A.K4.53. 94.9.T8. ..7.7532 5.2.A.AJ;;♥K ♠A;3
W;NT;N:Q2.QT.7. .7.A.QJ4 T.86.J.3 J..K.52;♥5;♥T ♥Q;4
S;NT;N:75.6.Q.A .3.6.K74 A3.75.. .K.T5.8;♠6 ♠T;♠5 ♠7;3
E;NT;N:A9..942. 74...Q2 5.8.5.J T.Q6..3;♠8 ♣9 ♦A;♠9;5
E;NT;N:J.98..K6 93.4..3 5..K8.8 6..653.;♣J ♠8 ♥T;♣K;5
N;NT;N:T76..5.3 2.JT7.T. .83.6.K9 3.AQ.K.5;;♠6 ♠7 ♠T;5
N;NT;N:7.2.974. J..AK8.T Q.KQ9..7 K.T4.J.2;;♥2;3
W;NT;N:J..T7.T8 5.3.KJ.J 9.J.Q.63 .4..AQ4;♥6;♦7 ♦T ♣8 ♣T ♠J;2
N;NT;N:62.9.8.4 9.K2..K7 .J8.Q6.9 T73.6.4.;;♦8;2
W;NT;N:7.T6..T3 T2..73.Q .AQ.A4.7 Q..5.98;♠8;♠7;2
S;NT;N:Q6..7.K9 K.K98..6 73..A.7 ..T5.AJ;♣T ♠4;♣9 ♣K;2
N;NT;N:KJ.K.5.Q T96...52 7.73.T.6 A3.95.6.;;♦5 ♠J ♠K ♣Q;4
E;NT;N:.KJ4.Q6. A98.2.. KJ.Q.7. 2.7.5.Q;♠6 ♣K ♠5;♥4 ♦6 ♥J ♥K ♦Q;3
E;NT;N:42.T.T.K .4.A8.A AJT...9 Q8.8..6;♥5 ♣7 ♥2;♥T;2
W;NT;N:K..Q8.J5 5.T74..Q AT.K9..K 3..2.T9;♠8;♠K;5
E;NT;N:.2.82.K6 9..7.T8 73.J5.. T84...3;♦Q ♣5 ♥Q;♦2;1
W;NT;N:AT..98.K J3.K6.6. 7..K42.A 5.984..;♣6;♣K;5
W;NT;N:94.5.T.4 J..AJ.75 3.K2..Q6 Q..K2.8;♠2;♠4 ♠9;1
W;NT;N:.7.873.3 .94..T65 A53.8..Q .T.65.A;♣J;♣3;4
S;NT;N:T65..9.3 2..J3.A5 Q.KJ..2 ..KT5.T;♥5 ♥4;♣3 ♠5 ♠6 ♠T ♦9;4
W;NT;N:T.9.5.QJ .A.Q8.53 .KJ.9.K9 K..4.T8;♣7;♣J ♣Q;2
E;NT;N:5..A84.6 9..K.A2 Q8.87.. .AQ5..J;♦Q ♥9 ♣5;♦A;3
E;NT;N:9.T.K7.9 .65.Q.T 3.8.3.2 A8.74..;♣3 ♥Q ♠5;♣9;4
N;NT;N:T4.T.2.8 .96.Q3.J KJ.5..Q7 762.Q..A;;♣8 ♥T ♠4 ♠T;3
W;NT;N:64.93..J .8.5.KT2 73.K7.T. A.5.J7.;♦Q;♠4 ♠6 ♥3 ♣J ♥9;1
N;NT;N:4.JT.2.T J..Q75.A .A.98.93 Q.K8.A.7;;♣T;2
E;NT;N:..K9.QJ2 J62.2.. KT...74 .74.J3.;♥8 ♦8 ♦T;♣2 ♣J ♣Q ♦9;2
W;NT;N:K.K4.2.4 A..J9.Q3 .6.86.JT 97..5.7;♦7;♦2;1
W;NT;N:5.Q8.5.4 .K9.6.96 3.A76..T J6..Q.7;♦2;♦5;2
W;NT;N:Q3.T9..T 54..T.J6 .3.AQ.Q5 .K6.98.;♠T;♠Q;4
S;NT;N:K2.QT..J AT.76..8 .4.6.63 Q6.A5..;♥2 ♣7;♥T ♥Q;2
S;NT;N:4.Q.J.J8 3.7.4.T5 6.5.7.4 AT..5.2;♠K ♣Q;♠4;4
S;NT;N:KJ.T9.2. Q6...T53 9...Q62 4.5.Q7.;♦J ♥Q;♦2;5
S;NT;N:KQ7.T..4 AT.75..A 6.8.4.Q .3.QT3.;♥9 ♠3;♥T;2
S;NT;N:KT.5.Q8. 9..J96.5 .82..Q2 A7.3.5.;♣4 ♠3;♦8;3
N;NT;N:J.7.97.7 .AT.J.54 Q.3..QJ9 83.Q94..;;♣7 ♠J;4
E;NT;N:J..T54.J .65.K.6 6...K72 7.7..T8;♥T ♥9 ♠5;♦4 ♦5 ♦T ♣J ♠J;1
E;NT;N:Q6..32.5 .9.7.84 J..Q86. 75..T.A;♥7 ♥6 ♣Q;♦2 ♦3 ♠6 ♣5 ♠Q;1
S;NT;N:A2..8.A2 .97.9.QJ Q.64..T ..75.K6;♥A ♥T;♣2 ♦8;4
E;NT;N:AK52.8.. ..AJ.AK .3.T97. 7.K.3.J;♥7 ♣8 ♣T;♥8;5
N;NT;N:.A9.Q7.8 ..4.QJ64 5.J3.3.5 Q.4.A8.K;;♥9 ♥A ♣8;2
E;NT;N:8.Q86.K. T3.A.J. 6..9.Q6 5.K2.Q.;♠J ♣A ♣9;♠8;1
S;NT;N:Q53..9.8 .Q.J72.4 8...KQ7 .K5.A.J;♥8 ♥9;♠3 ♠5 ♠Q ♣8 ♦9;1
E;NT;N:.AJ2.J7. 9.Q.4.9 5..9.K6 Q7...72;♦2 ♥9 ♣5;♦7 ♦J;5
S;NT;N:J.A.Q52. .T9.J6.5 .752..6 T7.8.7.;♣3 ♣8;♦2 ♦5;3
E;NT;N:82.8.K.6 .A.75.4 .6.63.A J.7.A8.;♥5 ♥J ♥9;♥8;2
S;NT;N:J2.3.A2. 3.6.9.T7 8..Q84. K.A..43;♣J ♦6;♥3 ♠2 ♦A ♠J;4
W;NT;N:K.52.A2. 3..K8.J5 9.AT4.9. .93..92;♣7;♥2 ♦2 ♥5 ♠K;2
S;NT;N:65...Q92 .KQ..AT4 93..A6. K87.T..;♥8 ♣3;♣2 ♣9 ♠5 ♠6;1
W;NT;N:.8.K72.3 4.Q.Q.52 2.4.T6.8 J83...J;♦5;♦K;3
S;NT;N:Q..A32.T AKT4...A 8.4..J7 92..8.Q;♦T ♠3;♦2 ♦3;2
E;NT;N:.AKQ.K.3 T.8..T7 3..J2.9 K.4.85.;♠9 ♠J ♦7;♣3;5
N;NT;N:QJT..A5. 4..3.K43 K9.4.Q.5 83..9.62;;♦5 ♦A ♠T ♠J ♠Q;5
S;NT;N:A.4.5.K5 Q7.5.A.8 T.8.92. J.7..72;♠3 ♠9;♠A;3
W;NT;N:.4.J2.J9 43.K5.5. 72..A7.K J8..83.;♦6;♦2;4
N;NT;N:2..K2.KJ K.T8.6.9 AJ..Q.82 .A.85.AQ;;♠2;4
N;NT;N:4.8.3.T5 96.7.7.8 Q2.5.4.A .T6.K2.J;;♣5 ♣T ♠4;2
E;NT;N:87.KQ7.. 6.T3.7. ..8.Q32 2.5..K8;♣4 ♥2 ♦5;♥7 ♥Q ♥K ♠7 ♠8;2
E;NT;N:82.3.64. .T.A.97 4.9.T.A 97.5.J.;♠J ♣Q ♣3;♠2 ♠8;1
S;NT;N:T2.J4..A 7.Q.6.83 K..8.64 A.T83..;♦T ♦2;♠2 ♥4 ♠T ♥J;3
S;NT;N:.Q86.8.K KT62.9.. .T.52.3 .7.Q4.6;♥3 ♠7;♥Q;4
W;NT;N:A.K4.J7. 86..4.QT Q5.7.3.4 K.8.A.J;♣8;♥4 ♦7 ♦J;2
S;NT;N:.Q3.7.98 T7.K7..K J6.A..A ..865.J;♥2 ♠8;♥Q ♥3;3
N;NT;N:.53.K4.Q J6.K..84 Q5.9.J.T A3.4.9.5;;♣Q ♦4 ♦K;3
W;NT;N:2.Q.K.73 J.5.65.5 .J9.T.Q9 63.2.9.;♠T;♠2;4
S;NT;N:K.A65..Q JT4.9.4. .J7.6.A Q.KQ.A.;♣3 ♦T;♣Q;3
E;NT;N:A.4.3.Q7 ..972.J 94.Q.8. J.983..;♥2 ♣5 ♦4;♥4;4
W;NT;N:.T6..K53 J65.5.8. .7.K54.7 .8.A3.J;♥K;♥6;3
S;NT;N:82..T8.3 6.Q8.6.6 Q.42..7 J.A.5.K;♣A ♦A;♣3;3
W;NT;N:9.QJ.8.3 2..KJ.K8 A.T7.2.4 T.9.A9.;♥8;♥J ♥Q;3
N;NT;N:85.6.K.Q .KT.QJ.7 72.9.8.2 9..42.A9;;♠5 ♠8;2
N;NT;N:2.T8..42 A.96..86 63.A4.3. Q9.Q3..7;;♠2 ♣2 ♣4 ♥8 ♥T;2
S;NT;N:Q87.9..8 3.J842.. .5.8.T9 .AK.6.3;♠5 ♣A;♠7 ♠8 ♠Q;5
S;NT;N:.92.J4.A T.7.6.Q3 Q2.K6.. A.J.7.T;♣2 ♦T;♣A;5
W;NT;N:KT.93..2 J5.K.Q.3 A7.4.82. 62..T.T;♣4;♣2;1
S;NT;N:J8.6.A.A T..5.743 .A74..8 .T.4.KQ;♣6 ♦Q;♣A;5
W;NT;N:97.4..AQ 6.Q7.2.9 4.6..862 .J.7.J4;♦A;♥4 ♠7 ♠9 ♣Q ♣A;1
W;NT;N:Q.3..J42 K2.4.4.6 T6.K7.7. .A52.J.;♠7;♠Q;2
W;NT;N:K.AQT..5 A.J873.. 7.K..QT7 6..76.K;♣6;♣5;4
N;NT;N:J.T9..75 AK..T75. 4.A873.. .K2..AKJ;;♣5 ♣7;2
S;NT;N:.K7.2.K3 6.J3.T3. T.52.9. 4.Q..Q9;♥8 ♦K;♥K;3
S;NT;N:T9.J.6.6 65.93..7 4.7.7.A 8..QJ.5;♣2 ♦9;♣6;3
N;NT;N:4..A94.Q 8.J.QJ.5 K.4.3.J6 2.763.K.;;♦A ♣Q;4
W;NT;N:6..T5.A9 J.6.8.74 4..Q9.K8 72.A..5;♠3;♠6;1
N;NT;N:.A4.Q.T6 3.J7..Q5 976...98 Q.86.6.K;;♣6 ♣T ♥A ♦Q ♥4;2
W;NT;N:K6.6..J5 Q.A.Q.92 JT.75.K. 83.3..6;♣Q;♣5;3
W;NT;N:.3.QJ8.A 3.8.2.T8 A8.J.T5. KQ6...5;♠7;♦8 ♥3 ♦J ♦Q ♣A;5
N;NT;N:A.6.8.63 .75.J7.T K.KT2.3. .J.T52.9;;♥6 ♠A;4
N;NT;N:2.9.K.A5 .T4.8.QT J.7..874 AQ.Q.7.K;;♦K ♣A ♥9 ♠2;2
E;NT;N:82.Q..83 A.T8..T 7...A64 Q.4.5.9;♣K ♦4 ♠3;♣3 ♣8;3
S;NT;N:.T.A75.9 K..J.KQ7 .J5.2.2 J5..96.;♠3 ♠Q;♦5 ♦7 ♣9 ♥T;1
E;NT;N:K.63.J.Q 643...9 .Q4.A.5 T7..3.K;♥8 ♣T ♦K;♥3 ♥6;3
W;NT;N:.K8.K5.A .T7.4.T2 Q5.6.6.3 J.J.8.4;♥2;♥K ♥8;4
E;NT;N:.J2.9.65 JT..4.A .3.KQ.7 4..J7.T;♣K ♦2 ♥K;♣5 ♣6;1
W;NT;N:J5.K4.9. 74.6.7.7 K..Q86.9 .Q7.5.3;♣5;♥4 ♠5 ♦9 ♥K ♠J;5
E;NT;N:.K8.A8.J 52..76. 8.A.T.3 .Q4.5.Q;♠9 ♣8 ♠K;♦8 ♣J ♦A ♥8 ♥K;3
W;NT;N:AT..KQ.A 82..8.64 3.2.65.J 6.93.3.;♦T;♦Q ♦K;5
W;NT;N:42...JT4 Q.3.K6.Q .42.QT.3 3.9.3.9;♣5;♣4 ♣T ♣J;1
S;NT;N:74.4..T8 K.J8.9.Q 6.9.7.9 8..8.J4;♥Q ♦4;♥4;1
W;NT;N:7.6.KJ6. 9.Q.Q32. .KT.T5.2 J.A83..;♠6;♠7;2
N;NT;N:K3..Q76. 92.6.4.A Q.2..Q82 86..9.J9;;♦Q ♠K;4
N;NT;N:AQ4.5.5. T.A.KJ7. .4.A9.65 .K..AQ93;;♠Q ♠A;4
N;NT;N:.AK.72.2 9.6.6.98 65.5.KQ. .2.8.AJT;;♦2 ♦7 ♥K ♥A;4
N;NT;N:J.8.9.K2 T74.3.7. .5.K64.A 9.K.T8.J;;♠J;5
W;NT;N:97..A.85 AK.A.3.K QT.32.Q. .K.KT.Q;♣J;♣5 ♣8;1
S;NT;N:A9..5.K3 T8.873.. 3.Q..Q8 J74...7;♦8 ♦4;♦5;5
W;NT;N:T8.J.AK. 42.Q42.. A.K.7.A5 J.8.95.;♣Q;♠8 ♠T ♥J ♦K ♦A;5
N;NT;N:87.Q.6.6 K.7..T74 A2..K.98 .J9.72.J;;♠7 ♠8 ♣6 ♥Q ♦6;4
W;NT;N:T.7.K8.A .9.AQ.94 .J86.4.K K8..92.;♥3;♥7;4
W;NT;N:.J4.J5.9 J8..3.73 A.3.AK.8 .A86..K;♣6;♣9;4
N;NT;N:.87.K65. AK.T..98 5.K..KT6 2..J2.75;;♦K;5
S;NT;N:.AK8..AK 2.7.A.62 AK5...4 93..Q2.;♠J ♣5;♥8 ♥K ♥A ♣K ♣A;5
E;NT;N:8.72.J4. Q.64.6. A.J..98 ..T3.K3;♦5 ♣5 ♠9;♦J ♦4;3
S;NT;N:43.Q.QJ. 2.74..J5 9.86..2 .K.87.8;♣6 ♠K;♠3 ♠4 ♥Q ♦J ♦Q;2
N;NT;N:8.K.7.J3 K.6.Q82. 7..K.765 96.J85..;;♦7 ♥K ♣3 ♣J;5
E;NT;N:QT..5.T9 A.6.AJ. 6.T3..2 .A5.6.7;♠8 ♣8 ♥2;♠T ♠Q;3
N;NT;N:A932.4.. K.T2.7.2 .A3.A5.K .KQ8..Q3;;♠A;5
N;NT;N:.3.QT2.4 3..J84.K .A8..T82 6.T.K.J7;;♥3;2
S;NT;N:72.3.2.3 95.T2..7 86.8.3. 4.KJ..6;♥A ♦6;♥3;2
E;NT;N:A3.K.Q.4 .94.A.9 6..T93. 74.T6..;♣T ♦J ♣7;♣4;2
S;NT;N:8.AT.T3. J.Q.K.75 4.93..4 .K6.4.3;♣2 ♠6;♦3 ♥T ♠8 ♦T;1
E;NT;N:T6.4..J2 K..4.AQ .A.986. .K..K84;♥6 ♥9 ♠4;♥4;5
S;NT;N:K9.3.KT. T62.8.2. 7.QJ..T 4..8.65;♣4 ♥5;♥3 ♠9 ♦T ♦K;5
E;NT;N:8.AKT..J .5.JT.A 2.J..97 K6..AQ.;♥4 ♥2 ♠5;♥T ♥K ♥A;3
N;NT;N:7.T8.4.T 8..AT53. JT93..8. K.Q9.Q.7;;♣T;1
E;NT;N:T.9.AKQ. .A..J73 Q..72.K 86.2..A;♠3 ♥3 ♦8;♠T;4
N;NT;N:QT..K.AJ 3.7.J.84 92..A.65 J4.9.Q2.;;♦K ♣J ♣A;5
E;NT;N:3.K8..Q2 54..3.T 7.3.Q.A .JT6.J.;♦8 ♣8 ♦5;♠3 ♥8 ♣2 ♣Q;4
W;NT;N:73.85.K. 62.2..62 85.A7.8. 4.3.74.;♣8;♠3 ♥5 ♠7 ♥8 ♦K;4
S;NT;N:.Q6.6.95 .874.8.3 8..J2.4 T7.KT..;♦Q ♣Q;♦6;5
N;NT;N:J92.T..6 .984.Q.5 .K62..93 7.Q75.T.;;♣6 ♠9 ♠J ♥T;5
E;NT;N:A..6.972 .J3.KQ. J4.Q..6 K..J2.5;♦4 ♥7 ♣K;♦6;5
W;NT;N:Q5.6.7.A J6.83.9. AT.Q.3.3 3...982;♥A;♥6;3
E;NT;N:T6..4.83 Q2..3.Q KJ.7.8. 5.9..AJ;♦2 ♦A ♠4;♦4;3
S;NT;N:3.T.Q.T2 6.4..653 9.Q3.9. T..AJ5.;♣8 ♥7;♣2 ♣T;3
E;NT;N:3.K.6.KT 42..AK. 5..73.2 8.52..4;♦8 ♣3 ♣8;♦6;1
S;NT;N:.J76.J.9 4.KT3.K. Q6..5.6 9.54..K;♣7 ♦A;♣9;2
W;NT;N:A2...J54 T8.8.JT. ..3.KT32 J5.4.Q.;♦K;♠2 ♣4 ♣5 ♣J;2
S;NT;N:4.A5..JT QJ3.3..Q ..A53.A .T94.8.;♦T ♥6;♥5 ♠4 ♣T ♣J ♥A;5
E;NT;N:.5.T.K54 .T.65.T A8.6.A. J4.J9..;♠K ♣3 ♥8;♣4 ♣5 ♥5 ♦T;2
W;NT;N:.2.73.75 5.8.54.Q J4..AK.A T.65..2;♥T;♥2;2
W;NT;N:Q.8.74.9 .J4.3.86 A.3.J2.5 73.A..J;♦T;♦4 ♦7;3
N;NT;N:.T2.53.9 542.J.9. 7..K.T85 986..T.2;;♦3 ♦5 ♣9;4
N;NT;N:64.T5.5. .A4.4.T8 2..9.K65 QJ8...43;;♦5 ♥5 ♥T;3
S;NT;N:.8.T54.T 5.2.A8.9 K.K5.K. .Q3.3.A;♥T ♥6;♥8;3
W;NT;N:76.2.3.3 9.5.K.J7 T5.4.A.4 42.8.2.;♦T;♦3;3
E;NT;N:8.T.JT.T 3..2.76 .Q4.8.5 .KJ8.6.;♠Q ♣A ♥5;♠8;3
S;NT;N:K.J2.T.8 2.K7..J7 J.4.Q9. T.9..T6;♥8 ♣5;♥2;2
N;NT;N:.632..A8 854...Q3 QJT.7.J. A9.98.5.;;♣A ♥2 ♥3 ♥6;2
E;NT;N:K.Q2.9.7 9.KT.6. 2..T2.9 .4.Q8.4;♠6 ♦5 ♦4;♠K;2
W;NT;N:5.2.Q86. 73..72.6 8.75.J.K A2...A5;♥4;♥2;5
W;NT;N:AJ8.A.2. .54..632 .KQ6.3.A 3.8.K.J;♠4;♠8 ♠J ♠A;4
W;NT;N:Q4.Q5..6 83.J.86. .3.QT2.A T76..4.;♥T;♥Q;5
E;NT;N:A..K6.65 Q.64..9 .75..Q2 K3..T3.;♥3 ♠7 ♥A;♦6 ♣5 ♣6;4
W;NT;N:9.5.AJ2. K5..5.32 73.K6..5 Q86.8..;♠J;♠9;1
E;NT;N:7.AT..Q9 .76..43 Q..Q.KT 8.K8.5.;♠9 ♦A ♦J;♠7;4
S;NT;N:A6.A.T.9 KJ5.83.. .K.5.76 2..A8.J;♦7 ♥7;♦T;3
E;NT;N:A..6.AK5 7.K..84 ..AK73. QT..4.6;♠8 ♥T ♠4;♠A;5
S;NT;N:..743.42 AJ..8.AK 5.A.J.9 Q..AK6.;♥J ♣Q;♦3 ♦4 ♦7 ♣2 ♣4;2
W;NT;N:T3.Q4..T 7..5.K92 K..4.AQ7 5..J32.;♦7;♠3 ♣T ♠T ♥4 ♥Q;1
S;NT;N:K.7.A3.5 AJ.K4.8. 6.6..64 .AJT..9;♦J ♥3;♦A;2
N;NT;N:.J.KQT.Q A.K.72.9 J87.T.6. .6.J3.KT;;♦Q ♦K;3
N;NT;N:2.32.3.7 J9.J4.Q. AT4.5..A 3.7.75.3;;♠2;4
N;NT;N:982..4.2 .A..AT85 63.7.KQ. J.8.52.6;;♦4;2
S;NT;N:5.KQ5..K 9.J.K9.7 2..T.Q6 7.8.4.2;♥6 ♥4;♥Q ♥K;4
W;NT;N:..Q96.A3 AJ7..AJ. K.A4.42. 96.3..9;♠2;♣3 ♦6 ♦9;1
N;NT;N:4.T974.. T..JT5.K AK96.A.. .6..A632;;♠4 ♥4 ♥7 ♥9 ♥T;5
W;NT;N:..QT6.T9 5.T.95.4 A9.965.. 6.K8..7;♦2;♦T ♦Q;5
S;NT;N:T6.9.8.K 3.K..T62 4.Q3.4. 7..K.J7;♥J ♥6;♥9;3
N;NT;N:J..4.KT7 52.8.Q.J A..T6.Q4 83.9.K5.;;♠J ♣7 ♣T ♣K;4
E;NT;N:5.QJ.8.6 Q.43.A. .6.5.AQ 3.T.J9.;♦7 ♣4 ♥A;♦8;5
S;NT;N:7..AT.J4 8.AK..Q7 9.4..53 3.T83..;♠2 ♠T;♠7;1
W;NT;N:Q62.5.3. T.6.T.AJ K7..J.62 94.8..5;♥2;♥5;2
S;NT;N:76.6..K2 T98.J5.. .Q9.7.3 K.AK.A.;♣5 ♦Q;♣2 ♣K;2
N;NT;N:K4..J9.3 62.5.5.7 5.8..T94 .KQJ.7.6;;♣3 ♦9 ♦J ♠K;5
N;NT;N:A9..42.9 875..Q.6 3.75.A.4 4..76.32;;♦2 ♦4 ♣9 ♠9 ♠A;5
E;NT;N:J83.T4.. 72..T.2 .6.8.54 5..75.3;♣7 ♠9 ♦6;♠3 ♥4 ♠8 ♠J ♥T;3
N;NT;N:.A8.JT8. A7..A5.2 JT8..2.9 .9..Q754;;♥A;2
S;NT;N:.8.T9.53 98.T.J7. A6..8.6 3.K2..7;♦Q ♥6;♦9 ♦T;2
E;NT;N:KQ8.43.. 6..T5.8 .AQ..K4 T.J.A4.;♥9 ♠3 ♦6;♥3 ♥4;2
N;NT;N:T6.AT8.. K83.6..J 4.2.4.KT 7.Q.9.52;;♥A;3
E;NT;N:8..K53.9 7.Q.6.7 3.K9.A. KT6..J.;♥4 ♦T ♣3;♦3 ♦5 ♦K ♠8;1
N;NT;N:QT.4.72. A8...AJ4 9.2.9.K2 72..J.Q7;;♠T ♠Q ♦2 ♦7 ♥4;2
N;NT;N:9.95..85 KQ.J6..T AT..9.K2 5.8.872.;;♣5 ♣8;5
W;NT;N:A54.9..7 9.Q.T65. .A.Q7.Q6 73...A4;♠K;♠A ♠4 ♠5;3
E;NT;N:.7.AJ4.Q 3.KQ..K Q..9.93 97..KQ.;♣J ♠J ♣2;♣Q;3
S;NT;N:QT32...3 4..A5.Q6 K.7.Q.K J8.53..;♦J ♦T;♠2 ♠3 ♠T ♣3 ♠Q;4
S;NT;N:KJ..82.5 874.K.A. ..Q.732 3.T5.4.;♠2 ♥3;♠J ♠K;5
N;NT;N:.K9.A.T5 4.3.98.4 K.J7.Q.6 3.8.KJ.9;;♥9 ♥K ♣T ♦A;5
S;NT;N:3..KQ.A5 .J9.A.76 Q8...Q9 7.3.3.4;♣8 ♠5;♣5 ♣A;5
W;NT;N:2.8.AK8. .Q.5.752 J.AT.7.T 8.J.J.8;♦T;♦K ♦A;5
N;NT;N:K.7.K.63 4.A5..T5 .K64.Q.A 93.J.T2.;;♥7 ♦K ♠K;4
W;NT;N:98.5.Q.A KQ.J.8.2 .AT4.K6. .K6.J4.;♠3;♠8 ♠9;3
S;NT;N:6.AT.Q4. A.J..742 T.8..K3 Q..T7.T;♦2 ♠3;♦4;4
E;NT;N:AT.Q.4.3 J..KT.2 .6..AKQ 5..A8.8;♠2 ♥A ♦6;♠T ♠A;5
E;NT;N:97.76.5. 62...Q8 JT.K.T. A.82.3.;♣6 ♣4 ♣2;♥6 ♥7 ♦5 ♠7 ♠9;1
W;NT;N:.J4..765 K72.Q.Q. A84.6..A Q.97.9.;♥K;♥4;2
W;NT;N:Q.AT..K5 4.Q8.T3. J9.6..J7 A5.52..;♣3;♣K;4
S;NT;N:.8.T5.K6 K.2.2.QT T8.4.4. 6.6.J.4;♠4 ♣8;♣6;3
E;NT;N:.52.K5.5 5..2.AJ 4.74.A. 3.T9..9;♦8 ♥3 ♣3;♦K;2
N;NT;N:4.QJ.6.4 T2.T6.8. .2.97.53 85..KT3.;;♥J ♥Q ♣4;4
S;NT;N:Q.Q5.J.7 32.J9..T 9.A.K.3 7.4.8.6;♣9 ♠A;♣7;3
E;NT;N:Q.T9.A.4 T2..7.K J.A75.. 4.K..87;♠6 ♠K ♦4;♠Q;5
N;NT;N:7.T8.J.5 J.32.A.3 5.5.65.Q Q...8742;;♠7 ♦J ♥8 ♥T ♣5;3
N;NT;N:7.Q.7.Q5 9.8.83.4 QT5.A..2 A86.9.9.;;♥Q ♠7 ♣5 ♣Q ♦7;3
N;NT;N:.K.6.KJT A.Q94.3. JT3..5.4 Q.AT.82.;;♣T ♣J ♣K;3
N;NT;N:J42...43 Q.T8.Q6. 7..43.T6 5.96.7.8;;♣3 ♣4;2
E;NT;N:53.Q..K4 Q.7..86 9.3..J9 ..A5.QT;♦7 ♠7 ♠A;♣4 ♠3 ♠5;2
N;NT;N:5.4.J.83 6.K.A65. T7.A9.8. 8.3.7.A6;;♥4 ♠5;4
W;NT;N:9.865.3. K6.AQ..A 4.T.92.6 ..Q854.;♦7;♦3;1
N;NT;N:.QJ42..4 7.8.94.T 6.K6.Q.7 2..J2.86;;♥2 ♥4 ♥J ♥Q;5
N;NT;N:9.3.T82. .6.A3.83 3.JT7..7 4.9.KJ.T;;♥3 ♠9;4
N;NT;N:J5.K.9.6 Q2..QJ2. 8.T2..Q8 .86.64.7;;♥K;4
N;NT;N:6..3.AK9 KT..K4.5 A.J5.8.Q QJ4.2.A.;;♠6 ♣K ♣A;5
W;NT;N:K.7.7.72 2.8.J64. 9654...5 .K.K.Q6;♥4;♥7;1
N;NT;N:.Q6.Q.J5 3.9.87.K T.53.J.4 8.T4.K6.;;♣5 ♣J ♦Q;2
E;NT;N:98.T7.8. J2..KQ. 3.8..KJ ..J.T84;♦7 ♠Q ♥J;♦8;4
N;NT;N:Q9.8..86 3.9.QJT. 62.K.A6. J.Q5.2.9;;♠Q ♥8 ♣6 ♣8;4
S;NT;N:2.43.8.K 3..KT.53 764..7. Q.J.53.;♣Q ♦6;♣K;1
N;NT;N:2..A5.94 8.AQ4..6 4.K.9.A7 T..K2.K5;;♠2 ♣4 ♣9 ♦A;3
W;NT;N:3.K83..5 J.T2.84. K..5.832 5..K6.9;♥Q;♥K;2
E;NT;N:AK4..3.6 5..2.T2 .A2..A5 3..T5.9;♥T ♣3 ♠7;♠4 ♦3 ♣6 ♠K ♠A;2
N;NT;N:J..A3.93 A.AKJ.T. T76.7.2. Q85.2..7;;♦A ♣9;4
N;NT;N:.Q92.6.T 6.8..532 T.T..764 K2.K.Q9.;;♣T;1
N;NT;N:A.A6.Q.K 6..7.A54 J7..J4.3 9.J.K3.T;;♠A ♥A;3
S;NT;N:.AT62.2. .J94.3.7 8..8.A9 Q..K5.6;♠2 ♣5;♥2 ♥6 ♥T ♦2 ♥A;3
S;NT;N:AQ.6.A.4 2..2.863 6.3.4.K 3..T5.2;♦3 ♣A;♦A;5
N;NT;N:3.KT4..K .A.972.6 T96..K.A 74..J4.7;;♣K ♠3;5
S;NT;N:64..9.J7 .A75..53 K9..J4. 8.98..9;♦8 ♠7;♦9;5
W;NT;N:.T75..A3 5.9.T3.K Q..A.T98 A.82.2.;♦5;♥5 ♥7;5
E;NT;N:4.T.87.J Q2.2.6. .KQ8..4 8..T9.8;♣T ♣K ♠6;♣J;4
E;NT;N:A9.AQ..J ..743.Q .9.J8.8 .4.9.T5;♥8 ♥5 ♥6;♥Q ♥A;4
W;NT;N:.KT9..96 .Q4.9.53 T7.7..Q8 .A.Q3.T;♥2;♥K;5
W;NT;N:.A.84.QJ 6.3.97.8 AQ.QJ5.. .7.Q65.;♠9;♦4 ♦8 ♣J ♣Q ♥A;5
N;NT;N:..8.A532 A3.42.6. 9.K9.9.8 7.8.75.K;;♦8 ♣A;5
N;NT;N:9.A3..92 83..K.63 K6.8.Q.K .4.A63.5;;♣2 ♣9 ♥3 ♥A ♠9;5
W;NT;N:Q4...742 2..Q9.K3 ..874.A9 8.J5.K.;♣6;♣2 ♣4 ♣7;2
N;NT;N:T.Q.54.9 8.A2.T.7 AK2..A.8 64..8.A3;;♦4 ♦5 ♠T;4
E;NT;N:.A7.J.83 5.5.A.J QT..5.4 .6.4.Q2;♣9 ♦7 ♦8;♣3 ♣8;1
N;NT;N:..KT.QJT T8.76.8. 3.QT.7.8 5.AJ.9.7;;♦T ♦K ♣T ♣J ♣Q;5
W;NT;N:8.86.2.T T9..6.84 62.T3..A ..KQJ4.;♥9;♥6 ♥8;3
N;NT;N:..AJT.T6 K54.8..Q J.J.743. .Q5.K.AJ;;♦A;3
S;NT;N:J.Q6.32. 6..A.987 KQ8..6. 4.K.9.2;♣J ♦7;♦2 ♦3 ♠J ♥6 ♥Q;4
E;NT;N:A..3.J75 K9.5..A 6.4.95. T4.92..;♥3 ♦A ♣9;♣5 ♣7 ♣J ♦3;1
N;NT;N:T..753.4 2.T4..52 K9.5.2.8 AQ.A7..T;;♦3 ♦5 ♦7;3
S;NT;N:3..963.8 5.8.7.A9 ..K84.2 .A.2.76;♥2 ♣4;♦3 ♦6 ♠3 ♦9 ♣8;1
S;NT;N:7..Q8.92 .J8..J87 KJ..5.4 .T4.KJ.;♦4 ♣6;♦8 ♦Q;3
S;NT;N:532.7.8. .92.K.74 Q7...T5 .J86..6;♦Q ♥K;♦8;1
S;NT;N:Q.976.2. 6.2.Q9.6 .A.J3.7 972.T..;♦A ♦K;♦2;4
N;NT;N:7..3.943 2.T7..K8 T.4.T.Q2 9..Q2.J7;;♠7 ♣3 ♣4 ♣9;2
N;NT;N:.T7..AK2 J4.9.K.3 5.A542.. K6.6.2.8;;♥7 ♥T ♣K ♣A;5
N;NT;N:.Q8.3.T4 7..Q96.A 96.6.K5. J4.3..Q6;;♥8 ♥Q ♦3;3
N;NT;N:AJ4.9.8. 5.A..KT9 .Q4.K2.5 K.T2.97.;;♠A;4
S;NT;N:8.Q2.2.A .3.7.T52 AT.6..8 ..K6.73;♠4 ♣K;♠8;5
E;NT;N:Q.J8..J7 .K.54.4 .5.JT.2 T7.4.9.;♠4 ♠3 ♦8;♠Q;4
W;NT;N:3.QT.A.8 K.J3..Q3 2.9.2.J6 8.K7.6.;♥2;♥Q;2
E;NT;N:K9.4.J.5 Q.3.K.6 ..87.A4 .9.53.8;♠2 ♥K ♥5;♠9;4
E;NT;N:54.2.6.8 .6.T84. .9.72.7 A.4..K6;♦Q ♠8 ♦3;♦6;1
W;NT;N:9.AT.T.9 .83.973. 62.9..62 .J7.J.8;♦6;♦T;4
E;NT;N:7.T3.J3. AT..T.3 ..A7.J6 QJ.9.6.;♦9 ♠5 ♥8;♦J;5
S;NT;N:3.J..JT8 K.A.64.6 AQT6... ..K85.5;♣2 ♦3;♣8 ♣T ♣J;5
W;NT;N:753.5.3. KJT.43.. ..JT.J54 A.J.9.K;♦4;♦3;2
E;NT;N:.T6.K5.2 ..8.KJ7 Q8...AT T9.9.3.;♣Q ♥7 ♦A;♣2;3
W;NT;N:3..QT.92 ..532.K8 K.KT3.7. 4..A.J7;♥8;♣2 ♠3 ♣9 ♦T ♦Q;4
N;NT;N:9.764..6 K2.85..9 ..J4.J72 ..Q95.53;;♣6;3
S;NT;N:Q97.5..9 5.A.K.QT .T.2.K8 ..4.743;♠K ♠3;♠7 ♠9 ♠Q;2
S;NT;N:7.AQ..T3 KQ.73.5. .6.KQT. T4.5..6;♣Q ♦A;♣3 ♣T;5
E;NT;N:4.987.3. 2.Q3..4 T8.J.J. 5.2.9.Q;♣5 ♣A ♥5;♦3 ♥7 ♥8 ♥9 ♠4;4
E;NT;N:.96.T3.6 Q4.KT.. 7.7.7.7 A.A..Q3;♠6 ♠K ♣A;♥6 ♥9 ♣6;3
S;NT;N:5..A72.Q Q4.K.8.4 K.QT5.. .A6.Q.7;♦K ♥J;♦2 ♦7 ♦A;3
N;NT;N:K.54..Q5 .3.A2.87 5.2.54.4 84.A9..A;;♣5;2
W;NT;N:QT.T72.. J..7543. K96.A..7 .84.Q9.;♦8;♥2 ♥7 ♥T ♠T ♠Q;2
E;NT;N:.A4.J8.9 7...543 .6.QT5. .97.9.A;♣8 ♥2 ♠5;♣9;5
E;NT;N:K.QJ.53. AQT...Q 93..8.T 6.K6..6;♠2 ♦4 ♦T;♠K;2
N;NT;N:KJ5..96. 8.T.53.8 42.8.J.5 ..AT.QJ6;;♠J ♠K;3
S;NT;N:2..8.AJ6 .Q7.AQ.Q .K.7.43 .52.43.;♥3 ♦6;♣6 ♣J ♠2 ♦8;2
E;NT;N:52.3..AK QJ7..5. T.7.8.2 K.K.A.6;♣5 ♦4 ♥Q;♣K ♣A;2
E;NT;N:J53.3..K .KT.3.Q AQT6... ..9.JT8;♠4 ♦7 ♦4;♠5 ♠J;5
W;NT;N:T.Q5.82. .7.J95.A A8.4.T.Q .6.7.T6;♣3;♦2 ♥5 ♦8 ♠T;1
E;NT;N:8.A.A.86 AK.9.Q. J65...A 2..J7.5;♦5 ♣T ♠T;♦A;4
S;NT;N:Q6.8.6.J J..7.653 AK.T.T. 92..A5.;♥9 ♦9;♥8;4
E;NT;N:.A.97.K5 5..J53. A6.9..7 .Q.2.98;♦8 ♠7 ♥2;♦9;3
W;NT;N:.3.T8.J6 .74.2.72 A5.K8.J. Q.J.73.;♠K;♥3 ♣6 ♣J ♦8 ♦T;4
N;NT;N:..J7.J54 83.76..2 QT4..63. K.J.5.A8;;♦7 ♦J;2
N;NT;N:.75.A.T7 5..KQ2.9 72..93.J QT9..J.8;;♣7 ♣T ♦A ♥5 ♥7;5
W;NT;N:82.A2..7 ..854.J6 ..Q73.94 .54.2.Q;♦T;♥2 ♣7 ♠2 ♠8;2
E;NT;N:8.A6.62. 2..T5.6 .J5.J.T .K9..74;♦8 ♥3 ♠K;♦2 ♦6;4
S;NT;N:Q6.9.94. 5.86..KQ .T.6.93 8..A.76;♥4 ♥3;♥9;3
W;NT;N:8..K2.J4 6.52..85 ..86.963 .A9.J.2;♦A;♦2;2
N;NT;N:T7.T..52 .J.A5.A4 .5.T72.K AK.2.4.9;;♥T ♣2 ♣5;1
W;NT;N:6.9.AJ.4 QJ.J3.5. 5.K.Q.97 4.AT6..;♣6;♣4;4
S;NT;N:.A.652.9 T7.J.Q3. 2.9..A2 K.5.K9.;♦8 ♥6;♦2 ♦5 ♦6;1
N;NT;N:6.QJ8..2 5..742.9 K.T.3.J3 9.A63.J.;;♠6 ♣2 ♥J ♥Q ♥8;3
W;NT;N:82.T4.7. .AKQ7..4 A6.5.5.J J4.3.4.;♠K;♠2 ♠8;3
N;NT;N:K.83..K4 AT9.4.8. ..J92.QT ..53.AJ9;;♥8 ♣4 ♣K;3
W;NT;N:Q.T.4.Q5 K7.2.7.K J8.K.6.3 53.8..9;♠T;♠Q;2
W;NT;N:.2.AQ9.8 K8..K8.2 65.Q7..Q ..J.A65;♣K;♣8;1
N;NT;N:J..54.32 5.J53.9. K..QJ2.4 ..T.AJ85;;♦4 ♦5 ♠J;4
N;NT;N:8.5.32.5 J..J.972 4.A.KT.Q 65.T8..J;;♦2 ♦3 ♣5 ♠8 ♥5;4
E;NT;N:3..AT.K4 9..73.9 ..K.AJT J.5..Q2;♥Q ♥3 ♠7;♠3 ♦T ♣4 ♦A ♣K;2
S;NT;N:A2.4.5.3 8.K.2.85 .9.A74. 7.3.Q.J;♦8 ♦3;♦5;4
S;NT;N:T6.4.6.2 K542...5 8..75.J .75..84;♣9 ♣3;♣2;4
W;NT;N:A.KQ.76. .T2.98.4 J.75.32. .9.K.A2;♠K;♠A;3
N;NT;N:.J3.K3.Q J3.T8..7 7.42.2.A 92..QJ.6;;♣Q ♥J ♦K;3
S;NT;N:9..4.A84 .K92.T.7 KQ..J.T ..Q8.K5;♠2 ♠3;♠9;3
E;NT;N:.5.8.A53 .6..KQ9 .9743.. 52.J.3.;♠3 ♠9 ♠T;♣3 ♣5 ♥5 ♣A;1
N;NT;N:.3.J83.5 ..T4.932 T.AK6.6. Q9.8.K.7;;♥3;3
E;NT;N:965..T.9 .73.KQ. J..73.J 3.Q94..;♠8 ♠2 ♣7;♠9;3
S;NT;N:.92.2.76 7.A8.A7. Q3.7.J. .J.Q.42;♦4 ♥3;♦2;1
W;NT;N:8.AKQ5.. J..83.Q6 Q6..75.2 .J64.K.;♦A;♥5 ♥Q ♥K ♥A ♠8;3
N;NT;N:.K63..T2 4.9..AJ7 J.A.2.53 A7..K6.8;;♥3 ♥6 ♥K;1
S;NT;N:K.6..942 J7.T.Q6. ..K54.6 .7.J.AJ;♣7 ♠2;♣2 ♣4;3
S;NT;N:8..95.85 Q.96.Q3. 54..A7. 7.5.JT.;♠3 ♥2;♠8;1
W;NT;N:Q6..K.Q4 A3.7..AJ 4.3.8.K8 T..A5.2;♦3;♦K;2
E;NT;N:5.JT7.6. 6.43.J. ..9.KT8 .K.752.;♠3 ♣A ♣J;♠5;2
S;NT;N:K97..97. 5.K7.Q.6 T.3.2.Q 4..A5.2;♣T ♠Q;♦7 ♦9;5
E;NT;N:.A.76.A9 .94..K3 5.752.. T.T..T7;♦3 ♦K ♦9;♦6 ♦7;4
N;NT;N:.QJ9.T.2 KT..Q.K5 A9.6.A7. ..J854.4;;♦T ♥9 ♥J ♥Q;5
N;NT;N:4.8.A.43 .K4.KJ5. .T.T42.7 .Q.7.KT2;;♦A ♠4;2
S;NT;N:J.7.3.AT K.2.A92. .T.J.32 52..4.7;♥8 ♠A;♥7;4
N;NT;N:7..953.9 Q.K2..Q5 .T73.8.T 53.4..A7;;♦9;3
E;NT;N:86.K4.K. 3.J5..9 7.2..82 Q.A.3.4;♦4 ♥T ♥3;♦K;1
E;NT;N:.Q.J532. Q..T6.Q 96..A4. 3..98.2;♠K ♦Q ♥2;♦2 ♦3 ♦5 ♥Q;2
W;NT;N:J7..AT.9 43.J..Q3 K8.Q2.J. QT.95..;♣7;♣9;3
N;NT;N:.4.A85.A QT..KQ.3 42.A8..4 97..T9.7;;♣A ♦A ♥4;4
S;NT;N:4..72.54 .A.AT6.K 7..KQ.J K.43..7;♦J ♦3;♦2 ♦7;2
N;NT;N:8.63.K.4 .J854..A KJ9..J3. 72.T.86.;;♦K;5
E;NT;N:84.T.74. .K6.K3. J9..96. Q6.7..8;♠2 ♣7 ♣T;♠4 ♠8;2
E;NT;N:85..K52. 2..9.T2 .AT3.Q. A..6.A7;♥8 ♠T ♥2;♦2 ♦5 ♦K ♠5 ♠8;1
E;NT;N:76.9..T7 .A6.2.A Q..73.6 4.42.K.;♥5 ♥T ♥3;♥9;2
E;NT;N:4.7.98.4 5..5.97 9.6.7.8 .J98..3;♠K ♠7 ♦J;♠4;2
E;NT;N:.75.7.A4 9...987 .K.J6.3 A82.6..;♦9 ♦5 ♦T;♦7;1
N;NT;N:32.A.6.8 74..98.Q .75.4.73 .T432.J.;;♦6 ♥A;1
N;NT;N:AQ.8.96. T.2.AT5. .K74.4.6 3.6..T74;;♠Q ♠A;5
W;NT;N:76.T8.9. T5..63.5 J.Q..T74 .4.Q7.A;♣8;♠6 ♠7 ♥8 ♥T ♦9;3
N;NT;N:.76.9.T9 2.J5.76. Q9..43.6 .T.8.KQ2;;♦9 ♥6 ♥7;1
W;NT;N:8.8.Q3.9 A3.64..7 J.J.A.J3 42.A.8.;♠Q;♠8;1
E;NT;N:.T.QT9.3 .5.8.AQ K8.Q.5. 7.7.K7.;♠6 ♥6 ♣4;♣3 ♦9 ♦T ♦Q ♥T;1
N;NT;N:6..64.86 A.8.75.3 Q93..3.K 742.7.9.;;♠6 ♦4 ♦6 ♣6 ♣8;1
S;NT;N:K2.J.QJ. A.5.653. ..AKT.A .6..853;♠Q ♣2;♠2 ♠K;4
N;NT;N:4.8.T6.K AK.A.5.3 7..J.JT8 ..Q87.Q6;;♣K ♦6;2
E;NT;N:A5.9.J.7 87.K..4 6.A7.8. .QT.4.8;♣K ♦Q ♦6;♣7;3
W;NT;N:3.A9.2.5 ..AK3.K7 8.75.76. .6.J.93;♥T;♥A;3
E;NT;N:.5.Q7.K4 K4...97 Q65.J.. 2.KQ.9.;♦4 ♦J ♣6;♦7 ♦Q;3
W;NT;N:QT.8..T3 J8..52.6 .T9.T7.4 .5.J3.7;♦9;♣3 ♠T ♥8 ♠Q;5
S;NT;N:3.742.A. T.J.8.T2 7..3.AJ K6...Q3;♣4 ♥T;♥2 ♥4 ♥7 ♠3;1
W;NT;N:9.T.K.A5 .AJ.4.T9 KQ.7.32. J..7.Q8;♣6;♣A;5
N;NT;N:T8.K2.9. A5.6.Q.4 Q.8.K.96 7.3.4.T7;;♦9 ♥K;3
N;NT;N:T73..K.6 54..6.92 .T2.T3.T .A9653..;;♦K ♣6 ♠7 ♠T;5
N;NT;N:3.K.6.82 .54.T3.3 62.Q..K9 4.6.7.A6;;♥K ♠3;3
S;NT;N:Q..5.A86 J64.9..T T2..K8. 8..43.4;♦A ♣K;♦5;5
W;NT;N:6..A85.9 9.84.J.T JT3..2.4 75.J.6.;♠8;♠6;5
S;NT;N:J4..T9.5 6.J5..AK .984.A. 2.A.4.6;♦5 ♠3;♦9 ♦T;4
W;NT;N:.J52.3.3 7.K3.Q8. T83..6.T 42.Q..7;♥4;♥5 ♥J ♥2;1
N;NT;N:T.J.7.Q2 K.5.K2.8 4.82.T3. 52.K.A4.;;♣Q;2
S;NT;N:QT.43.2. .K86.J.7 K.7..K3 7.J..Q4;♠4 ♦A;♠T ♠Q;3
S;NT;N:.Q..KT74 4..AQ5.9 A87..J. .J.3.A5;♥6 ♠J;♥Q;1
S;NT;N:K.J.3.AK J85..J.4 .Q8.8.5 Q63..A.;♣7 ♣T;♣K ♣A;5
W;NT;N:8.T.54.7 KQ9.9.7. AJ5..6.8 2.74..Q;♦J;♦4 ♦5;2
W;NT;N:.A76.4.6 8.K.A.A2 J..T85.K 96..97.;♥8;♥A;3
W;NT;N:J8.K5.3. 975...95 .T62..AJ K.Q.5.2;♠3;♠J;5
N;NT;N:KJ..A6.2 Q.5.93.9 9.T8.T2. T.KJ74..;;♠K ♦6 ♦A;4
N;NT;N:KT.9..K4 92.6.7.2 .AK.K98. J4.J.2.J;;♥9 ♣K ♠K;5
N;NT;N:.3.Q.A62 .QT4.K6. Q93.8..8 A7.J7.J.;;♣A;3
W;NT;N:A.9.T5.5 .Q.3.AK9 5.A.Q2.3 .5.A8.8;♥2;♥9;2
N;NT;N:T4.K3..8 K.84..J9 .95.K.Q4 .AJ62..7;;♣8 ♠4 ♠T;3
W;NT;N:..K92.54 3.K..QT2 8.A86..8 T.75.4.;♥T;♦2 ♣4 ♣5 ♦9 ♦K;3
W;NT;N:A.643.A. 4.J8..KT 973.9.9. KJ8.5..;♥7;♥3 ♥4 ♥6;1
E;NT;N:86.4.K9. ..5.Q42 5..Q6.K 4.J9.J.;♣A ♥Q ♦A;♠6 ♠8 ♥4 ♦K;4
W;NT;N:2..74.95 3.86.2.K .K7.65.2 .J2.A8.;♠9;♠2;1
S;NT;N:..953.J6 A5.J.7.8 .65..A5 J7.A4..;♥2 ♠9;♦3 ♦5 ♣6 ♣J;1
S;NT;N:53.T5..2 T9.AK.T. A8...65 6.84..8;♠K ♥7;♠3 ♠5;3
W;NT;N:4.T4.6.K Q6.3..A5 J.KQ9..8 8..AT.T;♥7;♥4 ♥T;3
E;NT;N:.83.Q92. 4.9.7.7 T92.2.. A3.J..A;♠K ♦8 ♣4;♦2 ♥3 ♥8 ♦9 ♦Q;1
S;NT;N:..A3.K83 5.J95..Q 9.4.T2. ..9.954;♣7 ♥A;♣K;4
N;NT;N:7..Q84.4 AJ52...K 3.J7.J.3 .Q6.5.Q7;;♦Q;3
S;NT;N:A..K8.J9 8.32.96. .KJ9.3. 7.5..86;♠5 ♦T;♠A;4
N;NT;N:987.5.Q. .6.J5.95 T3.9.8.K J.K.42.J;;♠7 ♠8 ♠9;3
E;NT;N:J...JT96 .82.K.7 .J4.42. T.3..A3;♠2 ♠9 ♥A;♠J;3
N;NT;N:Q8.J9.8. K4..Q.96 76.63..K 5.7.4.J8;;♠8 ♠Q ♦8 ♥9 ♥J;3
N;NT;N:6.8.8.J3 32..K.98 .A.A4.54 Q5.9.Q.K;;♦8 ♥8;3
S;NT;N:73..4.A8 J86..Q3. ..5.Q43 K.2.K9.;♣9 ♠2;♣A;4
W;NT;N:.A3.32.7 75..A.T9 T.8.9.64 642...8;♠8;♦2 ♦3 ♣7;3
E;NT;N:5.86..75 8..85.6 2..Q3.A 43..4.8;♥Q ♥3 ♥T;♥6 ♥8;2
E;NT;N:9.5.T7.5 6..A.AJ .872.8. AQ..6.T;♠2 ♠K ♣2;♠9;4
E;NT;N:.Q32.2.2 J4.4.K. 3.T.8.K 2..64.T;♥6 ♦7 ♥8;♥Q;3
S;NT;N:AT.2.4.Q .8764..8 ..76.T4 7..52.K;♠J ♦Q;♠A ♠T;4
W;NT;N:8.K8.7.A .T.8.QJ2 ..A42.T3 9.72.J.;♦9;♦7;4
N;NT;N:7.9.5.K4 .J3.AKT. Q.4.J4.9 J.2..AQ7;;♠7;1
W;NT;N:9.A3.Q.J .QJ6..Q5 2.9.T4.9 87..A.4;♣6;♣J;2
N;NT;N:6.Q83..9 A..7.863 T8.974.. 7.6.52.T;;♥3 ♥8 ♥Q;3
E;NT;N:T65.4..5 9.5.K.T .A87..J 3..A3.6;♦8 ♦7 ♥Q;♠5 ♠6 ♥4 ♣5;2
N;NT;N:9.8.43.3 K.K2.K.T 86.Q3..6 4.4.7.54;;♥8 ♠9 ♣3 ♦3 ♦4;1
N;NT;N:K862...Q 75.K.A.4 .Q7.8.K5 J3.8.J6.;;♣Q ♠K;3
N;NT;N:K.2.K.A6 A2.5..74 9.J.32.K 8..J6.32;;♥2 ♣6 ♦K;4
N;NT;N:Q4.T2..4 T7.A..J5 K6.7.T7. J.5.8.Q3;;♠4 ♠Q;4
N;NT;N:AQ.A.A.Q .76.J86. 75.2..A2 94.J5..5;;♣Q ♠Q ♠A ♥A ♦A;5
S;NT;N:A.4.2.J8 Q.9.4.53 .K.K.Q9 8..73.T;♠J ♣6;♠A;5
E;NT;N:.2.3.852 .97.T8. K.6.64. T..K.63;♥3 ♥5 ♣A;♥2;4
W;NT;N:K.5.A9.7 3..KJ.K9 4.9.2.Q4 2.74..2;♦3;♦A ♦9;3
W;NT;N:.A6.T72. .JT5.3.8 J3..9.53 A94.9..;♣J;♦2 ♦7 ♥6 ♦T;3
W;NT;N:84.AJT.. 3.Q76.6. ..AQ.K42 2..T3.9;♥8;♥A ♥T ♥J;4
S;NT;N:A.J9.9.6 T5.5.J8. Q.Q3..9 .6.32.T;♣A ♦T;♣6;4
E;NT;N:T...JT73 AQ.Q..4 8.J5..Q 7..J54.;♠6 ♦9 ♠2;♠T;2
E;NT;N:5.62..AJ A.K.3.K 4.T.8.2 J3..T6.;♠2 ♦A ♦7;♠5;3
E;NT;N:8.A.K.93 T7.8.A. .J..J76 K3.9.Q.;♠9 ♠4 ♦7;♠8;1
S;NT;N:3..KJ4.9 A4.3..Q3 5.J.3.7 K.A.A.6;♥9 ♣J;♠3 ♦4 ♦J ♦K ♣9;1
S;NT;N:6.3.T4.6 7.A94..7 Q.Q2.K. ..A8.A8;♥K ♠J;♥3;1
S;NT;N:8.AQ.7.J .5.63.AT 4..T9.2 9.3.J4.;♥8 ♣3;♥Q ♥A;3
N;NT;N:Q52.J5.. .3.75.AT 93.4..82 7.9.94.7;;♥J ♠2 ♠5 ♠Q;5
E;NT;N:5..K.AQ3 .9.A3.6 .J6.8.8 A.T7.T.;♣T ♥2 ♠T;♣Q ♣A;3
E;NT;N:.5.864.3 6..5.95 .98.QJ. 52...AK;♦2 ♠A ♦7;♦8;5
S;NT;N:.K94..J9 86.A2.9. .6.Q.A3 4.3.J8.;♦T ♦K;♥4 ♥9 ♥K ♣9 ♣J;1
N;NT;N:.6.92.J8 Q.2..QT5 .KT74.3. K4.Q.Q.A;;♥6;4
W;NT;N:.3.KQ85. J6.2.J7. Q7..9.72 K.A..53;♠2;♦5 ♦8 ♥3;5
W;NT;N:A7.K9.Q. 8.4.JT3. K.A..AK9 9..984.;♥J;♥9 ♥K;5
S;NT;N:.A87.3.6 KT.T9.5. .65.2.2 92.K..5;♥J ♣A;♥7 ♥8;4
W;NT;N:K4.82..6 97..T3.A 6..A96.K A8..2.Q;♦5;♠4 ♣6 ♥2 ♥8 ♠K;3
E;NT;N:.5.QT3.J AQ.9.6. 83..9.4 J2.K..6;♥4 ♠5 ♥J;♥5;1
E;NT;N:5.95.T8. 3.7.4.A Q...JT9 .K4.J.8;♦9 ♠4 ♥T;♦T;2
E;NT;N:AT.4.4.T 96.62.. 7.K8..5 KQJ..A.;♣4 ♣6 ♣9;♣T;5
N;NT;N:A3.Q.A.A T5.A..Q6 92..6.KJ 4..84.73;;♣A ♦A;4
W;NT;N:Q2..42.5 J.84.3.7 AT6.5..4 .J2.76.;♠4;♠Q;3
S;NT;N:.A8..AQ6 2.6.T5.4 95.K..2 J3..63.;♣J ♣9;♣6 ♣Q ♣A;5
S;NT;N:Q.KT.8.T 92.A..95 K6.5.K. A..7.72;♦3 ♥Q;♦8;3
S;NT;N:96..A4.A .AKJ2..T T5...65 .T96.6.;♠K ♦5;♠6 ♠9;5
W;NT;N:8.T.QJ8. ..KT9.K6 Q643.9.. 9.Q2.5.;♠5;♠8;2
W;NT;N:73.J6.Q. .Q2.8.A8 .5.K5.97 T6..T.K;♥K;♥6 ♥J;1
W;NT;N:43.Q..T7 A9.5.A.4 75..KJT. .J9..QJ;♣2;♣7 ♣T;2
N;NT;N:74.7.K3. A2.2.85. .T.A6.QJ ..QJ2.84;;♦3 ♦K ♥7;5
S;NT;N:96.A.4.K Q5..QJ2. ..5.986 .J86..Q;♦3 ♦6;♦4;1
S;NT;N:74.A.2.4 J..A7.J3 AQ6.4.. 8.T6.Q.;♦9 ♠K;♦2;1
N;NT;N:3.A7.93. .4.Q4.Q6 QJ2.Q..9 9.2.J2.K;;♥A ♠3;5
S;NT;N:J7..J3.6 A.5.4.T3 2.J.8.9 K.6.6.4;♦7 ♠6;♦3 ♦J;3
N;NT;N:K.T.K.73 .AJ9.7.A .7.Q63.J 9.3..954;;♦K ♠K;2
E;NT;N:9.T.K92. J.86..7 3.42..Q 2.A.3.5;♠T ♦5 ♥Q;♠9;1
N;NT;N:8.Q.3.A5 3.82.QJ. T..T9.T9 K9.96..3;;♣5 ♣A ♠8 ♥Q;3
E;NT;N:K.A9.T2. A2..65. 63.K.K. 9.3..T5;♠5 ♥6 ♣8;♠K;5
E;NT;N:K.4.Q75. ..J.643 A3.2.A. Q.3..AJ;♥T ♥8 ♠6;♥4;1
S;NT;N:4..T65.7 ..73.T85 T.K5..6 2.AQ4..;♣Q ♥2;♣7;3
N;NT;N:85.A..T3 2.Q4.K.K K.T9.A6. .J.3.AJ9;;♠5 ♠8;5
N;NT;N:..T32.AQ AJ2.7.A. 3.3..J97 4.J965..;;♣Q ♣A;2
N;NT;N:.K95.K2. 6..96.KQ A4.74.8. KJ.J.54.;;♥K;5
E;NT;N:6..Q3.K7 A.Q..Q5 5.9.A.9 4.53..3;♣J ♠9 ♣A;♣7;2
N;NT;N:..93.K87 J632.7.. 4.9.A.53 T9..86.4;;♣7 ♣8 ♣K ♦3 ♦9;5
N;NT;N:..T9.T53 K5.J.A.7 A.8.75.8 96..Q32.;;♣T ♦9 ♦T;3
N;NT;N:2..8.K83 98..J.J9 AQ6.7..7 5.2.43.6;;♠2 ♣K;5
N;NT;N:AJ4..6.J 73.7.K5. 5.Q4.Q9. K.T.A8.2;;♠A ♣J;4
N;NT;N:J.AK..Q7 65..J6.A 43..QT.5 T.984..4;;♣7 ♣Q ♥K ♥A;4
E;NT;N:9.6.A.A5 T8..5.6 Q.2..83 4.JT..2;♦9 ♣9 ♠3;♦A;4
S;NT;N:7.KQ..J7 A.J86.T. 832.2.. T96..5.;♦K ♦6;♠7;5
W;NT;N:76.3.7.9 .K.3.JT5 K54.6.2. J8.A7..;♦5;♦7;2
E;NT;N:A2.4.8.5 9.J.Q.Q J6.9..3 T3.T.2.;♦5 ♦K ♦3;♦8;3
E;NT;N:J85.J..2 9..A4.4 T...863 .T.K.75;♦5 ♥Q ♥5;♣2 ♠5 ♠8 ♠J ♥J;2
N;NT;N:T.74.J8. K6.93.2. 5.82.4.6 J8.A.3.5;;♦8 ♦J;2
S;NT;N:54.T..84 3.J5.T9. 6.Q32.. J.8.J6.;♠K ♣Q;♠4 ♠5;2
S;NT;N:J5.AK.J. 3.95.K.9 9.T86.. 6..63.6;♠8 ♦2;♠J;5
E;NT;N:Q72.A4.. K5.K2.. 8..T.K4 ..753.2;♠4 ♠T ♠J;♠Q ♠2 ♠7;3
S;NT;N:J8.9.62. 54.2..J7 A6...32 .3.K5.A;♦9 ♦3;♦2 ♦6;4
S;NT;N:2.A.Q9.4 A83..T.Q ..A8.K5 6.J.52.;♥5 ♣8;♥A;5
S;NT;N:AT..K93. 94.Q..K7 K7..Q.3 Q.A.5.J;♦4 ♥2;♦3 ♦9 ♦K;5
S;NT;N:A.T7.54. .4.7.962 .K.8.T3 9.2.J.7;♠5 ♠K;♠A;3
S;NT;N:7.A7.Q.3 .K6.82.8 J8.8..J K.QJ..6;♦9 ♠T;♦Q;4
N;NT;N:54.T2.K. 98.5..84 .3.AJ2.7 7.6..QJ9;;♥T ♦K;5
N;NT;N:.AQ9.JT. A95.86.. 83..K3.K 4.T3..73;;♥Q ♥A ♦T ♦J;5
S;NT;N:AQ..9.42 ..AQ4.K5 8.T.T.9 T65.A..;♠2 ♦5;♠Q ♠A;2
S;NT;N:.9.854.3 9.85..J7 QT.32.. .74.9.4;♦T ♠7;♦4 ♦5 ♦8;4
N;NT;N:84.Q3..T T.AK.83. 75..AQ.2 2..K.965;;♠4 ♠8 ♥3 ♥Q ♣T;2
S;NT;N:K.9.T.A4 .Q.J32.8 A3...QT .T65..3;♣9 ♥8;♣4 ♣A;5
W;NT;N:J.964.Q. K.J87.4. 2..5.AJ5 AT...82;♣7;♥4 ♥6 ♥9 ♠J ♦Q;3
E;NT;N:5.A.T7.T A.3..32 K..4.76 9.J5..Q;♥K ♥T ♦2;♥A;3
N;NT;N:K..97.J2 5.Q..AQ9 AT..5.K8 .A42.A.6;;♠K;2
W;NT;N:.62.T2.8 9.A7.J.9 4.J..AQ2 2..75.5;♣K;♣8;3
E;NT;N:.5.A3.Q8 A..8.JT .KQ..K6 2.84.4.;♣4 ♦2 ♦9;♣8 ♣Q;5
S;NT;N:Q8.3.3.A .J5.J5.2 62..Q6. .A.98.8;♣Q ♣5;♣A;4
W;NT;N:JT.KT..T 5.7.T.75 .9432.2. A2..K.A;♦6;♣T ♥T ♥K;1
N;NT;N:K.53.J.9 3..AQT4. A6.A..A4 QT.76..2;;♠K ♣9 ♥3 ♥5;5
W;NT;N:3.T8..AK 4.K5.8.8 J.4.K75. .J7.4.7;♣9;♣K ♣A;5
E;NT;N:42.2..83 Q6.8.8. K.J74.. 8..J9.7;♦3 ♥K ♦2;♣3 ♠2 ♠4 ♥2;2
W;NT;N:8.8..KJ4 J.65..A5 65.J.K.T .T73.6.;♣Q;♣4 ♣K ♣J;2
W;NT;N:AQ.4.K7. .2.8.J98 K95.7.9. .J.5.73;♣2;♥4 ♦7 ♠Q ♦K ♠A;1
S;NT;N:K.AQT.6. .87.T94. 87..5.T 92..8.K;♣J ♥4;♦6;5
E;NT;N:4.9.K5.8 .7.AT9. 7.3..J3 ..Q2.T5;♠K ♠6 ♠T;♠4;3
W;NT;N:8.4..J65 7..732.9 KJ.T.Q9. 6..JT.Q;♥7;♥4;4
S;NT;N:J9.KJ4.. T..J.754 76.7..K Q.9.A7.;♦4 ♠4;♥4 ♥J ♥K ♠9 ♠J;1
S;NT;N:.543.3.J 76.A..42 ..2.T95 .6.T9.3;♣7 ♥T;♣J;2
S;NT;N:6.632..Q .75.Q5.5 Q.QT..3 972.8..;♣K ♦7;♣Q;5
E;NT;N:.876.T.6 52..6.5 .3..AJT 4.AJ.9.;♣7 ♠6 ♣3;♣6;1
E;NT;N:9..Q73.8 A.T.J.T ..T84.A J.J..74;♣6 ♥7 ♣J;♣8;2
E;NT;N:KJ.6.A5. .J4..92 2.AK2.. 7.8..A8;♠3 ♦J ♦T;♠J ♠K;5
S;NT;N:K.K4.9.Q A.T..J54 4.93..9 8.J.7.6;♠9 ♠Q;♠K;4
N;NT;N:K3..A.T7 .8.85.85 7.A3.4.2 8.Q4.Q.Q;;♦A ♣7 ♠K;4
N;NT;N:K.864.K. 9.7.86.4 2..T5.K2 A8.T2..9;;♦K ♠K ♥8;2
E;NT;N:.T4.92.7 Q..3.62 4.Q6..T 8..QT.8;♥5 ♣3 ♠J;♥T;4
W;NT;N:.QJ.T9.9 7.A.K5.Q J4..2.43 T3.6..8;♠8;♣9 ♥J ♥Q;2
N;NT;N:3.A62.3. 9.J.9.KJ Q2..A.A8 A.Q.K7.6;;♥A;5
E;NT;N:J.3.T4.8 3...JT2 ..A53.A A5..6.3;♥T ♥7 ♣6;♥3;2
W;NT;N:J.AT.Q.Q T.5..A97 975.Q.4. K2.8..J;♣2;♣Q;2
N;NT;N:T9.6.K.6 .7.J5.QJ .8.4.A54 865.9.9.;;♦K ♥6 ♣6 ♠9 ♠T;4
N;NT;N:5.7..J62 7.J82..8 Q.A.JT.5 62..7.Q9;;♠5 ♥7;4
S;NT;N:.K.T.J92 943..J2. QT.Q.3. 76..8.Q;♥5 ♥T;♥K;3
N;NT;N:9..AT4.9 43.KJ.9. A8..7.A7 K.94.Q.J;;♦A ♠9 ♣9;5
S;NT;N:.QT4.K.3 65.2..J9 .K..K64 2.5.96.;♣5 ♠A;♣3;2
S;NT;N:K.54.J.5 .8.A9.J8 2..53.A J3.72..;♠4 ♥T;♠K;2
E;NT;N:.K62.2.Q A7..84. .T.QT.T 9.A.5.4;♣K ♦7 ♣A;♣Q;1
E;NT;N:.T95.Q6. ..A3.84 4.KQ.7. J.7.JT.;♥A ♥3 ♣A;♥5 ♥9 ♥T;1
E;NT;N:5.A.K2.2 6.T..86 7.J..54 94..83.;♥2 ♠Q ♦4;♥A;2
S;NT;N:962..95. A3.K4..7 5.Q..J5 T74...T;♣9 ♠K;♠2 ♠6 ♠9 ♦5 ♦9;3
W;NT;N:K.84..K6 73..Q9.9 A82...85 .2.72.Q;♣2;♣K;5
S;NT;N:AQ..72.6 T863.8.. .K.A64. 5.J5..4;♥Q ♣T;♦2 ♦7 ♣6 ♠Q ♠A;5
N;NT;N:6.A4..Q2 T2..QJ.4 AK.3.A.8 95.T.87.;;♠6 ♣2 ♥A ♣Q;5
E;NT;N:97.T7..8 K6.8.7. T4.3..A ..AK32.;♠5 ♠8 ♥5;♠7 ♠9;4
W;NT;N:.A6.A2.2 Q..8.AK5 42.K5..T .T3.T5.;♦7;♦A;3
N;NT;N:K.T5.9.6 5..JT.QT 642...A7 .K.75.K3;;♠K;4
W;NT;N:4.Q4.Q.8 KJ..84.9 .865.J.5 .A..T72;♥J;♥Q;2
W;NT;N:5..4.J94 T.A95.K. J4.7.6.7 8.8.Q7.;♥K;♣4 ♦4 ♠5 ♣9 ♣J;1
N;NT;N:T82..T2. .6.Q9.K7 .AJ.64.6 Q6.KT.A.;;♦2 ♦T ♠8 ♠T ♠2;2
W;NT;N:7.T74..6 A..JT6.K Q..32.Q3 J.2.K4.;♥5;♥7 ♥T;3
W;NT;N:T4.Q7..8 5..K8.T7 K7.4.6.J 96..Q.2;♣3;♣8;5
S;NT;N:4.4.Q.A7 .K765..4 K9..J.5 J6..93.;♠3 ♥Q;♠4;4
E;NT;N:T.K654.. .2.K7.K J6..3.A K7.8..T;♥7 ♠8 ♦2;♥K;3
N;NT;N:J.9.5.65 AQ5.K..J .Q.AJ.K7 K943.A..;;♣5 ♣6 ♦5;4
E;NT;N:.A9.Q84. .53..J6 .6.5.T5 K..T7.8;♥2 ♥K ♦6;♥9;5
W;NT;N:.T6.32.J 7.5.A7.2 J8.9.K.Q 4..QJ.8;♦T;♦2 ♦3;2
E;NT;N:95.KQ..K 6..3.J7 4..JT2. K8.9..5;♦8 ♥2 ♠3;♠5 ♠9 ♥Q ♥K;2
N;NT;N:..9.KT52 T7.T.4.A A93..86. .3.T75.8;;♣2 ♣5 ♣T ♣K ♦9;2
E;NT;N:72.82..7 .7.Q.Q3 J..A2.4 4.3.9.K;♦5 ♣8 ♠K;♠2 ♥2 ♠7 ♣7;3
E;NT;N:85.3..A7 .J8.7.3 .4.84.Q A9...42;♦K ♥Q ♥K;♠5 ♠8 ♥3 ♣A;2
N;NT;N:97.AJ.7. JT.2.Q.A 83..K.T4 .T5..J85;;♥J ♥A;3
S;NT;N:J.7.Q4.2 ..852.T8 .J.7.J6 T.63..Q;♥A ♠6;♥7;4
S;NT;N:A6.J.4.6 J.73.Q3. KT..A.5 2.T.82.;♣4 ♠8;♣6;5
N;NT;N:T.93.J3. J73.J.8. 85.5..KQ 4.64..J2;;♥3 ♦J ♠T;3
N;NT;N:JT.A9.4. A7.Q6.8. 8.43.Q.4 63.T.3.8;;♦4 ♠T ♠J ♥A;3
N;NT;N:9.Q8.9.6 8..KT7.4 3..54.73 72.J.62.;;♠9 ♣6 ♥Q;5
W;NT;N:4..J84.4 .6.6.Q82 Q.AK8..5 T.7..76;♣9;♣4;2
W;NT;N:6.8.93.K J84.9.Q. 5.A7..AQ Q.T5.7.;♥K;♥8;3
E;NT;N:.Q5.K.QJ T..J7.6 A.K7..4 5.6.95.;♦4 ♠6 ♥4;♦K;5
N;NT;N:Q.K8.Q.9 ..98.KJT K9.Q.7.4 .T96..Q2;;♥8 ♠Q;5
E;NT;N:J..JT6.A .7.5.T5 A.8.A.Q .Q.3.K6;♦2 ♠8 ♣2;♦6 ♦T ♦J;5
S;NT;N:Q.A..T32 9.J4.Q.5 .Q2.4.7 T.9.2.8;♣4 ♥5;♣T ♣2 ♣3;3
W;NT;N:T5.2..95 983...A4 J.Q8..62 64..5.K;♥7;♥2;3
S;NT;N:.A.K64.7 J4.J8..T .Q.7.J3 AK.K9..;♣4 ♠3;♣7;2
W;NT;N:75.4..J4 .J.QT.A8 2.9.K5.2 .73.83.;♠A;♠5 ♠7;1
N;NT;N:T.T7.6.2 Q5.J..64 986..T.Q .A92.Q.8;;♠T;2
S;NT;N:5.K2.6.8 6..J4.J4 4..A.T7 .9.K.K6;♠8 ♦9;♠5;3
E;NT;N:8..K.Q96 Q6.6..4 AJ..3.2 5.Q8..3;♠2 ♠3 ♥2;♠8;5
W;NT;N:.T9.3.T2 Q.73.T.9 42.6.4.8 K6..7.Q;♥5;♥9 ♥T;2
N;NT;N:9.7.64.J Q.98.K3. .KJ.9.K7 5.2.T.T2;;♣J;4
E;NT;N:T.T52.6. 3..2.K2 A4.9.3. KJ..7.8;♣7 ♠2 ♠8;♥2 ♥5 ♥T ♦6 ♠T;1
E;NT;N:62.8..A8 .Q.8.76 A3..AQ. J8.A..3;♠Q ♦T ♠4;♠2 ♠6;3
E;NT;N:2.6.KJ.9 8.Q.T4. K.3..K8 .J7..QJ;♦A ♣7 ♣4;♦J ♦K;2
W;NT;N:Q.6.54.3 K.Q9.QT. J2.A.86. 3.5..J5;♥J;♥6;1
N;NT;N:2.Q.J.73 Q.52.Q6. J4.KJ.2. A.A9..82;;♠2 ♥Q ♣3 ♣7;1
E;NT;N:KJ5.8..9 T2.5..7 A..3.QT .K4.J6.;♠9 ♠4 ♣8;♠J ♠K;4
W;NT;N:.A65..95 A.2.J42. K.K.9.J3 83.7.3.;♠T;♥5 ♥6 ♥A ♣5 ♣9;1
S;NT;N:Q4..Q.J4 .AKQT..2 .J9.A2. T..J.K9;♣5 ♥3;♣J;5
N;NT;N:J.A8.A.5 8.J73..3 AKT.54.. 2..3.J87;;♠J ♦A ♥A;5
E;NT;N:T6.5.Q8. 3..5.AT K92..T. Q.KJ..6;♣K ♦6 ♥4;♠6 ♥5 ♦8 ♠T ♦Q;2
N;NT;N:8.6.K5.6 A.T2..T5 9.J..Q43 T6.Q..J2;;♦5 ♦K;3
S;NT;N:94.Q.9.9 .54.Q.54 .8.83.K Q.T.A.8;♥9 ♠7;♥Q;2
W;NT;N:Q87..97. 6.4.T62. J.6..KQ3 5.T..J9;♣8;♦7 ♦9;5
N;NT;N:.KQ95.8. J7.J7..9 Q.8.JT5. .A6.94.3;;♦8;4
W;NT;N:.J.K7.T4 43.2.J.2 AKQ7.3.. 8.5.3.7;♥A;♥J;3
E;NT;N:.T6.AJ.5 J5.7..7 4.A.KQ. A.J.84.;♥K ♦2 ♣Q;♥6 ♥T;1
S;NT;N:9.8.9.J6 3.K2.J.T 4.A.76. JT..4.Q;♣7 ♥J;♣J;2
W;NT;N:5.654.A. .K.T.AT7 Q63.A.K. J..72.3;♠8;♠5;5
E;NT;N:.J.K93.8 5.7.Q.6 Q6..T8. KT.8..5;♥3 ♠J ♣K;♥J;5
S;NT;N:J.4.63.Q T7..Q8.8 84.J..K 96..K7.;♠A ♣6;♠J;3
E;NT;N:Q.K..AK3 97.A8.. .52..J4 .9.AT9.;♣5 ♠6 ♣2;♣K ♣A;4
N;NT;N:52.2.Q.4 7..T3.A9 3.A.J65. Q.43..T6;;♦Q;4
W;NT;N:94.9.T.9 832.A..T .T.AJ8.5 .32.5.K;♠T;♠4;1
N;NT;N:652.3..8 .A82.6.J T9.75..K J3.KT9..;;♣8;1
E;NT;N:98.J6.Q. .T.J43. K3..5.4 72.8..9;♣8 ♥7 ♥K;♥6 ♠8 ♠9;4
N;NT;N:.K.A4.J2 .Q.T6.T3 T2.3.3.7 .6.J8.95;;♥K ♣J ♦A ♣2 ♦4;3
E;NT;N:QJ.A.A.8 9.9.T2. A.4.K9. 5..J74.;♣Q ♠6 ♦Q;♣8;4
N;NT;N:2.8.7.85 K.72.J.6 74...J94 ..98.AK2;;♥8 ♣5 ♣8;1
W;NT;N:A.T5..AK .7.J95.3 7.62..84 Q..76.J;♦2;♥5 ♣K ♣A;2
S;NT;N:7.4..K87 J5.Q5..4 Q.T.KQ. ..98.Q6;♥3 ♦A;♥4;3
W;NT;N:K4.Q.9.K .98.K76. Q8..Q5.Q J..A8.T;♣4;♣K;4
W;NT;N:7.Q..Q93 84.9..J2 K.J4.A.K .K.J9.A;♦5;♣3 ♣9 ♣Q ♠7 ♥Q;2
S;NT;N:2.K..Q42 T.6.Q4.5 KJ5..3. Q98.T..;♦K ♠7;♣2 ♣4 ♠2;4
S;NT;N:65..J4.Q ..75.862 J92.2.. T.4.3.3;♠Q ♦8;♠5 ♠6;4
N;NT;N:AQ.8.A2. .Q.JT6.5 7.A5.K.6 T.3..A87;;♥8 ♠Q ♠A ♦2 ♦A;5
W;NT;N:8.9.T2.K 32.Q4..3 6.K.843. T.A6.6.;♦9;♦T;4
N;NT;N:9.K2.9.8 87..52.2 3.AT8.T. 4.J4.A7.;;♠9 ♣8 ♥K;5
N;NT;N:2.K2.7.5 K.6.62.Q QT.98.3. 74.5..83;;♠2 ♥2 ♥K ♦7 ♣5;3
W;NT;N:A4..Q4.4 ..T93.T3 KQ.Q3.K. 9.T6..7;♣Q;♣4;3
S;NT;N:85.4.8.9 J6.8..74 .Q7.3.A 9.9.T.5;♣2 ♥J;♣9;4
E;NT;N:K.K7.3.4 .QT..52 5.5.J.3 4.4.Q.6;♦5 ♦6 ♠Q;♦3;3
W;NT;N:.A4.7.42 7..94.K3 K82..AQ. Q.QT..J;♦6;♦7;5
N;NT;N:.965..73 J6.T.J.9 74...KJ8 .AQ8.6.6;;♣3 ♣7;3
E;NT;N:5.KQ.A.J A94.6.. .T2.J.8 .J.4.96;♥7 ♦8 ♥8;♥Q ♥K;4
N;NT;N:94.86.Q. 2..4.852 86.2.6.4 QJ..52.K;;♦Q ♥6 ♥8;3
S;NT;N:K3..652. 42..A.KJ .JT.9.9 Q7..QT.;♠5 ♥K;♠3;3
N;NT;N:T9.T.A4. 2.6.7.J9 76.Q.6.K A.7.8.A7;;♥T ♦A;3
N;NT;N:KT5.8.2. 9.Q4.J.3 .J.8.KQ7 3.3.A4.2;;♠T ♠K;3
E;NT;N:3.7.J.64 74..Q.K Q.T.52. K..K9.5;♥2 ♥J ♦6;♥7;2
S;NT;N:43.T.4.J 2.83.8.7 .54..Q8 ..62.T5;♦3 ♦K;♦4;2
S;NT;N:875.T..7 2.96.6.6 .75.8.3 ..Q4.AK;♠3 ♦5;♠5 ♠7 ♠8;4
W;NT;N:9.QT..93 K65.J..T ..T43.A7 .9.96.2;♠A;♠9;4
S;NT;N:7.KJ6.Q. KT.3..A8 Q.7.6.K 2..JT3.;♦9 ♦5;♦Q;4
S;NT;N:5.A.9.K2 Q.Q63..7 4.5.A.9 T.K2.K.;♣J ♠A;♣2 ♣K;4
E;NT;N:8..3.J86 .K.T8.3 74.A8.. T..K74.;♥4 ♥Q ♠J;♦3 ♣6 ♣8 ♣J ♠8;3
W;NT;N:85.T6..5 .9.A98.9 3..4.AQT T9.4.5.;♣K;♣5;3
N;NT;N:6.8.T6.K Q.532.5. ..AJ82.6 8.6..Q43;;♥8 ♦6 ♦T ♣K;5
N;NT;N:982.4..T .9.AJ.76 .JT73..K 4.A2.9.A;;♠8 ♠9;3
N;NT;N:AKJ.Q.5. Q.K3..J6 .8.KT.A5 75..6.Q8;;♠K ♠A;5
N;NT;N:A2.A83.. J43..Q4. Q.9.J.A2 .J5.973.;;♠2;5
N;NT;N:.T.JT8.T 73.6.4.3 T8..653. 5.A.A.96;;♦8 ♦T ♦J;3
W;NT;N:Q.QT.A.T ..8752.5 K..J64.9 A4..9.2;♥3;♥T ♥Q;4
S;NT;N:2.K.AJ.3 5.Q9.75. 8..6.65 K4.A.9.;♣8 ♣J;♣3;1
S;NT;N:T.KJ..KQ 9.97..A9 AQ4...T .3.QJ.6;♦4 ♥8;♠T ♥J ♥K ♣Q ♣K;4
E;NT;N:KT.2.K.6 J.5.J7. 85..3.7 .6.Q2.J;♥Q ♥A ♦8;♥2;4
E;NT;N:.4.J75.J 876.5.. 4.Q..95 AT.6..6;♥3 ♥T ♦6;♥4;5
E;NT;N:8.93.Q.J 7.7.32. .5.8.A4 T5..A5.;♠Q ♠A ♠J;♠8;5
S;NT;N:2.Q2.J.K .63.AK.9 K96.5.. A5..53.;♣A ♦4;♣K;2
S;NT;N:.Q6.84.8 .8.AT.73 QT65... .T2.Q9.;♣T ♠4;♣8;5
N;NT;N:.6.A76.3 Q7..9.A6 K3.4.Q2. T.872..5;;♦6 ♦7;4
W;NT;N:A73.5.Q. J.7.JT.2 QT9.8..4 .2.94.8;♥K;♥5;2
W;NT;N:.7.T92.A J.64.J5. .T8..965 8.Q3..7;♠4;♦2 ♦9 ♦T ♥7 ♣A;1
E;NT;N:8.3.J5.8 K53..7. T.K9.T. A9.J..7;♦3 ♣6 ♦6;♦J;5
S;NT;N:A53...A7 .98.8.T3 .A7.Q.Q 6.Q.7.5;♥3 ♠2;♠3 ♠5 ♣7 ♠A ♣A;4
N;NT;N:8.92.3.3 K.T.T5.2 T..8.J94 93.A3.7.;;♣3;3
N;NT;N:.QT84..2 4..Q.986 .32.A9.A A8...K73;;♣2 ♥4 ♥8 ♥T ♥Q;5
W;NT;N:4.Q.Q87. 3.K.J.53 J8.98..7 A2.J..J;♦2;♦Q;3
E;NT;N:.T64.3.T 5..K9.9 A4...76 6.52.6.;♣A ♠2 ♦5;♣T;1
N;NT;N:874.K..9 .2.7542. T9.T9..4 .4.KT.62;;♥K ♠4 ♠7 ♠8 ♣9;5
N;NT;N:.KQT53.. .7.Q5.A2 Q8..84.3 ..AT.KQJ;;♥T ♥Q ♥K;5
W;NT;N:.93.J.Q4 3.T..T75 J74..4.K T.6.85.;♥Q;♥3;4
N;NT;N:T3.4.2.A .976.7.J A7.3..T5 .5.K64.Q;;♣A ♠3 ♠T;4
E;NT;N:T.J6.K.K K2..8.Q .K83.2. ..53.J9;♠6 ♠J ♠5;♠T;5
E;NT;N:Q7.3.2.4 .5..A95 3.AJ7.. 2.T82..;♠6 ♠9 ♦8;♠7 ♠Q;5
W;NT;N:7.2.96.3 .A.5.J76 T53.8..Q A.Q7..2;♣9;♣3;2
E;NT;N:T2.J.4.A KQ.2..J 5..K6.T 8.7.J8.;♠A ♥A ♥T;♠2 ♠T;2
W;NT;N:A5.2.93. T.5.A8.8 Q6.T.4.2 8..2.76;♠J;♠5 ♠A;3
N;NT;N:6.7.3.A5 T9.5..T9 3.98..74 .A.7.KQ6;;♥7 ♣A ♦3 ♠6;1
E;NT;N:K.T72..K 64..J4. ..T3.J7 .AQ6..5;♦A ♣2 ♣T;♥2 ♥7 ♥T;2
S;NT;N:Q.J5.Q.Q 3.4.J.84 .K.6.97 A.T7..J;♠8 ♠2;♠Q;5
W;NT;N:A5.T..A4 2.652.8. 6.7.92.6 T.8.7.7;♥3;♥T;5
E;NT;N:3.6.76.K .7.Q8.Q .Q.A4.2 .9.92.7;♠2 ♦K ♠8;♠3;3
N;NT;N:65..5.98 K7.4..K6 A.QT7.K. 9.92.T3.;;♠5 ♠6 ♦5;5
E;NT;N:.A7.7.A9 Q.KJ..7 .Q4.A4. K..K3.2;♥6 ♠7 ♦8;♥7;5
N;NT;N:A.T9..54 7.J.K5.6 Q.AK76.. 43..3.A8;;♠A ♥9 ♥T;5
W;NT;N:A7.973.. .J8.2.72 Q95..A9. 32.Q..4;♦6;♥3 ♥7 ♥9 ♠7 ♠A;5
S;NT;N:K.J.AQ.9 2.7.5.73 JT..T.Q 964..4.;♦2 ♥8;♦Q ♦A;5
N;NT;N:KJ.3.J6. .875..T4 865..5.K A..K92.9;;♠J ♠K;2
W;NT;N:3.87.6.3 .Q.KQ.T6 AQJ..A.9 .42.95.;♠K;♠3;4
N;NT;N:J6.J.8.9 AK7..T.K T...T542 5.7.J.87;;♥J;1
S;NT;N:86.K.K.6 .T65.A3. .Q.642. 2.J8..A;♣K ♦J;♣6;4
E;NT;N:.Q.Q.643 .84..K8 .T.3.QT .A5.T4.;♠4 ♦9 ♣2;♣3 ♣4 ♣6 ♥Q;1
S;NT;N:K53.6..7 T.Q2.J.9 .7.KQ.T .4.T3.2;♥3 ♥K;♥6;3
W;NT;N:Q9.K3.A. 3.A.Q4.J 2.Q.52.3 .7.K.K8;♥J;♥3;2
N;NT;N:KT3.7.5. 5...AJ87 9.5.J.K5 7.9.Q.Q2;;♠T ♠K;3
N;NT;N:5.5.T.K6 3.3.K95. A8.K.6.4 KQ7.7..J;;♥5 ♣K ♠5;4
E;NT;N:.9872..Q J2..73. QT..9.K 4..K82.;♦6 ♣A ♣4;♥2 ♥7 ♥8 ♥9 ♣Q;1
W;NT;N:T2.J9..4 K.7.7.Q5 A5.8.A8. 73..QT.;♣9;♣4;3
S;NT;N:K9..J2.3 63.J5.K. .97.A7. 7.T.8.Q;♣J ♥Q;♣3;5
S;NT;N:Q7.K.T9. 3.J.A.AK .2.Q2.5 .T74..J;♦8 ♠J;♦9 ♦T;2
S;NT;N:.AK7.74. Q3..2.K4 A8...A5 J..Q.93;♠6 ♦8;♥7 ♥K ♥A ♦4 ♦7;3
E;NT;N:2.QT7..A .K6.3.T A5.5.8. K7..A9.;♣J ♠6 ♠8;♣A;2
E;NT;N:4.75.A5. QT3...J 6.82.2. 75..Q.K;♦7 ♣2 ♦8;♦A;3
W;NT;N:.T6.Q.Q4 T7.8.T.A 5.A..K98 83.73..;♥9;♥6;2
N;NT;N:A.T8..J4 Q754...9 JT.7.9.K 632.J3..;;♣4 ♣J ♥8 ♥T;4
W;NT;N:8.5.AK8. .T3.63.9 A7..Q7.8 .84.2.4;♥7;♥5;1
E;NT;N:T3..A.Q7 964...9 8.6.T2. ..83.86;♠J ♠Q ♥K;♠3;5
W;NT;N:4.A6..T2 K62.8.5. .J7.63.Q J5..4.K;♥T;♥6 ♥A;4
S;NT;N:A5.96.A. 42.T..AJ .7.T.98 K...Q53;♣4 ♣K;♠5 ♥6 ♥9 ♦A;2
W;NT;N:87..J3.8 .K7.T8.3 6.94.A4. J5.5..6;♥2;♠7 ♠8;4
N;NT;N:2..Q54.9 KT.T.9.2 6.3.J.QT .J9.K32.;;♣9;2
W;NT;N:6.98.K.A K.7.6.K3 JT9.4..8 3..Q.95;♣4;♣A;4
E;NT;N:94.J.J5. K.97.9. .Q82.6. Q..A3.9;♠5 ♠2 ♠6;♠9;2
N;NT;N:Q.T8.5.9 K8..4.Q3 ..983.AK 4.5.K.75;;♥8 ♥T;4
S;NT;N:4.Q.8.72 Q.9.T2.8 A8.T.5. ...9543;♠J ♦J;♠4;1
E;NT;N:KT.J7..4 .62.K.6 .54..J5 A53..6.;♣9 ♣A ♠7;♣4;5
S;NT;N:AQ.Q.T.K .A.75.Q7 82.T.A. KJ.65..;♥2 ♦K;♥Q;4
E;NT;N:.K5.T5.2 4.83.6. 75..3.4 J..J8.7;♠A ♦9 ♣J;♥5 ♣2;1
E;NT;N:KJ.T9..8 74.8.T. 8.Q64.. 3.J.52.;♥5 ♠5 ♣J;♥9 ♥T;5
E;NT;N:8.K3..32 K.J.2.A Q4..AJ. T.94..K;♣8 ♠6 ♠A;♣2 ♣3;1
S;NT;N:74.K.Q7. .3.93.92 J6..64. .9.K.J6;♣3 ♣5;♠4 ♠7 ♦7 ♦Q;1
E;NT;N:A.Q94..Q 5.8.J.J Q6.A2.. .T7.A.7;♦8 ♣A ♣8;♥4 ♥9 ♥Q ♠A;3
N;NT;N:QJ9..9.3 .K6.T8.Q .83.J.82 7.T..A54;;♠9 ♠J ♠Q;4
S;NT;N:8..65.43 J3.AQ..8 K..T2.Q 2.K.Q7.;♠9 ♠A;♠8;1
N;NT;N:K.KQ.4.K 84.A.A5. Q.7.6.94 7.J2.QJ.;;♠K ♥Q ♥K ♦4 ♣K;2
W;NT;N:.Q5..A72 J4..83.K T.KJ8..Q Q.6..J6;♠8;♣2 ♣7 ♥5 ♥Q;1
S;NT;N:4..Q7.T8 .AK.8.97 7..2.A6 A..6.K2;♦5 ♠6;♦Q;4
W;NT;N:3..9.QJ4 KJ.3.8.8 .A.6.AK3 .Q6.AT.;♣9;♣4 ♣J ♣Q;4
N;NT;N:.43.Q2.K .8.T8.64 876..9.5 Q.T9.3.8;;♣K ♦Q ♥3 ♥4;2
W;NT;N:J.AQ..J2 6.KT5.6. 4.9..QT9 A..A97.;♠2;♠J;5
N;NT;N:8..A2.94 .A82.5.5 5.5.KJ.Q 3..T76.2;;♣4 ♣9 ♦2 ♦A ♠8;5
S;NT;N:8..96.A2 Q7.K.J.T .T92..7 4.J74..;♦T ♠J;♦6 ♦9;1
E;NT;N:8.53.T4. .Q..JT9 .AK.7.2 5.2.A.A;♠K ♦Q ♠A;♠8;1
E;NT;N:62.T8..Q A.4.3.K 5.3.K.9 4.7.Q.A;♠Q ♠7 ♠J;♠2 ♠6;2
W;NT;N:5..97.AK AK9...T5 T.87.A2. .4..983;♣J;♣K ♣A;5
W;NT;N:863.J.9. Q2.3.A.5 K5.Q.J7. 7.A5..7;♣6;♠3 ♠6 ♠8 ♦9 ♥J;1
N;NT;N:93..Q.64 87.6.T6. A6..3.Q8 T5.42..9;;♣4 ♣6 ♠3 ♠9 ♦Q;4
N;NT;N:K.J3..J7 T863.9.. Q94..94. J.K.63.5;;♠K ♥3 ♥J ♣7 ♣J;4
N;NT;N:.AJ.8.AT .93..Q42 98..AQ6. Q7.K4..8;;♣A ♥A;5
S;NT;N:A.A.JT.8 T.J.K.74 93..32. 7..76.T;♠2 ♠Q;♠A;3
W;NT;N:Q82..Q.7 T3.82..4 .76.J.85 .9.T8.A;♥3;♠2 ♠8 ♣7;2
E;NT;N:KQ4...J6 8.9.KJ. T5..65. J..7.T5;♠9 ♣8 ♥K;♠Q ♠K;4
S;NT;N:J.J73..Q 94..87.A A..T5.5 K..3.J2;♣7 ♥4;♣Q;2
S;NT;N:.J53.Q8. A9.4..JT 86.8..4 J7.A.6.;♦J ♣K;♦Q;2
E;NT;N:.Q3.AJ.3 2.JT2.. Q.A9.6. T..54.K;♣8 ♣7 ♣Q;♣3;3
N;NT;N:85.5..Q9 92.83.4. 4..JT.T6 K.976.3.;;♣9 ♣Q;4
N;NT;N:4.9.A3.T J.Q..A43 .A8.K7.Q 52.62.9.;;♥9 ♦3 ♦A;4
N;NT;N:.J4.86.3 7..K9.QT 6.9.Q2.J 4.752.4.;;♦6 ♦8 ♥4 ♥J ♣3;1
N;NT;N:97.32.4. 53.K7.9. .A65.AQ. .QT.K.Q4;;♠7 ♠9;5
W;NT;N:.Q.Q86.9 Q2.8.4.K .76.KJ.Q 7.9.7.4;♣6;♣9;2
N;NT;N:AQ.74.8. 63.3.9.6 J.9.JT.Q 8.82.5.A;;♦8 ♠Q ♠A ♥4 ♥7;5
N;NT;N:K.J.7.A9 8.KT.62. 96.65.Q. A.A.4.86;;♦7 ♣9 ♣A;3
S;NT;N:8.4.6.AK 54.8.Q.3 K.A6..5 Q.32..9;♦T ♥T;♦6;4
N;NT;N:84.2.Q.J 7.75.7.7 .T.642.T K.K.JT.3;;♣J ♠4 ♠8;3
N;NT;N:Q6.A8..Q 4..AK.A8 A.QJ.64. .7.8.973;;♥8 ♠6 ♠Q;4
E;NT;N:Q7.A.A2. J8.K4.. ..T5.75 K9...Q8;♠3 ♣J ♥2;♠7 ♠Q;4
N;NT;N:.2.KT63. 4.A.7.K5 AKQ..A.Q .K.9.A73;;♦3 ♦6 ♦T ♦K;4
S;NT;N:T3.87..Q KQJ.4.J. 4.A..J5 7.5..64;♠2 ♠5;♠3 ♠T;1
N;NT;N:.KJ7..93 J7..A5.J K93...QT 4..92.84;;♥7 ♥J ♥K;5
N;NT;N:8.8.2.98 T2.AQ.4. AJ6.3.8. 5.K9.6.T;;♦2 ♠8;4
W;NT;N:..K54.A7 Q6...Q62 9.A.Q2.8 K85..6.;♣5;♣A;5
N;NT;N:5.9..QJ2 7..Q2.84 2.5.A.T9 K9.J.85.;;♣2;4
S;NT;N:7.A8.Q.8 63.7.8.7 2.T.74. 85...Q6;♦T ♥K;♦Q;4
E;NT;N:K..K653. 8..Q8.4 .K7.T.2 J2..J.Q;♠7 ♥4 ♥6;♠K;2
W;NT;N:.KJ2.Q.7 5..AJ.82 8.3.92.K .4.T.96;♥8;♥J ♥K;5
E;NT;N:.KT7..52 8.J.AJ. Q4.52.. ..973.Q;♠5 ♦6 ♠3;♥7 ♥T ♣2 ♣5;2
E;NT;N:4.95..A7 6..T.K9 K.Q4.5. 53...54;♣T ♠A ♥J;♣A;4
N;NT;N:T5.J.K4. J.A.5.84 .9.T.KQT Q3.8..52;;♦4;4
E;NT;N:2.A73.2. A.8.KJ. Q..T4.J .T.3.KT;♥5 ♦5 ♣Q;♥7;3
W;NT;N:K9.5.K.T AT..4.95 .KJ.983. Q3.Q7..;♥T;♥5;5
E;NT;N:A9..7.KQ .42.J2. 2.A5..2 3.6.5.3;♣5 ♥3 ♣7;♣Q ♣K;4
S;NT;N:T5.4.43. 7.8.9.75 .7.J.62 8.AJ..K;♠2 ♦6;♠T;2
S;NT;N:KT.5.7.T 6.64.K.2 42.3..3 85..T.K;♠Q ♦3;♠T ♠K;2
W;NT;N:83..5.JT 76.65.6. J.A3.A.4 92.T..9;♦7;♦5;5
W;NT;N:98.8.A3. Q.92.9.9 .K.J84.3 3..QT5.;♠J;♠8 ♠9;3
N;NT;N:.4.KQ6.9 T8.A9..5 6.K.5.T6 .J7.3.A2;;♦6 ♦Q ♦K;3
E;NT;N:.KT6..JT T.J9.5. .Q.2.98 A.7.J.Q;♠J ♦8 ♣4;♥6 ♥T ♥K ♣T ♣J;1
N;NT;N:T.T9.T4. K3.5..A9 Q.A.3.72 AJ.Q.2.J;;♥9 ♥T;4
S;NT;N:4.J96.K. ..JT65.9 T.82.4. 8..A.J6;♣5 ♦3;♥6 ♠4 ♥9 ♥J ♦K;1
E;NT;N:42..Q.62 Q.T.43. AJ...54 .52.5.Q;♠T ♠3 ♦8;♠2 ♠4;2
W;NT;N:95..7.43 83.9.8.T Q.T42.4. 2.A.2.K;♥3;♣3 ♣4 ♠5 ♦7 ♠9;2
N;NT;N:J.T4.Q.5 9.AK..J2 .3.T82.K .765.K.7;;♣5 ♦Q ♠J;2
W;NT;N:K.T.Q.K8 Q9.9.95. J4.Q62.. ..4.T96;♦6;♦Q;5
E;NT;N:7.92..93 .AJ.Q8. KJ9..K. .K76..A;♣4 ♠Q ♦T;♣9;5
E;NT;N:T3.4..QJ .T9.3.5 .6.95.4 9.KJ.Q.;♠J ♦J ♥3;♠3;1
N;NT;N:.92.J8.4 6..Q54.K .K853.6. 2.QT.3.A;;♣4;2
N;NT;N:82.2..K8 5..KT43. 7..6.Q54 Q.96.8.2;;♣K;3
E;NT;N:.K75.A.7 .A.J.K3 AT..K.T Q3.6.4.;♥4 ♠6 ♥Q;♥K;2
N;NT;N:4.J3.6.K K2.74.J. ..KQ.A65 Q9.8.3.7;;♦6 ♥J ♣K;5
E;NT;N:76.K.A9. 9..8.96 .Q.3.J5 .J8.Q.7;♠4 ♠Q ♠3;♠6 ♠7;5
E;NT;N:..A.QT94 .Q9.Q.3 2..K3.A .K3.7.K;♦8 ♣J ♠9;♦A;5
E;NT;N:65..9.32 8.K.K8. 9.A.4.6 T.96..7;♠3 ♦2 ♦Q;♠5 ♠6;2
N;NT;N:.K3.9.T4 J.5..Q83 .Q6.J.J7 42..K5.2;;♣4 ♣T ♥3 ♥K;3
N;NT;N:J7.6.K.9 .A7.84.3 98..J5.7 5..AT6.K;;♣9 ♠7 ♠J ♦K;3
W;NT;N:.A83.5.Q 5.5.76.6 32..43.J K4..K.4;♣5;♣Q;4
E;NT;N:85.7.84. 64...Q9 2.3.7.5 ..K2.42;♦Q ♦A ♦5;♦4 ♦8;3
E;NT;N:43.92.J. K7...32 Q..T.KT .5.AQ.4;♣Q ♦6 ♦4;♥2 ♠3 ♠4 ♥9 ♦J;2
E;NT;N:9.K.4.J8 3.7..75 KQ..J.Q .6.Q.A6;♦K ♦5 ♠4;♦4;2
S;NT;N:5.K.A.86 K842.5.. J..4.J9 9..J5.7;♥A ♥T;♥K;4
W;NT;N:QT6..KJ. K8.2.7.Q .T4.T6.5 J7..4.K;♦3;♦J ♦K;2
E;NT;N:7..J43.4 .K76..T .AJ.AT. A..96.8;♣9 ♠J ♠8;♣4;3
N;NT;N:98..AQ.9 T4..2.J7 .73..T42 J3.J4.8.;;♦Q ♦A;2
N;NT;N:8.85.6.6 432..J7. 7.Q72.A. 6.9.9.94;;♦6 ♠8 ♥5 ♥8;5
E;NT;N:6.K.5.74 A.JT7.. 9..3.86 82.A.2.;♣5 ♥6 ♠4;♣7;4
E;NT;N:96.5.T.J Q8.4.4. A.Q62.. .9.K3.2;♠7 ♣Q ♣6;♠9;5
W;NT;N:..4.K972 8.A9..A5 Q62.4.6. .62.A8.;♣J;♣K;2
W;NT;N:9.9.Q.73 75..K2.4 62.K8.9. .7.J6.6;♦3;♦Q;2
S;NT;N:7.AQ..T4 T.64.4.8 A8..3.K Q.7..J2;♣5 ♥T;♣T;5
W;NT;N:J.A7..T4 AQ.6.6.7 76..A2.8 ..9.J63;♥5;♥7 ♥A;3
N;NT;N:J6.7.K7. Q2.3..K8 7.J..AQ2 .T4.AT.4;;♥7 ♠6 ♠J;3
N;NT;N:T3.8.5.Q .9.982.K 95.T..T3 Q76..7.7;;♣Q ♥8;1
N;NT;N:87...A62 AT..42.5 J..KQT3. 9.86.5.J;;♣A ♠7 ♠8;3
S;NT;N:.T3.8.92 85..Q2.8 .AK.4.J K.8..T3;♠J ♦7;♣2 ♥3 ♣9 ♥T ♦8;4
N;NT;N:7.2.7.K4 .A76.K.9 A3.Q.5.7 QT5..8.3;;♣K ♠7;3
W;NT;N:Q43.9.4. 2.J.9.Q6 .AQ8.Q7. .K63..2;♣J;♦4 ♠3 ♠4 ♠Q ♥9;3
E;NT;N:7.A.J.J6 K.QT2.. 8..4.T8 5.8..32;♣9 ♦3 ♥5;♣J;5
S;NT;N:J4.A.54. 7.K..K43 6..6.J7 2.T.J.2;♦3 ♣A;♦4 ♦5;4
S;NT;N:.J6.Q2.5 75.T..62 ..T3.QT 62..J.7;♣8 ♣A;♣5;2
W;NT;N:A5.3.2.J 8.J.A3.6 73..K6.K J9.4..3;♠6;♠A;3
N;NT;N:..K4.Q53 A9.K.A.2 T.92.J.6 2.8.52.T;;♣Q;3
S;NT;N:.T9.K.82 K.Q84.8. .A7.65. T2..9.7;♦T ♦2;♦K;5
N;NT;N:.KT.Q75. Q.J2.K.3 KJ43.3.. 8.A97..T;;♦5 ♦7 ♦Q;2
W;NT;N:2.K5..QJ 87..J.94 .83.8.A8 T..65.5;♠A;♠2;1
E;NT;N:AKQ.J..A 5.95.7. 96.T.J. ..96.K7;♥K ♦2 ♠7;♥J;4
W;NT;N:.3.AQ5.8 K3.A..75 J..8.KT6 .K4.3.J;♥7;♥3;2
W;NT;N:K.85.8.Q .KQ..943 T.J9..AK 6..QJ3.;♠2;♠K;3
S;NT;N:6.42.96. J.Q9.75. 4.T..93 K.A3..7;♣T ♣A;♥2 ♥4 ♦6 ♠6;1
E;NT;N:74.A8.T. 3.7.2.2 6.Q.9.3 .T.5.K5;♥6 ♠8 ♠2;♥8 ♥A;5
W;NT;N:T8.62.7. 4.54.T.7 6.K.K.K8 .7.J5.5;♠J;♠8 ♠T;4
E;NT;N:..KJ6.52 9.9.T2. KJ4.7.. .5.854.;♥8 ♠6 ♥2;♦6 ♦J ♦K ♣2 ♣5;3
E;NT;N:.87.J.T8 T2..K2. J9.3..6 .6.3.A2;♠A ♠5 ♦A;♥7 ♥8 ♣8 ♣T ♦J;2
S;NT;N:A.Q4..J2 432.9.K. 5.A.5.6 K.J..K3;♥T ♦Q;♥4 ♥Q;4
E;NT;N:6.963.A. AT.7.6. Q2.5.K. .K.J8.8;♦2 ♠7 ♣3;♦A;2
E;NT;N:52..5.AT 3.K9..Q K..9.98 .72..K6;♦2 ♦7 ♥5;♦5;5
N;NT;N:.J.T73.Q K2.82..T JT6.T.2. A8..AQ.J;;♣Q ♥J;2
W;NT;N:K5.A7..2 J.J8.8.6 93..7.T4 ..J.J95;♥6;♥A;3
W;NT;N:843.7.J. ..Q74.76 K.A9..QJ T.83..8;♦6;♦J;2
N;NT;N:Q5.Q6.K. A2..J.K4 J3.5.9.6 7.3.AQ3.;;♥6 ♥Q;2
N;NT;N:.T8.J.95 5.5.82.T T4..9.K3 .AK.Q.Q7;;♣5 ♣9;3
W;NT;N:.632.2.3 J8.9..A5 .T7.9.T2 K.5.3.6;♣K;♣3;1
N;NT;N:6.A5.Q8. 92.3.6.9 K.T6..J2 8.K.K2.6;;♥A ♠6;5
W;NT;N:A53.Q..4 .J532..J .T94..82 K.6.Q.T;♦K;♠3 ♠5 ♣4;2
S;NT;N:.Q52.3.6 8.43.Q2. J5.J8.. 6..T.QJ;♦5 ♠9;♦3;1
S;NT;N:.AJ.AQ.5 .K9.6.AK K4...92 A.5.9.J;♠9 ♣4;♣5 ♥J ♦Q ♦A;3
S;NT;N:K4.T9..A Q3.Q.K8. .K.97.4 8...QT9;♣5 ♥6;♣A;4
E;NT;N:.AK.J4.A 8.9..94 K..K3.K 3.Q.T.2;♦6 ♣6 ♦7;♦J;5
S;NT;N:2..J86.K K7..Q.Q2 .3..AT3 4..7.97;♠Q ♥4;♠2;2
E;NT;N:AQ.K.J4. 3.742.. .6.T5.2 84.J.6.;♣3 ♠2 ♠7;♦4 ♦J ♠Q ♠A;4
N;NT;N:.Q3.5.86 K98..6.7 T5.T.Q8. .K.AJ7.T;;♣6 ♣8 ♥3 ♥Q;1
N;NT;N:A.K9.6.T 3.73..K3 4.Q.Q7.4 J7.2..85;;♥9 ♥K ♠A ♦6;5
N;NT;N:97..4.J3 J6.A.Q.5 52..8.K8 A3.T3.K.;;♣3 ♣J;2
E;NT;N:A5.8..72 .T9.8.3 8.A.9.T T.52.7.;♦4 ♦K ♣K;♣2 ♠5 ♣7 ♥8;5
W;NT;N:A2..2.Q9 T3.4.6.5 8.J.KQ.T 754..5.;♣8;♣9 ♣Q;5
N;NT;N:J2.K8..Q 85..K.AJ Q6..93.4 AT3.J3..;;♠2 ♥K ♥8;2
N;NT;N:K2...T92 43.7.A.7 A8.J.7.J 7.A.T2.A;;♠2 ♠K;2
S;NT;N:.9.2.AKQ AK4.J..8 T2..K.4 .T6.Q6.;♠6 ♠J;♦2 ♣Q ♣K ♣A ♥9;1
E;NT;N:KT.84.9. 5.T7..9 3..J6.J .Q.A.54;♠A ♥2 ♠6;♠T ♠K;2
N;NT;N:T.J8..86 6.K4.2.2 7..K.T43 A.AT3.A.;;♣6 ♣8;3
W;NT;N:.J2.6.82 A3..T7.9 .A.A85.5 8.T8..T;♠T;♣2 ♣8 ♦6 ♥2 ♥J;2
E;NT;N:8.Q.52.8 J6...QT .T73..3 ..743.2;♥J ♦6 ♦K;♥Q;1
N;NT;N:T98.7..J 3.3.9.63 7.4.7.T7 .Q8..852;;♣J ♠8 ♠9 ♠T;4
S;NT;N:.J9.K4.8 K5.5.3.T AJ94... .4.8.74;♥3 ♥8;♥9 ♥J;4
E;NT;N:A3..6.T9 .82.4.J 9.96.K. T7.Q.J.;♣A ♦Q ♣K;♣9 ♣T;2
S;NT;N:T72.7..9 A54.8..5 .6.KT5. 9.A3..6;♦9 ♥9;♠2 ♠7 ♠T ♥7 ♣9;4
W;NT;N:3..T.K72 JT7.A.3. Q5.K.6.8 94..J9.;♥T;♠3 ♣2 ♣7 ♣K ♦T;2
N;NT;N:.JT2.3.8 .7.QT.A6 75.8.84. .4.9.KT4;;♥2 ♥T ♥J;3
W;NT;N:JT.J.2.3 3.64.T9. A.Q.63.9 KQ.A.7.;♦Q;♦2;1
W;NT;N:9.Q6..J2 J4.T.QT. 2.985.8. 5.3.J.A;♣6;♣J;4
W;NT;N:AT.J..JT 9.86..K6 8..Q2.82 4.9.A9.;♦K;♣T ♣J ♠T ♠A;2
S;NT;N:.K.AJ2.4 T3.A7.7. ..5.QJ3 7.T.3.2;♦8 ♥J;♦2 ♦J ♦A;5
W;NT;N:.A62.3.K Q3..A82. K.J3.T.6 .4.Q5.7;♦6;♦3;2
S;NT;N:6.T.Q3.Q T9.5..A9 .A.K.83 2.2.T6.;♥J ♥9;♥T;3
S;NT;N:.A.J9.QT 2.97.2.J 8.4.5.7 4.83.4.;♥Q ♠T;♥A;5
W;NT;N:J84.8.7. .5.KJ8.6 AQ5..AT. .4.2.J5;♣3;♠4 ♠8 ♠J ♦7;4
E;NT;N:7..T.Q54 Q.J..87 J.64..2 42..J.J;♦8 ♥2 ♦7;♦T;2
S;NT;N:43.7.9.K T.64.A.3 .5.6.A5 Q.3.T.2;♣Q ♦7;♣K;3
N;NT;N:2.962..J 87..T2.9 .7.Q7.42 .JT5.K6.;;♣J ♥2 ♥6 ♥9;2
E;NT;N:.J.KQ.J5 .KQ..Q8 .8..743 3..J2.6;♠K ♦9 ♥5;♥J ♦Q ♦K;1
N;NT;N:Q.Q.Q8.2 KJ43...J A9.J64.. .5.4.T97;;♥Q ♦8 ♦Q;5
W;NT;N:KQ..Q.K3 5.7.84.8 J.Q92..9 9.A..76;♦A;♦Q;3
S;NT;N:J.6.Q8.5 .93..AT8 K..A.J9 87.2.K.;♥T ♣2;♥6;3
S;NT;N:6.AK.6.T 2.3.K4.3 QJ3...4 KT9.T..;♦9 ♣5;♦6;2
E;NT;N:Q...JT76 2.2.QJ. 53.4..2 .6.2.KQ;♥8 ♥9 ♦6;♠Q;3
N;NT;N:Q2..A8.T .Q4.K.63 K5.32.3. 7..T.K74;;♦A ♠2 ♠Q;4
S;NT;N:T.3.T8.A .Q7.92.Q 98.5.4. KJ.92..;♣9 ♣8;♣A;2
N;NT;N:7.K9.6.T .J64.T.8 T52.7.7. 64.QT5..;;♣T ♠7 ♦6 ♥K ♥9;3
N;NT;N:3.73.T.3 .K82.5.5 K..8.Q94 Q.Q..J82;;♠3 ♦T ♣3;3
E;NT;N:A..2.K86 .85.4.J .A.Q.A2 63.2..7;♠T ♣Q ♦3;♠A;5
E;NT;N:92..J.T6 J5...97 3.3.3.2 .2.964.;♥4 ♦2 ♠8;♣6 ♠2 ♠9 ♦J;2
W;NT;N:3.K2.2.A 52.3..J2 T7...Q84 .64.JT.;♦K;♦2;2
E;NT;N:J.98.2.J .K6.JT. 5.T3..Q .2..K87;♠3 ♣5 ♦9;♠J;2
N;NT;N:Q3.8..A3 9.9.T76. .64.AJ8. 6.2.54.5;;♥8 ♠Q ♣A;4
S;NT;N:.T.872.A .K54.A.2 J8..Q.7 9.A.T5.;♥9 ♦K;♥T;1
E;NT;N:6..J6.62 2.Q.T.K J3...A8 .873.9.;♣Q ♥J ♦2;♣2 ♣6;3
W;NT;N:.J3.A2.6 T.K8..AQ K98..6.7 63..7.9;♣5;♣6;2
W;NT;N:2..76.Q8 74.A.4.A 3.543..K K..52.J;♠5;♠2;1
N;NT;N:.T9.K.J6 8.A.Q.Q2 .KQ8..KT 753.J6..;;♥9 ♥T ♦K ♣6 ♣J;3
N;NT;N:T.Q4..QJ 632...92 85.2.Q7. .T6.T4.T;;♣J ♣Q ♠T ♥Q ♥4;4
N;NT;N:..65.K62 QT..2.53 A765...A .QT7..Q4;;♣2 ♣6 ♦5 ♦6;4
W;NT;N:3..K65.6 92.6..K4 7.J.3.A5 T.3..Q7;♦J;♦K;5
S;NT;N:.5.Q6.65 5.2.A3.K 986.K.. 7..K87.;♥J ♥T;♥5;5
W;NT;N:6..J.T92 85.K.5.K 43.64.T. ..7.J63;♠9;♠6;1
N;NT;N:T76.J9.. K95..Q.A .KQ..J72 .65.T6.9;;♥9 ♥J;2
N;NT;N:K4..Q.J8 9.65.62. Q7.4.7.A 2.9.T3.T;;♠4 ♠K ♣8 ♣J ♦Q;5
W;NT;N:J4.K.64. 8.A6.9.J 7.QT.2.A 9.3.K.2;♣8;♦4 ♦6 ♥K;3
W;NT;N:5.2.2.Q3 .J98.73. A8..Q.92 3.5.A.6;♣4;♣3 ♣Q;4
E;NT;N:.KQ4.J.T A43..3. .52.9.9 2.8.6.5;♣7 ♦K ♣A;♣T;1
S;NT;N:9.K.AQ.5 A3..6.86 4.T82.. 65...Q4;♦8 ♠T;♦Q ♦A;3
E;NT;N:4.6.J5.Q .54.9.7 J3.J7.. T2..A.6;♠Q ♠8 ♦6;♠4;3
N;NT;N:J9..A5.8 KQ76.K.. 8..T6.52 AT.7.Q.9;;♦A;2
S;NT;N:T.J.Q8.K 9.Q9.A.9 .874.3. .32.5.4;♠7 ♠K;♠T;1
E;NT;N:K.T.86.7 965.A.. T.84..6 .Q2.J.T;♥5 ♠2 ♠A;♥T;2
S;NT;N:.Q.AQ4.7 AQ74...A T95...T 8.76..Q;♣5 ♦K;♣7;1
S;NT;N:J.6.65.8 4.5.4.A7 K..97.K .T3.2.J;♣5 ♠9;♣8;2
S;NT;N:2.4.94.7 K.9..K54 .QJ7.3. .65..JT;♠4 ♣A;♠2;1
W;NT;N:2.A3.8.A .9.4.K62 T.4..J94 .Q5.K7.;♦3;♦8;4
E;NT;N:62.KQ5.. Q8.9..4 4...J87 9.2.Q8.;♦A ♣T ♠3;♠2 ♥5 ♠6 ♥Q ♥K;1
S;NT;N:AT.2.K.J J.Q..K72 .J9.4.4 .A6..83;♦7 ♦9;♦K;3
W;NT;N:9.AT.4.6 J..9.AQ8 .53.6.K2 .2.AK.3;♠Q;♠9;1
N;NT;N:5.T5.9.3 T.8.Q43. 82.Q64.. .AJ.KT5.;;♣3;1
E;NT;N:A3.A8..J 9..65.8 4.T.JT. 8..8.AK;♣Q ♦4 ♣4;♣J;2
E;NT;N:.4.T932. K.Q..54 A.A..A6 .J7.4.J;♠T ♦7 ♥K;♦2 ♦3 ♦9 ♦T ♥4;4
W;NT;N:8..AT8.T 2.753.6. J.4..953 7..J4.8;♠3;♠8;3
N;NT;N:2.J..J64 7.K.T.A9 ..542.T3 .43.983.;;♣4 ♣6 ♥J ♣J ♠2;1
N;NT;N:6.Q5..K4 QJ.A..82 .8.J2.QJ 75.6.KQ.;;♥5 ♥Q ♣4 ♣K ♠6;2
N;NT;N:T543.5.. QJ.8..97 9.AQ.J.6 K7..7.J4;;♥5;3
W;NT;N:6.A.J96. QT.5.53. 8.43.4.Q A7.8..2;♦T;♦J;4
N;NT;N:A.83..KJ J.T7.8.A 3.A6..64 T.2.A4.3;;♠A ♥3 ♥8 ♣J ♣K;2
E;NT;N:J..J96.4 .6.2.QJ 43..K5. 8.97..6;♥2 ♥5 ♣8;♣4 ♦6 ♦9 ♦J;5
E;NT;N:7.K5.J.Q .Q8.7.9 K8.4..A ..AK.K2;♦Q ♦6 ♣6;♦J;2
W;NT;N:T9.Q.KT. J..92.A2 6.7.J4.7 .KJ3.3.;♠5;♠9 ♠T;2
E;NT;N:3.K.T2.K 52.2..A J.8.76. A.63..6;♥Q ♠6 ♥A;♥K;1
S;NT;N:7.J6.9.8 T3..6.Q2 85.8.2. .Q72..4;♥K ♦J;♥6 ♥J;2
N;NT;N:Q.K2..32 .A9.6.97 5.J6..KQ 9.754..T;;♣2 ♣3 ♥2 ♠Q ♥K;3
E;NT;N:7.8.T7.Q 8..J8.8 .T6.4.5 K.73..4;♠6 ♣6 ♥2;♠7;3
W;NT;N:52..A7.6 Q...T982 7.8.K8.5 .K65.3.;♥3;♠2 ♠5 ♣6 ♦A;3
E;NT;N:.K83.A.5 6..K7.7 8.7.T9. AQ..85.;♥J ♣3 ♠7;♥K;4
N;NT;N:Q6.63..8 A87..6.6 JT.AJ2.. 3.Q9.4.3;;♣8;3
W;NT;N:J7.T4..3 K6.2.8.7 .AQ.J2.K T8.J.T.;♥7;♥4 ♥T;5
N;NT;N:652..T4. .J98.J7. K.4..K82 8.AK.9.Q;;♠2 ♠5 ♠6;4
S;NT;N:A95.A6.. .K3.K53. .J8.6.J 4.2.92.;♥7 ♦T;♥A;4
E;NT;N:A.7.A3.K 5.3.5.3 .J.K8.4 ..97.A6;♣5 ♠7 ♠T;♣K;5
E;NT;N:5.6.T2.8 3.3..J3 T72.A.. Q.82..2;♣T ♣5 ♠J;♣8;1
S;NT;N:4.5.75.5 72.KJ.8. .T6.T.T QJ.7..K;♦9 ♣8;♦5 ♦7;2
S;NT;N:.6.T9.86 T6..8.Q7 874..J. 5.2.6.A;♦3 ♥Q;♦9 ♦T;3
S;NT;N:T9.A9..Q 6..4.763 .K87.8. K4.6..T;♣9 ♥3;♣Q;5
S;NT;N:..T62.T6 97.K.98. 62.T5.. .AQ.A.8;♠J ♣3;♦2 ♦6 ♣6 ♦T ♣T;1
N;NT;N:..7654.5 75.97..7 A4.3.2.A J2.T2..3;;♣5 ♦4 ♦5 ♦6 ♦7;5
E;NT;N:.2.Q8.K6 .K.5.AQ 6.3.JT. .A5.3.3;♦9 ♦6 ♠7;♦Q;4
E;NT;N:A..A7.Q4 .32..A6 K83.A.. 4.7.K.9;♦5 ♠Q ♣K;♦7;4
E;NT;N:.Q32.Q6. .T..K53 .6.3.T4 54.4.8.;♠7 ♣Q ♣2;♥2 ♥3 ♦6 ♦Q;3
E;NT;N:3.T.7.43 96...AT .J8.3.7 K.4.4.9;♥6 ♦J ♦9;♥T;2
S;NT;N:3.J..T73 4.T5.A.6 K7.2.9. T.A.83.;♠2 ♦7;♠3;1
W;NT;N:7.A.KJ.A 9.865.T. .KT.2.97 .Q7.4.5;♦9;♦J ♦K;4
N;NT;N:4.AT..32 J7.5.4.4 .86.KT3. 85..J.65;;♥T ♥A;2
N;NT;N:J.AK.7.5 T3.J94.. Q7..4.T2 9.T6.9.9;;♠J ♣5 ♥K ♥A;5
N;NT;N:QT6.KQ.. 7.5.Q.A2 A.3.432. .4.KJ.QT;;♥Q ♥K ♠6 ♠T ♠Q;5
S;NT;N:9.9.T.63 T..75.T9 4.54.Q. J..A.K5;♥6 ♣8;♥9;1
N;NT;N:J.2.AJ.2 A43..Q5. .AT.T.J3 K.6.8.84;;♦A ♥2 ♣2;4
S;NT;N:32.2.A7. .3.J.KQT 9.5.9.9 6.8.K.A;♠5 ♠7;♠2 ♠3;2
N;NT;N:8.T.Q.73 KT.8..K6 3.9.7.94 J.4.J.T8;;♥T ♦Q;2
W;NT;N:5.9.J8.A 9..52.T2 .A65.A.4 .KQ3..8;♦9;♦8 ♦J;4
W;NT;N:.Q2.6.K4 .JT6.Q2. .5.T53.J .4.A7.Q;♦8;♦6;2
N;NT;N:5..K75.3 A2.T4.4. T.Q8.Q.4 Q..T.J72;;♦K;3
E;NT;N:7.Q87..2 J6..7.4 8..82.5 4.2.3.9;♣A ♥A ♦Q;♣2;1
W;NT;N:A8.T2..9 T72.6..K 3..K6.JT 4.J9.A.;♣2;♣9;2
S;NT;N:J4.4..53 97..J.AK 5.6.8.6 T.J.Q.Q;♥K ♣7;♥4;2
E;NT;N:T8.3.A8. 2.75..3 5.T6.9. 4.4..85;♠Q ♣4 ♣2;♠8 ♠T;2
S;NT;N:J3.4..K8 6.T.Q8.3 9.A.5.A .8..Q75;♠7 ♥Q;♠3;5
S;NT;N:J.T2..AK A.8.JT8. .A7.KQ. 96..7.2;♦9 ♣7;♥2 ♥T ♠J ♣K ♣A;3
N;NT;N:.Q65..85 Q6.T7..A K..KJ.Q2 9.A3.9.3;;♣5 ♣8;3
N;NT;N:Q2..5.K8 4..AJ.43 K96.K7.. 87.8.T9.;;♠2 ♠Q ♣8 ♣K;5
S;NT;N:.73.96.6 .T4.T.94 KJ..4.J T4.6..K;♦8 ♣5;♦6 ♦9;1
W;NT;N:9..K.KQ8 .J94.7.2 .5.642.9 5.3.J.T;♥8;♣8 ♣Q ♣K;2
N;NT;N:J5.63..4 K4.7.2.6 3.T9.T.J A8.KQ.3.;;♣4;2
W;NT;N:J.T.3.98 T6.K.5.A .A.Q86.Q 73.6.7.;♣2;♣8 ♣9;4
N;NT;N:9.3.Q.Q4 764..65. QT.A7..K .85.3.93;;♦Q;5
E;NT;N:.T2.T.73 95..Q.T A7.9..6 Q6..7.8;♠K ♠3 ♣Q;♥2 ♣3 ♣7 ♥T ♦T;2
N;NT;N:J.96.95. 93.2.Q3. 5.AJ75.. T6.K.7.8;;♥6 ♥9 ♠J;5
E;NT;N:T..93.82 7.J.7.9 63.Q2.. 4.K3.Q.;♣4 ♥6 ♠2;♣8;3
N;NT;N:.QJ.T3.7 J.8.2.Q4 A.3.J86. Q3.A2.4.;;♦3 ♦T ♥J ♥Q;4
N;NT;N:K9.Q3..Q J.98.74. A2.7.T.6 Q6.2.J.8;;♠9 ♠K ♥Q ♣Q;4
W;NT;N:72.A.6.2 6.9.A2.4 K.6.T9.5 3.5.J5.;♥8;♥A;3
S;NT;N:K..A.A96 4..KJ.53 7.A.82. ..7.T84;♣K ♥K;♣6 ♣9;5
E;NT;N:A8.T..K6 3..QT.5 ..K9.A7 65.9..Q;♦2 ♥8 ♥3;♣6 ♠8 ♠A ♥T;4
S;NT;N:J.5.KJ.3 Q.7.93.2 T.A83.. 6.6.2.6;♠2 ♣4;♠J;3
S;NT;N:A7.8.Q.T .2.62.92 .Q.9.87 .T93..Q;♠4 ♠9;♠A;4
E;NT;N:A75.A.8. 6..6.K8 ..943.2 8.53..9;♥6 ♣5 ♥8;♥A;5
N;NT;N:9..AT4.Q AQ.7.5.9 .A54.9.7 J8.T2..5;;♦4;5
S;NT;N:9.KQ2..2 Q6..4.K6 72.J8.. T.6.32.;♦9 ♥7;♣2 ♠9;4
N;NT;N:T53..A6. 4.A5..72 82..43.K .8.9.Q85;;♠3 ♠5 ♠T ♦A;5
W;NT;N:Q..42.32 7.A.Q.64 A.J9.J.A 2.4.9.T;♥3;♣2 ♣3 ♦2 ♦4 ♠Q;3
E;NT;N:T.T.95.8 82.7.T. A...AT2 J..Q62.;♦4 ♥2 ♠Q;♦5 ♦9;5
W;NT;N:6..K9.97 4.A2.7.3 K32.9.2. T.4.Q4.;♠Q;♠6;5
E;NT;N:2.J.AT.K A.3.K3. .Q7.4.8 T..7.AT;♠4 ♥K ♠K;♠2;1
S;NT;N:32.A6..3 K.J3.62. .4.9.92 8..QT5.;♥8 ♣8;♥A;3
W;NT;N:Q64.J.8. .65.A6.5 AK5.3.4. .AT4.2.;♥2;♥J;4
W;NT;N:9.83.J.5 .K9.63.7 4.A.K.K3 J3..Q.2;♠5;♠9;5
E;NT;N:A54.AQ.. 8..85.K .94.6.4 .8..AT9;♥K ♥T ♣7;♥A;5
S;NT;N:.J3.4.64 A.8..AK3 .76.86. 4.42..5;♥K ♠7;♥3 ♥J;5
W;NT;N:53.J..A2 ..Q96.T4 74.A6.K. .K3.2.9;♣6;♣A;5
N;NT;N:KQ6..96. .K.K.KJ8 J.83.7.2 .T74.42.;;♠Q ♠K;3
E;NT;N:.K9.5.A2 6.8.K.7 .5.7.J4 A3.AT..;♥2 ♠2 ♠K;♥9 ♥K;3
S;NT;N:2.A3.5.K .K7.KQ9. .2.J3.6 9.4.AT.;♠7 ♣8;♠2;3
N;NT;N:T2.J.9.K J.76.2.T Q.Q9.8.5 K953.2..;;♥J ♣K ♦9 ♠2;4
W;NT;N:84..7.A4 K.3.3.98 .7.K64.K .J6..75;♠Q;♠4 ♠8;2
W;NT;N:Q.5.T4.7 53..KQ8. .K.J9.T4 .Q4..K5;♠9;♠Q;3
W;NT;N:7.J.T.42 AQ.K8.4. .AT2.A.6 4.3.82.;♠T;♠7;3
E;NT;N:Q..AQ8.8 .KJ.2.Q 9.98.4. .6.JT6.;♦3 ♣J ♠4;♦8;4
N;NT;N:87..J3.Q .KT.6.AK 3.J.Q.T5 K9.86..3;;♦3 ♦J ♣Q;1
E;NT;N:J3.5.5.8 4.JT3.. ..A9.A3 K2..T.J;♥8 ♠9 ♥9;♥5;3
E;NT;N:.AQ3.J9. Q95.5.. .K9..J5 3...Q43;♥2 ♦T ♠8;♥3 ♥Q ♥A;5
N;NT;N:92.QJ.T. 5.A3.2.J A..9543. 3.T87..K;;♦T;5
S;NT;N:84.A86.. .74.T2.3 .J.6.Q5 .T2.A9.;♦J ♦7;♥6 ♥8 ♠4 ♠8;5
S;NT;N:T..KT.J7 J7.QJ2.. .K.6.T2 Q..Q3.6;♠6 ♣K;♠T;3
W;NT;N:.K42..96 9.98.J6. AK2.T.7. 83..T.8;♦4;♥2 ♥4 ♣6 ♥K;3
W;NT;N:Q8.J.5.5 KT9.5.3. 4.A.T4.3 7.4..92;♠6;♠8 ♠Q;2
S;NT;N:3.54.6.3 5.97.A.K 962...T .K.T.98;♥Q ♠7;♥4 ♥5;4
N;NT;N:98.T..AJ 3.A.9.Q5 .J5.K5.8 54.8.3.9;;♠8 ♠9;4
E;NT;N:T7.4.7.7 6..54.8 .J5.3.A Q9...52;♥T ♥9 ♠2;♥4;3
W;NT;N:.Q3.T8.2 5.5.73.Q K4..Q.93 63..5.7;♥8;♥Q;4
W;NT;N:T.7.K6.A 5.T9.A2. .6.J7.T9 8.AJ5..;♣J;♣A;2
N;NT;N:A4.2.K2. Q5.98.7. ..AQ8.Q7 2.A6.T.J;;♦2 ♦K ♠A;5
W;NT;N:975..2.9 T.73.Q9. Q.T2.7.5 2...KT2;♠A;♠5 ♠7 ♠9;1
N;NT;N:T.3.43.3 K7.J74.. 8.2.A2.8 6..J65.T;;♦3 ♦4;1
W;NT;N:8.T.76.A .K.K42.3 2.Q.QT.J T.762..;♠A;♠8;1
N;NT;N:.J.86.Q5 83.94.4. J5.8.J.7 4.T.5.J3;;♦6 ♦8 ♥J ♣Q;5
E;NT;N:72.K.J8. A9.8..Q 53...86 J.6..J4;♦4 ♠T ♦9;♦J;3
W;NT;N:.J9832.. 8..J.532 T.Q.A63. 74.AK..;♣7;♥2 ♥3 ♥8 ♥9 ♥J;2
N;NT;N:T72.K..6 4..A62.8 Q6.95..T 3.AQ72..;;♠2 ♠7 ♠T ♣6;4
N;NT;N:.7.T4.72 AK9..Q3. .AT..QT9 5.K4.2.A;;♦4 ♦T ♥7;1
S;NT;N:2.8.96.K Q3.9.Q.3 .32.4.5 K.J6..2;♦A ♥Q;♦6 ♦9;3
W;NT;N:K2..8.J4 Q.8.9.75 T5.65..9 98.J..3;♦T;♦8;3
E;NT;N:K.9..J97 7..J2.8 9.2.T7. .A4..42;♥J ♠3 ♦4;♥9;3
N;NT;N:.T98..J3 95.K.K.K 82.64.2. 4..QJ.A2;;♣3 ♣J;1
S;NT;N:72.K.Q6. .98.5.K4 6..9.T2 Q...Q65;♦3 ♣7;♦6 ♦Q;3
S;NT;N:74.4.42. K86.3..8 .5.T3.T .2..J74;♥K ♥A;♥4;1
W;NT;N:54..A7.2 KT.8.6.8 Q9.A.83. ..T.QJ5;♠2;♠4 ♠5;1
N;NT;N:J.5.8.Q7 .2.A.A62 T.QJ3.Q. 3.7.KT.5;;♥5 ♠J;4
S;NT;N:.AQ.Q93. 9.6.T2.6 KT.T.8. .932.4.;♣8 ♦A;♦3 ♦9 ♦Q ♥Q ♥A;5
E;NT;N:7.5.K4.6 8.J.3.5 A..T2.2 .7.A.AQ;♣3 ♥2 ♠6;♣6;2
E;NT;N:4.4..J54 .65.J.8 Q..742. .2.K6.2;♠J ♠T ♥A;♠4;1
S;NT;N:98.K.A.4 AQ6..K5. ..842.J T..3.95;♠7 ♥9;♠8 ♠9;2
S;NT;N:.A.T3.Q8 AT.4..94 7.5.K.2 .T.9.T5;♥9 ♦A;♥A;4
E;NT;N:J73...K5 .5.AT5. .Q3..72 2.K64..;♠9 ♦J ♠8;♠J;5
S;NT;N:.T86.T4. 9.Q4.Q.7 8.3.65. .A.A.KT;♥K ♣8;♥6 ♥8 ♥T;1
S;NT;N:T6.J74.. .86..T75 .AQ9.7. 4.5.9.2;♦K ♦3;♥4 ♥7 ♠6 ♠T;5
N;NT;N:K.53.84. J2.Q6..Q Q4.T8.3. 5..K5.J4;;♠K;3
E;NT;N:8.T.A83. J9...KQ 7.Q..A3 .9.Q5.9;♣T ♠T ♥4;♦3 ♦8 ♠8 ♦A ♥T;2
N;NT;N:J5.7.Q2. 94..J.K7 K8.K4..3 QT7..T.5;;♦Q ♥7;5
W;NT;N:5.6.8.32 K7.Q2..4 A86..75. 2.8..T6;♠T;♠5;2
E;NT;N:J75.K..K .J.AQ.4 3.Q.K.5 T82.7..;♣T ♣J ♥4;♣K;4
W;NT;N:7.A3.8.Q Q..J.J73 .2.T3.AK K.75..2;♥K;♥A;3
N;NT;N:K65.7..J Q.T5.86. ..K75.83 AT7.9.J.;;♥7 ♣J ♠5 ♠6;2
W;NT;N:642...A2 5..A.KQ3 97.Q.42. K.J.T.9;♦9;♠2 ♠4 ♣2 ♠6;2
W;NT;N:Q.5.53.4 6.92..J8 .AK.J.K2 9.8.2.Q;♣9;♣4;4
E;NT;N:8.T7.A5. 4..2.T7 J.Q.J.J 7.9.73.;♦Q ♥4 ♦8;♦A;5
W;NT;N:J6.6.A.8 Q8.98.Q. T.5.J5.7 4.T.83.;♠A;♠6 ♠J;1
W;NT;N:Q62.Q.A. 3.4.6.72 9.98.T5. 4.J3..K;♣3;♠2 ♠6 ♠Q ♦A;3
N;NT;N:A.6.4.83 T4.4.Q.2 .3.95.T5 J8.J.A.A;;♣3 ♣8;2
S;NT;N:.54.2.A9 K72..7.4 T4.A2.. AJ..8.7;♠6 ♣8;♦2 ♥4 ♥5 ♣9 ♣A;1
S;NT;N:.K.A7.64 5.3.6.A8 AT.4.3. 76..Q.2;♥T ♠4;♥K;3
S;NT;N:A8.QT..3 KJ7..9.T .86..J6 .3.J7.9;♠T ♣A;♠A;5
W;NT;N:K.2.Q9.2 A8..73.6 T6.K.J.4 Q..K84.;♣Q;♣2;2
S;NT;N:.A.J4.Q3 Q852..8. ..T3.52 .94..T7;♠T ♥2;♣3 ♦4 ♦J ♣Q ♥A;1
W;NT;N:Q9.8..64 .7.A5.KJ A86..K.3 ..J8.75;♠3;♠9 ♠Q;4
E;NT;N:65..Q.T7 .3.A9.K A.765.. T87..T.;♣4 ♠Q ♣8;♣T;5
S;NT;N:3..QJ.J3 KT8.9.5. .K.T.T2 .T.4.75;♣A ♥3;♣3 ♣J;5
S;NT;N:2.KJ.Q7. 94..5.T2 A..AK.3 6.T6..8;♣J ♥Q;♠2 ♦7 ♦Q ♥J ♥K;4
N;NT;N:KT...Q64 .Q876.K. 7.J.A54. J54..9.3;;♣4 ♣6 ♣Q ♠K;4
E;NT;N:5.KJ..64 .965.8. 83.4.7. Q4..9.Q;♣2 ♠7 ♦Q;♣4 ♣6;3
E;NT;N:.K5.7.QT .A2.K6. 6.73.2. .6.AJ.K;♣2 ♦Q ♣8;♣T ♣Q;1
E;NT;N:.QJ.A4.A 4.K2..4 KQ.8..6 .5.K5.3;♦Q ♠T ♣J;♦A ♦4;3
W;NT;N:K6.9.J.K A98...Q9 2.76.AQ. 3.8.7.8;♣4;♣K;5
N;NT;N:.J.93.JT 64.K.8.4 Q..J52.8 K73.Q..A;;♦9;3
S;NT;N:..KQ7.Q2 .Q.A62.T .94.83. 5.KT..J;♦T ♠Q;♦7 ♦Q ♦K;1
N;NT;N:8.T.A.T3 954.Q5.. K.AK7..6 ..Q832.5;;♣3 ♣T ♥T ♠8 ♦A;5
E;NT;N:76.3..A3 .K..K95 AK..9.6 .4.85.J;♣2 ♣Q ♥9;♣3;5
S;NT;N:Q8.2.7.8 7.Q5.85. .7.K.Q3 KJ..AQ.;♥K ♦2;♥2;3
E;NT;N:..972.84 J9.2.4. 4.QT..9 A7..3.3;♥3 ♥5 ♦5;♦2 ♦7 ♦9 ♣4 ♣8;4
E;NT;N:Q5..J94. K.7..A7 JT.93.. .4.5.96;♣8 ♠A ♦3;♦4 ♠5 ♦9 ♦J ♠Q;1
N;NT;N:.T.7.K73 973.Q5.. JT4..5.T ..QT92.J;;♣K ♥T;3
W;NT;N:A.K.6.A4 ..K3.K52 72.Q2.T. 3.65..6;♠6;♠A;3
S;NT;N:3.Q9.4.8 A5.2.6.5 K2..KQ. .8.T83.;♣3 ♣J;♣8;2
N;NT;N:.96..K73 T42.T..A A9..K32. .K2.Q5.4;;♣3 ♣7 ♣K ♥6 ♥9;2
W;NT;N:842.Q..2 73..J.A7 AK.9.A2. .T.T6.8;♦3;♣2;5
N;NT;N:.A8.T6.3 K..K.A82 J5..A.K7 6.53.8.6;;♦6 ♦T ♥8 ♥A;3
E;NT;N:85..T.QJ .9.9.A3 Q.A.K.2 7..2.85;♣T ♥4 ♥T;♣J ♣Q;4
N;NT;N:3..A5.A4 82..8.K3 A.9.62.6 .54.K.QT;;♦A ♣A ♠3;5
W;NT;N:82..K8.Q 3.QT.4.3 J.A8.J.9 .K.AT.8;♥5;♦8 ♦K;4
S;NT;N:AQ6...74 K83.2.T. ..954.A J.6.K6.;♣K ♥A;♣4 ♣7;2
W;NT;N:.T85.9.T .KQ4.4.5 KT87.2.. .9.T8.8;♠Q;♥5 ♥8 ♥T ♦9 ♣T;4
S;NT;N:.Q.AQ.A8 T.A94.2. .3..QT4 7..73.J;♥K ♦J;♥Q;1
N;NT;N:6..65.K5 J5.84.2. AQ2..4.T .9.Q.J64;;♠6;5
E;NT;N:7.2.T5.6 2.A.7.4 8..6.A7 ..98.K9;♠4 ♥T ♥Q;♠7;5
N;NT;N:9..K.T95 3.Q8.4.Q 4.75.A8. .K..AJ64;;♦K ♠9;3
W;NT;N:752.8.A. 63.A..Q4 4.2.654. .KJ.T2.;♦8;♦A;2
N;NT;N:.J.98.K5 .92.6.84 3.3.T54. Q7.A..Q9;;♦8 ♦9 ♣K;4
N;NT;N:85.7.7.4 K2.Q8.T. A.92.J6. T3.63.5.;;♥7 ♣4;4
S;NT;N:A7.Q5.7. T.J.6.K5 9.3..T4 4.2.2.A;♠3 ♠6;♠A;5
W;NT;N:K9.J83.. .A.94.53 8..65.62 2.52.3.;♠A;♠9 ♠K;1
W;NT;N:J5.7.J.5 T4..6.A3 A3.A..Q6 .K98..K;♠2;♠5 ♠J;4
E;NT;N:K6..73.A 9.Q.K9. 8.94..K T3..8.5;♣2 ♦5 ♥A;♣A;2
S;NT;N:.T84.K.K 2.5.82.8 3.J.3.T T7..A.3;♥K ♥2;♥4 ♥8 ♥T;4
S;NT;N:8..853.T KJ.T3..Q .654..J .Q.A9.9;♠A ♠2;♠8;1
E;NT;N:2.AK4..Q .6.2.85 .85.9.T J8.T..A;♣9 ♦T ♠5;♣Q;4
N;NT;N:A4.J3..4 3.8..AK6 6..Q65.7 K8.K7..2;;♠A ♣4 ♥3;1
S;NT;N:K.543.J. 6..6.J93 4.7..76 .J.T83.;♦4 ♠T;♦J;2
S;NT;N:4.6.T2.6 632..Q7. 85.A5.. Q.8..97;♣Q ♦K;♣6;3
S;NT;N:5..K.Q87 8.4.T3.5 43..5.2 JT.5.A.;♥Q ♥T;♠5 ♦K;4
W;NT;N:Q97..4.6 A8.Q3..2 6.AJ.T6. .5.Q2.7;♦5;♦4;2
E;NT;N:A..5.K98 72.4..6 5..83.7 ..T97.J;♣2 ♦J ♠9;♣8 ♣9;4
S;NT;N:Q.4.J4.5 8...A984 2.Q.96. .J82.T.;♠A ♥T;♠Q;5
E;NT;N:4.62..A5 Q..82.6 ..AJT.T A.7.Q.8;♠3 ♦4 ♣3;♠4;5
E;NT;N:54.J8..T .K..842 6.Q..73 A8..3.9;♣5 ♠T ♠7;♣T;1
N;NT;N:.93..KJ4 63.A6.T. AT8.2.7. J5.J.K.A;;♥3 ♥9 ♣4 ♣J ♣K;1
W;NT;N:9..KT4.2 Q3.8.A.3 5.94..Q8 2..7.76;♠6;♠9;2
W;NT;N:Q5...KT9 A43..A.5 .4.K2.83 92.J8..;♣6;♣9 ♣T ♣K;3
W;NT;N:AT.87..3 .AQ54..8 87..T4.4 9.3.AK.;♦8;♣3 ♥7 ♥8;3
S;NT;N:85..K.J7 Q.6.74.9 .JT5.9. .74..32;♣5 ♥9;♣J;4
N;NT;N:T.Q82.T. .K4.73.6 96..2.AQ 32.95..3;;♠T ♥2 ♥8 ♥Q;3
N;NT;N:9.T5.AJ. Q8...963 4..74.A5 J.3.KQ.8;;♥5 ♥T ♠9 ♦A;3
E;NT;N:T87..64. 2.9..J7 K.J.7.4 5.Q.T.T;♠9 ♣A ♥3;♠T;2
N;NT;N:98.862.. 4.K7..K3 .9.Q6.A6 7.AQ.84.;;♠8 ♠9 ♥2 ♥6 ♥8;3
S;NT;N:8.7.9.Q5 A76.5.6. .K3.A.4 Q.2..K9;♥8 ♦8;♥7;4
E;NT;N:A3.5.8.6 KJ6.2.. 5..J.KJ .QT7.9.;♣8 ♠7 ♠Q;♣6;1
N;NT;N:4.J2.T.J 3.6.2.K9 A7.84.9. JT5.T.8.;;♥J ♦T ♠4;4
W;NT;N:JT.J.T7. A..42.63 9.3.J65. 6.Q4.3.;♠2;♠T ♠J;2
S;NT;N:.T.T.AKT 3.AJ9..9 .K6.9.3 J9.8..8;♠5 ♠6;♣T ♣K ♣A ♥T ♦T;1
E;NT;N:A7..J.75 ..84.93 .9.53.6 6.87..A;♥5 ♣K ♥3;♣5 ♣7;3
N;NT;N:.K52.Q7. A..84.92 2..A.A53 J6..J5.8;;♥2 ♥5 ♥K;5
S;NT;N:Q9.54.5. J62.J.A. A7.AQ.. .63.J.9;♥K ♠3;♥4 ♥5;5
E;NT;N:KT.8..T8 .KQ..KQ .3..AJ3 .2.4.94;♦8 ♥7 ♠A;♣8 ♣T ♥8 ♠T ♠K;1
E;NT;N:8.K9..52 A.6..AK 54..83. .4.6.T8;♦A ♦Q ♠T;♣2 ♣5 ♠8 ♥9 ♥K;1
N;NT;N:97.7.3.J 85.J6..A .AK8.K.9 6.3.T4.7;;♠9;5
S;NT;N:..Q9.963 93.5.53. .A42.4. ..KT.K8;♠Q ♣J;♣3 ♣6 ♣9 ♦9 ♦Q;4
E;NT;N:Q.K6.T8. .9.32.5 6..J6.8 J4...QT;♠2 ♥Q ♣3;♠Q;5
E;NT;N:432..QT. K9..J.J T6.9.9. .AJ8..6;♣Q ♠Q ♣4;♠2 ♠3 ♠4 ♦T;2
W;NT;N:T.6.9.T3 9..T4.96 8.J5..Q8 6..65.2;♠2;♠T;5
S;NT;N:42..AT.5 5.5.6.K4 .K.J.J3 8..874.;♥T ♠J;♠2 ♠4 ♣5;4
N;NT;N:K.8.93.4 63.A2..5 .KQ.62.6 ..T84.Q2;;♣4 ♠K;2
E;NT;N:.9.54.QJ .2.A9.A 3.AJ..2 J.Q.7.4;♠9 ♥6 ♥3;♦4 ♦5 ♥9 ♣J ♣Q;1
S;NT;N:K4.Q4.K. 6.A3..KT 7.K.3.4 A.J8..J;♦9 ♣Q;♦K;1
N;NT;N:Q..52.76 .T.T.K85 7.A4.Q9. A.K.KJ8.;;♠Q;2
W;NT;N:.Q32..K8 2.8.92.5 A4.J.K.4 .A.84.Q;♥K;♥2 ♥3 ♥Q;3
E;NT;N:3.A4.QJ. 7..42.T 4.J7..9 T.9..AQ;♣3 ♦6 ♦8;♥4 ♠3 ♥A ♦J ♦Q;1
E;NT;N:32.J.8.2 .A.K54. .53.9.J KT6...6;♦3 ♣4 ♥T;♦8;2
E;NT;N:A75.3..K K8...32 3.K.K9. J.7.J3.;♥A ♣Q ♥4;♥3;2
N;NT;N:K.A.5.J7 6.62..T2 7.T5..AK Q4..A6.8;;♣7 ♣J ♥A ♠K;5
N;NT;N:.53..KT5 5.7.Q8.2 2.J9.4.7 3.2.A7.4;;♥3 ♥5 ♣T ♣K;5
N;NT;N:Q.K32..Q .J.93.T4 .AQ.6.J8 54..Q.97;;♣Q ♥2 ♥3 ♥K ♠Q;5
N;NT;N:Q.QT.Q4. 7.K7.8.3 K.52.7.6 92...KT7;;♠Q ♦Q;3
N;NT;N:3.9.3.T5 6.K75..4 Q9..5.Q8 7..7.KJ6;;♠3;3
S;NT;N:A.876..4 2.QT.Q.K ..AJ.Q3 5.9.K.A;♠7 ♥3;♠A;1
E;NT;N:K.32..A8 8.A..Q4 5.9..T7 7.5.J.J;♦9 ♣6 ♣2;♥2 ♥3 ♣8;2
N;NT;N:K..AK5.T T863..T. .KT.7.A5 Q4.5..92;;♦K ♦A ♣T ♠K;5
N;NT;N:K54.6.T. T2.93..T Q.K.8.QJ .J8.KQ2.;;♠4 ♠5 ♠K ♥6;4
E;NT;N:Q6.J..Q4 T.9.K5. 5.6.J.5 93.A..9;♥2 ♣7 ♦7;♥J;4
W;NT;N:T2.6..Q4 ..82.JT6 73.K.T3. 6.Q..32;♠J;♠2;4
N;NT;N:.2.74.75 J8.K4..J 93..J5.2 A62.Q.6.;;♦4 ♦7;2
E;NT;N:K.96.T.K T.J2.4. 6..Q7.3 8.5.A.Q;♣8 ♥T ♣T;♣K;2
S;NT;N:K.Q942.. J5.6.83. 84...JT .5.Q5.9;♣8 ♣4;♥2 ♥4 ♥9 ♥Q;5
S;NT;N:T3.T.93. .8.KJ.76 .A54..2 87..7.5;♥2 ♠4;♥T;2
W;NT;N:.K874.K. A9.T.Q.9 K52..6.J 84.6..7;♠3;♥4 ♥7 ♥8;4
W;NT;N:K92...Q4 .T.93.JT 3.732.Q. 4.Q64..;♦7;♣4;5
N;NT;N:K8.8.7.6 73..3.T2 4.A.T4.J Q.KJ..94;;♠K ♣6 ♦7 ♥8;5
W;NT;N:KJ.8.5.Q 7.6.A8.9 T5.J..T3 9.2.T4.;♥3;♥8;4
E;NT;N:92.4.7.K 53...AQ K.A.QT. 6.T.2.7;♠J ♣3 ♦3;♠2 ♠9;2
E;NT;N:J93..Q3. 6.4.54. .T7.K.4 .85.J2.;♣9 ♦9 ♣T;♠3 ♠9 ♠J ♦3 ♦Q;3
W;NT;N:7.3.J2.3 3..K6.T4 ..AQ97.J ..4.AQ9;♥A;♥3;1
E;NT;N:96.5.T.4 A.T9.J. T7.A.K. .4..KJ2;♦3 ♠8 ♦6;♦T;4
E;NT;N:2.T.KQ9. 9..5.75 75..7.J A8.Q2..;♥4 ♥6 ♠T;♥T;4
E;NT;N:A.2.K5.7 T.Q.A.K 43..2.2 K9.T..5;♦8 ♦9 ♠Q;♦5 ♦K;2
E;NT;N:5..QT.KQ 6.A8..8 Q3.Q6.. .J5..T2;♦3 ♦J ♣5;♦Q;5
W;NT;N:J..4.A92 .J5.95.7 Q7.AT..J 4.32..T;♥9;♣2 ♣9 ♦4 ♣A ♠J;5
S;NT;N:AQ.6..A3 .Q5.9.Q8 .4.84.5 T..AK.2;♣9 ♣4;♣A;3
N;NT;N:T8.9.5.3 .Q.K84.5 3.2.J3.4 J6.K..62;;♥9;1
S;NT;N:.4.94.Q7 A9.K2..4 .AT73.. 84..3.8;♦2 ♣6;♦4 ♦9;5
S;NT;N:T.J5.9.Q 52.T6.J. .Q7..32 Q7.8.A.;♦2 ♠J;♦9;1
S;NT;N:.952.8.2 7.Q6.J9. ..2.AJ9 .73.Q4.;♥A ♠Q;♥2 ♥5 ♥9;4
E;NT;N:K.75.84. 2..7.QJ .6.63.A ..QT5.9;♠J ♣3 ♥K;♠K;3
E;NT;N:T.Q4.8.K 74...J2 9.J.J.T ..Q4.83;♣Q ♠2 ♠3;♣K;4
W;NT;N:K9.J.T6. .82.J52. 6.K6.K.5 7.4..98;♠J;♠K;5
N;NT;N:Q9.T.A.Q J7..42.J ..85.K65 .KJ.KT3.;;♣Q ♦A ♠Q;5
W;NT;N:T84..3.9 AK.9.6.6 .J84.K.4 9.2.J.5;♥K;♦3 ♠4 ♠8 ♠T;2
W;NT;N:Q8..T7.T 953..6.3 A.Q.J3.Q K7.5..9;♣J;♣T;5
W;NT;N:.Q3.JT6. 5.9.K3.K T84.J..9 9.8..Q2;♣4;♥3 ♦6 ♦T ♦J ♥Q;3
E;NT;N:Q9.54..3 6.2.52. T.KT.8. ..6.J42;♠5 ♠K ♠J;♠9 ♠Q;5
S;NT;N:T.T.AJ.5 4.43..74 .J.4.92 8.A8..K;♥2 ♣3;♥T;4
E;NT;N:J.3.53.9 K.A.4.J T.QJ.J. 65.T.A.;♠8 ♦2 ♦9;♠J;1
E;NT;N:.9.85.32 4.3.Q.4 5.K.7.7 J.A2.K.;♠7 ♠9 ♣T;♣2 ♣3 ♦5 ♦8 ♥9;2
E;NT;N:7.8.753. .T.AJ.3 2..2.K2 J.74.4.;♥9 ♥J ♦K;♥8;3
S;NT;N:K.2.K3.7 5.K.94.J A9...84 T43...2;♣6 ♦8;♣7;3
W;NT;N:.K.J8.A7 8.73.K7. J9.82.5. .A..Q43;♠Q;♥K ♦8 ♦J;2
N;NT;N:T5..54.9 .J95.K3. 2.Q.76.J 6...6532;;♦4 ♦5 ♠T ♣9;4
N;NT;N:6.K87.2. K.9.9.T9 9.Q6.T.Q ..K.J643;;♦2 ♥7 ♥8 ♥K;4
W;NT;N:K7..5.A4 .3.8.T32 42..9.75 95.8.A.;♥2;♣4 ♦5 ♠7;2
W;NT;N:.Q.Q5.K5 QT.842.. J6..82.9 K.A9..4;♦6;♦5 ♦Q;4
S;NT;N:KQ..6.A3 J8.42..7 4..T7.6 AT.5.5.;♣8 ♥7;♣3 ♣A;4
E;NT;N:T.75.5.T A2.3..4 3.A.9.A 8.Q.2.J;♦6 ♥J ♦T;♦5;2
S;NT;N:3.5.Q.Q2 A7...KT5 .98.AT. 2.A..84;♦9 ♦7;♦Q;2
N;NT;N:2..QJ6.3 4.Q.53.Q T5.K..A7 9.T86..6;;♣3 ♠2 ♦6 ♦J ♦Q;5
E;NT;N:J6.T9.3. Q..J6.4 8.J.A.7 .5.9.Q3;♥Q ♠5 ♣5;♥9 ♥T;1
E;NT;N:J.T3.7.2 6..4.QJ 97.AQ.. ..JT3.4;♥5 ♦2 ♦K;♥T;5
E;NT;N:98.9..T4 K.5..AQ .J.Q2.2 ..8543.;♠7 ♦6 ♣9;♠8 ♠9;3
W;NT;N:AQ.J.4.3 K.Q8.5.A .92.A2.2 6.T3.J.;♦T;♦4;1
N;NT;N:7.63.T.5 A8.9..K9 J92..A.4 5.K.KQ.T;;♠7 ♥3 ♥6 ♦T;1
E;NT;N:54.9.Q.7 Q.Q7.T. 9.J.75. 3...QJ5;♥K ♠J ♦J;♥9;1
S;NT;N:.9.73.T7 5.A6.T.4 6.Q5..9 7.3..A2;♦6 ♦5;♦3 ♦7;1
N;NT;N:Q.5.Q92. .A3.85.A K.9.6.J3 T8.T.T7.;;♠Q;4
W;NT;N:Q.A.J.Q3 K5..4.A6 .94.7.72 T9..53.;♦6;♦J;2
N;NT;N:.T73.A.3 .AJ..A94 .6.53.T6 J9.K.K8.;;♥7 ♥T ♥3 ♣3 ♦A;1
E;NT;N:J6.42..J K..K8.Q .9.5.52 .J.T6.8;♠9 ♦2 ♦3;♠J;1
W;NT;N:.92.3.83 6.54.4.T .AT.A8.Q 4.J.5.A;♠A;♥2 ♦3 ♣3 ♣8 ♥9;2
W;NT;N:4.AKT.J. T2.73..2 7.5.K.93 ..T84.A;♠Q;♠4;3
W;NT;N:765..3.6 Q4.2.97. A.9..K87 KT2..A.;♠J;♠5 ♠6 ♠7;5
E;NT;N:J.J72..T .T.2.94 3.K.5.6 A8.A.J.;♠5 ♥8 ♥4;♠J;2
N;NT;N:.T9.Q8.2 J.76.5.5 8.AJ.J.K 7..K.764;;♦8 ♦Q ♥9 ♥T ♣2;3
S;NT;N:..873.T9 J8.4.J.8 T3.6..J 2.A.5.5;♦K ♠9;♦7 ♦8 ♦3;3
E;NT;N:J.AK.A.3 .8.2.AT 92..T.9 .5.K87.;♥6 ♦9 ♥7;♥K ♥A;4
N;NT;N:T.53..93 6.JT.K.K 2..3.AJ4 .K6.8.T6;;♣3 ♣9 ♠T;4
W;NT;N:KT3.AJ.. 86..KJ6. 5.T..KT7 .K6..Q8;♠A;♠3 ♠T ♠K;4
N;NT;N:K.T3.A6. 5.KQ72.. 2.9.Q2.8 4..T8.T2;;♠K ♦6 ♦A;3
W;NT;N:Q.A5..94 2.JT.A3. T..5.Q53 .K6.T9.;♣J;♣9;5
N;NT;N:J..T.J64 Q.J84..7 K.K75.4. 86.62.8.;;♠J ♣J ♦T;5
N;NT;N:7..74.JT T.9.62.Q A.74.T.A .Q.J.864;;♣T ♣J ♠7 ♦4 ♦7;3
E;NT;N:.K.T.742 JT8..7. .76.2.8 ..K5.A9;♥5 ♥8 ♥9;♥K;1
S;NT;N:KT.Q5.K. .A.4.Q97 A.2.9.2 J8..J8.;♥6 ♦6;♥5 ♥Q;1
S;NT;N:.63..JT6 J5.8..84 2..J9.7 K..A7.A;♦4 ♦K;♣6 ♣T ♣J ♥3 ♥6;1
E;NT;N:5.83..74 8.72.6. KJ..J.5 Q.A6.T.;♣2 ♥Q ♦K;♣4 ♣7;5
E;NT;N:K64...Q6 QJ.4.J. 2.T.QT. .3.96.T;♠8 ♦4 ♠T;♠K;4
E;NT;N:Q.98..K4 A8.Q.4. K74.J.. ..AJT.8;♥6 ♦K ♣5;♥8 ♥9;3
N;NT;N:4.3.4.K3 93..6.84 A.A64..T 8.5.T.65;;♣3 ♠4 ♣K ♥3;5
W;NT;N:AQ5.T..A ..865.Q6 2.8.QT.3 8.J.K.7;♥3;♥T;5
S;NT;N:A.A5.KQ. ..T.K632 J.KJ..J 8.QT8..;♠K ♣4;♠A;5
N;NT;N:AJ.A.7.6 7..5.Q98 Q3.Q.9.5 T64...AK;;♠J ♠A ♦7 ♥A;4
N;NT;N:7..J76.8 JT..32.T A.52.4.4 .A7..A72;;♦6 ♦7 ♦J ♠7;4
W;NT;N:9.Q95..J Q74.T.9. 6..KJ.94 5.J6..3;♣5;♣J;2
E;NT;N:A.92..72 K72.K.. J.8..T8 83.A3..;♦3 ♦7 ♣3;♥2 ♣2 ♣7 ♥9;4
W;NT;N:.3.7.Q86 T7.T.K.2 .KJ76.A. KQ.9..9;♦5;♦7;5
W;NT;N:5.86.J.3 8.5.2.98 2.AQ.7.Q 3.4.65.;♦Q;♦J;1
S;NT;N:3.JT9.3. 42..T4.5 J.A..J7 .64..AT;♦9 ♠7;♦3;1
N;NT;N:Q95.9..T .8.J84.J K.J4.K.2 A4.7.Q6.;;♥9 ♣T ♠5 ♠9 ♠Q;3
N;NT;N:.T9.6.A5 AJ.Q..96 943..9.4 .A8.3.K2;;♦6 ♣A ♥9 ♥T;2
N;NT;N:T.K8.K.5 2.JT..Q7 Q95.4.A. .6.32.KJ;;♥K ♠T ♦K;5
E;NT;N:Q6..4.53 3..Q7.Q 5..8.AT .8.K.82;♦5 ♠7 ♠2;♦4;2
E;NT;N:J..J975. 543.T.. 7..4.K5 .K.AT2.;♣8 ♣7 ♥7;♦5 ♦7 ♦9 ♦J ♠J;1
W;NT;N:7.3.JT8. 93.A4..4 2.T2.5.2 QT..6.K;♣7;♥3 ♠7 ♦8 ♦T ♦J;1
E;NT;N:.8.74.A9 6.2.9.Q 97.4.3. .7.5.82;♦2 ♣5 ♦J;♦4 ♦7;3
S;NT;N:Q..Q85.T T5.T.A.4 98.2..2 .83.T9.;♦K ♠7;♦5 ♦8;3
E;NT;N:95..T.K7 87.J2.. .T..853 4.Q97..;♣6 ♥6 ♠K;♣K;5
E;NT;N:A..A7.Q2 2.T9..9 Q.83.K. 7.5.3.3;♥J ♣7 ♦6;♣2 ♦7 ♦A ♠A;2
E;NT;N:.9.543.T J.2.T9. 6.6.J.2 5.4..54;♠4 ♣J ♣A;♦3 ♦4 ♦5 ♥9;3
N;NT;N:8.953..8 4.J8.J.J 95.7.6.3 Q..32.76;;♠8;1
E;NT;N:.KT.A.52 T7.9.7. 4.6.52. AQ...A7;♦Q ♥Q ♥A;♦A;3
W;NT;N:KT..AQ.5 5..J7.A6 .872..Q9 4..K9.J;♦2;♦Q;4
N;NT;N:T5.J.4.5 9.A.T.63 J.94.2.A K86.3.8.;;♥J;2
E;NT;N:765...84 A..9.32 .Q853.. 9.J.2.6;♥7 ♣T ♦3;♠5 ♠6 ♠7;2
E;NT;N:A.J6..J3 85..9.2 .K.Q32. Q.5.A.6;♠4 ♣5 ♥T;♠A;5
W;NT;N:9.54.94. 6..T2.K5 .Q.A.T86 3.T.Q.7;♥9;♥4 ♥5;4
N;NT;N:K9.T.62. 2.3.T.K7 .Q.94.96 74.2..T3;;♠9 ♠K;3
N;NT;N:T42.K3.. 5..K.AQ9 6.T.98.6 93.Q.Q7.;;♥K ♠T;3
E;NT;N:T..Q.T97 .2.K8.3 Q.A.2.K .QJ.3.2;♣4 ♠7 ♠9;♣7 ♣9 ♣T;4
N;NT;N:.4.4.T92 6.3.K7.6 A..T8.53 8.J.53.8;;♦4 ♣9 ♣T ♥4;3
W;NT;N:QJ.6.4.5 2.KQ..96 9.7.K.72 73.4.7.;♠A;♠J ♠Q;1
N;NT;N:.K86.75. A..Q9.65 863...J2 92..8.Q3;;♥6 ♥8 ♥K;3
S;NT;N:6.T.A7.K .84..J75 K8.7.J. 2.A.2.3;♣Q ♠A;♣K;5
S;NT;N:A.83..84 6.Q6.A6. ..Q.QJ7 J.T.K7.;♣9 ♠2;♣4 ♣8;4
E;NT;N:.A6.8.Q8 J5..2.2 AT...64 .T92.A.;♥Q ♥3 ♦T;♥A ♥6;3
E;NT;N:..Q985.2 T6..2.K AJ.4.6. 32.A..6;♣9 ♦K ♥J;♣2;3
E;NT;N:AK..7.J9 J.K86.. 43.5.4. .4..Q63;♦5 ♣4 ♥9;♦7;3
E;NT;N:T74.7.5. Q3..3.K 6.5.Q.4 J..J98.;♥9 ♥Q ♣8;♥7;3
N;NT;N:T.5.62.A 76..4.86 32.83.5. .A4.Q.32;;♦2 ♦6 ♠T;3
S;NT;N:3.8.62.8 K.43.A.Q .Q.J5.7 8..Q98.;♥9 ♣3;♥8;2
N;NT;N:.A2.J.T2 .Q.9.J76 983.6.5. A5..4.43;;♦J ♥A;3
N;NT;N:32.Q.7.9 ..K5.KQ8 A75.K8.. T.54.6.A;;♠2 ♠3 ♥Q;5
W;NT;N:Q.A.KJ5. T9...A32 3.5.T4.6 ..3.QJ8;♦2;♦5 ♦J ♦K;5
N;NT;N:4.9.92.8 K..T.AQT 2..AJ.52 .QT3..K7;;♦2 ♦9;2
N;NT;N:T3.A3.7. AJ.6.K.A 7..AQ6.2 6.98..64;;♥A;4
S;NT;N:9..AK2.7 3.J84.8. ..J.Q85 7..3.32;♥5 ♦6;♦2 ♣7 ♦K ♦A;2
W;NT;N:T.2.K.Q3 K6.T5.5. 4.K9.4.9 .864..T;♠A;♠T;4
E;NT;N:Q9.K.K5. 53.T6.. K.J..T7 .87.9.2;♣Q ♥4 ♦Q;♦5 ♠9 ♠Q ♦K ♥K;4
W;NT;N:2.K9.K.9 K8..Q.73 A.85..84 7.Q.T2.;♠9;♠2;5
N;NT;N:72..95.4 .T.Q632. T.9.T.AK K.AQ.K.6;;♣4;2
W;NT;N:92..62.T J4..K7.9 .T952..6 3.7.T.7;♥3;♠2 ♦2 ♦6 ♠9;5
S;NT;N:.T5.9.QT KT76...2 J8.2..5 ..76.A7;♦5 ♦8;♦9;3
E;NT;N:Q5.2.J.7 .A.2.JT T.65.7. K.KQ..4;♣6 ♦3 ♠3;♣7;2
E;NT;N:9..T.932 A..AQ.5 QJ.A.2. K.962..;♠5 ♣4 ♦3;♠9;4
E;NT;N:K3.A.A.4 42.75.. ..T4.QJ 65..8.2;♥2 ♣7 ♠Q;♥A;5
N;NT;N:A6.A.7.2 Q73.J7.. ..QJ95.T 9..K6.K8;;♠A ♦7 ♥A ♣2;2
E;NT;N:K32..52. .J63..T 4..96.K 86.K.A.;♦4 ♠J ♠Q;♦5;2
N;NT;N:J4.A84.. K6.97.6. T.3.J87. 82.52.9.;;♥A ♠4 ♥4 ♥8;3
W;NT;N:74.7.J.Q 2.AK6..T 8.5.Q63. .3.85.K;♠6;♠4 ♠7;3
S;NT;N:K32...96 T8.A5.K. ..AQ.A4 Q..J.K8;♦T ♥7;♠2 ♠3 ♣6 ♣9;2
N;NT;N:AQ.7.7.2 .K5.92.T 9.Q6.84. K6.4.6.J;;♥7 ♦7 ♣2;2
N;NT;N:5.2..KQ3 84..96.8 T.9.AJ.5 K.A76..7;;♣Q ♣K;3
S;NT;N:2.4.64.4 7.T72..5 K..5.76 ..J82.3;♣8 ♦7;♣4;4
E;NT;N:4.3.65.9 A83...Q .KJ9.J. 6.Q6..2;♦7 ♦A ♥4;♦5 ♦6;3
E;NT;N:83..64.5 65..T.6 K4.Q6.. .4.J.QT;♠J ♠Q ♦2;♠3 ♠8;4
N;NT;N:.9.74.K9 J9.AT.Q. 2.2.JT.J .K6.5.T2;;♣9 ♣K;1
E;NT;N:T.65.8.7 7.4..52 .A2.Q6. .8.AK9.;♠J ♥J ♥9;♠T;3
E;NT;N:A6..72.T 4...962 87.2.Q. K.J.J.A;♦5 ♥8 ♠Q;♦7;4
W;NT;N:86.6.T.7 T7..64.A .Q75..94 .32..K2;♠2;♠8 ♠6;2
W;NT;N:KT.2.2.3 ..KQ96.8 8..84.JT A4.Q.5.;♠5;♠T ♠K;3
N;NT;N:.65.76.K .3.KQ.53 KJ2.KQ.. A.8..A98;;♥5 ♥6;2
W;NT;N:9.82.4.3 64..J73. 2.T.6.J6 J5.Q5..;♥7;♥2 ♥8;3
W;NT;N:5.T5.T8. Q8.Q.9.Q .9.Q6.76 6.A87..;♥2;♥5 ♥T;1
N;NT;N:J.K7.Q3. 4.98..65 .A.A65.T 2.5.J.AJ;;♠J ♥7 ♥K ♦3 ♦Q;5
S;NT;N:9.2..Q85 K8.4.6.3 J.7.4.6 T7...J2;♦7 ♦8;♣5 ♣8 ♥2 ♠9;2
S;NT;N:Q.T5.A6. KT94...T 5.K.K4. .84.8.7;♣Q ♦3;♠Q;5
E;NT;N:QJ2.K..T 83.8.8. 5...Q72 6.A.3.6;♦6 ♣K ♥9;♠2 ♠J ♠Q ♥K ♣T;2
N;NT;N:J3.83..4 .T75.T.J T.2.A9.9 98.K.53.;;♠3;4
W;NT;N:J.6.T64. .T.J7.52 T9.83..T ...J864;♠3;♠J;1
N;NT;N:K.AJ3..T .75.T.A3 J.Q6..82 .T9..KJ5;;♥3 ♥J ♥A ♠K;4
W;NT;N:A2..Q.K4 7.8..Q98 KJ.764.. .K.6.63;♦A;♦Q;2
S;NT;N:K.87.J8. .3.32.Q7 Q6.J..8 .64.K.5;♠2 ♥2;♠K;4
N;NT;N:A.2.QJ.5 T4..K86. Q.Q.9.AT 8.K.AT.4;;♠A ♣5;3
E;NT;N:.98.62.K ..A.T42 .J7.9.A 5.4..85;♥K ♥2 ♦7;♥8 ♥9;3
S;NT;N:95..Q.QT 4.52.A3. 73.6..2 .K8.4.5;♠8 ♣4;♠9;5
W;NT;N:A7.T.A5. 43..6.A8 9.Q8.84. .K63.3.;♥9;♥T;5
E;NT;N:7.T..J72 KJ.8..6 8.J.Q.5 T.7.K9.;♣9 ♥6 ♠4;♣J;4
N;NT;N:AT.7.7.J Q.J5..KQ .82.T85. K.63..92;;♠A;5
W;NT;N:6.4.KT2. J.T..KT3 .A6.96.2 .2.A4.8;♠3;♠6;1
W;NT;N:J7..6.K5 .K8.8.T9 A83..J.3 9..95.6;♠4;♠7 ♠J;5
S;NT;N:Q6.T2..J 3.K..Q93 K.7.Q.7 2.4.J6.;♣6 ♥5;♣J;1
S;NT;N:.K.76.86 Q65.86.. K.3.Q.2 J8.4..Q;♥Q ♣J;♥K;3
W;NT;N:K7.Q.4.2 A..K8.75 ..32.AK4 83.7.6.;♦Q;♦4;2
N;NT;N:73.J.4.3 .KT6.T5. 5.5.9.Q4 Q8..J7.T;;♣3;2
E;NT;N:T.3.Q.53 4.94.T. ..8.Q98 73.A2..;♣A ♥7 ♥J;♣3 ♣5;2
W;NT;N:Q8.A6.9. 7.2.54.K 4.QJ7..9 6..6.52;♦J;♦9;1
S;NT;N:KJ.Q.J8. T8.752.. 6..K9.A 7.K.A6.;♣2 ♥6;♦8 ♦J ♥Q;4
S;NT;N:J5.T..94 4..63.72 .4.J.85 .85.T7.;♠7 ♣T;♠J ♠5;5
E;NT;N:7.6..J94 AK2..J. 84..A.K T.KT.9.;♠9 ♦K ♦3;♠7;1
W;NT;N:.T.J.Q53 J...AK84 9..743.T 8.J8.Q.;♣6;♣3 ♣5;1
E;NT;N:.Q6.T.QT J..Q.A9 .K5..52 ..65.76;♦J ♥9 ♥3;♦T;1
S;NT;N:T4..5.K4 .9.J8.32 87.4..5 J6..KQ.;♥K ♦3;♦5 ♠4 ♠T;4
S;NT;N:5.K.QJ3. .53.K.A7 8.82..6 J.AJ.T.;♠T ♣5;♠5;1
N;NT;N:..A5.943 .8.K.A52 A5..T3.6 7.J5.2.T;;♦A;4
W;NT;N:.4.J8.K2 T.J9.T6. 94..2.93 5.7..T4;♥A;♥4;2
S;NT;N:.KQ.A8.7 AJ.J9..8 7.75..K Q.T.9.2;♦7 ♠9;♦8;5
N;NT;N:Q43...T7 2.AQ8.A. 5.K.K9.9 9..63.Q6;;♠Q;3
W;NT;N:.65.Q9.A 9.J9.T8. J7..K4.3 Q54..J.;♣7;♣A;4
W;NT;N:9643.8.. 7.Q.72.4 .J.J8.J5 .A4.53.;♥T;♥8;4
E;NT;N:.QT.2.95 82...AK A54..K. 7.97.4.;♠Q ♣Q ♦5;♦2 ♣5 ♣9 ♥T ♥Q;2
N;NT;N:.7.A94.9 62.A84.. Q8.3..AJ K.6.2.QT;;♦4 ♦9 ♦A;4
S;NT;N:Q2.7.3.2 3..QJ4.J 94.54.. .K86..8;♦7 ♣T;♦3;1
N;NT;N:.92.Q7.Q AT.T.4.K .K8.JT.2 J.J.53.9;;♥2 ♥9 ♦7 ♦Q;4
W;NT;N:.Q6.AQ.A 954.T.7. A.5..K42 .2.T62.;♥9;♥Q;5
W;NT;N:9.A.7.T8 74..8.74 2..9.Q92 T.98.J.;♥J;♥A;4
E;NT;N:65.6.5.9 T2.K7.. Q3.2..A 4.3..82;♦K ♣4 ♦3;♦5;2
N;NT;N:A.6.K4.K JT3..J5. K42.43.. 8.972..A;;♠A ♦K;3
S;NT;N:T974.5.. 8..K9.A8 .6.Q3.T .7.J4.5;♥9 ♠Q;♥5;2
N;NT;N:J4..5.K3 82.96.3. 63.8.J.7 7.52..QJ;;♠J ♦5 ♣K;3
W;NT;N:8.T.J.K7 .A984.7. .5.2.AQJ 62...95;♣4;♣7 ♣K;5
E;NT;N:96.9.J7. 4.A..J2 AJ.6.2. .2.A93.;♥5 ♦6 ♠K;♥9;3
N;NT;N:.A4.A8.3 Q84...97 KJ6..4.T .T86.9.5;;♣3 ♦A ♥A;5
E;NT;N:Q2..A2.T 7.2.T5. .J5..K4 8.7.J.3;♠3 ♣2 ♦4;♠Q;5
S;NT;N:Q2.2..85 T75.3..J 9..87.9 AJ..3.A;♠6 ♦5;♠Q;2
E;NT;N:T..4.Q76 5.5.6.2 3.T7..5 .AJ.K.K;♠8 ♥6 ♦A;♠T;1
N;NT;N:A...AQ72 6..854.3 7.KT..K9 T852.9..;;♣2 ♣7 ♣Q ♣A ♠A;5
W;NT;N:J6.J8.8. K.AK..T6 7.T2..KQ Q.6.3.8;♣5;♠6 ♥8 ♠J ♥J ♦8;2
N;NT;N:.82.J4.T A.QJ9..J .K6.86.7 J.5.A2.K;;♦4 ♦J;2
S;NT;N:J7.3..AQ T.Q4..K6 43..Q4. ..6.T74;♥T ♥A;♥3;3
N;NT;N:.2.3.J63 8.A.8.Q8 A97..6.5 6.Q63.2.;;♦3 ♥2;2
E;NT;N:83..A3.Q .T.6.A3 7..K.T2 A..4.97;♠Q ♥4 ♦8;♠3 ♠8;2
E;NT;N:.QT.64.7 .4.AJ.9 5..Q85. Q3..2.3;♦7 ♥K ♣5;♦4 ♦6;2
S;NT;N:5.3.AQ3. K7.A9..6 QJ..T8. .Q6.64.;♠T ♣K;♠5;1
N;NT;N:A..2.QT2 87.Q4.Q. T..J6.K4 K.82.K3.;;♠A ♣2 ♣T ♣Q;4
E;NT;N:7.QT8..4 8.94.3. 4..T.A8 .K6.7.7;♣9 ♠3 ♣J;♣4;2
N;NT;N:65.3.4.4 K.7.97.Q 8.6.3.AJ A7.2.2.6;;♣4;2
S;NT;N:8.A3.6.4 AK.J.K.3 QT.K2.. 96..87.;♥9 ♣6;♥A;4
W;NT;N:9.A93.7. 6.J.T.74 Q.64.Q5. A..K.Q5;♠2;♠9;4
N;NT;N:.A..KT83 .KT.T93. T842.7.. 7..J7.A4;;♥A ♣8 ♣T ♣K;1
E;NT;N:85.5.4.9 .Q3.2.T .4.Q.A8 42...65;♦7 ♦8 ♠3;♦4;4
N;NT;N:.32.9.84 3.6.6.J5 Q7.K.K.2 9..Q5.A3;;♥2 ♥3 ♦9;4
E;NT;N:Q43.8..Q .K.K4.J 2.3.8.T .7.6.32;♥2 ♠8 ♥6;♥8;5
S;NT;N:86.97.J. J.A.952. A..A.K2 93.K..4;♣T ♦Q;♠6 ♠8 ♥7 ♥9 ♦J;5
S;NT;N:A4.K5.K. ..752.86 6.764.. T9...K3;♣5 ♣2;♠4 ♥5 ♥K;2
N;NT;N:QJ.A3..K 4..76.Q6 A.Q.J85. 2.7.92.A;;♠J ♠Q;5
W;NT;N:QJ.2..65 8.Q7..K7 5.3.76.9 A6..Q.8;♠T;♠J ♠Q;1
N;NT;N:3.Q.T.KT QT.K..QJ J9..J4.A K.T52..7;;♣T ♣K ♦T;3
N;NT;N:9.65.4.J 72..T3.7 Q.KT2..4 5.Q.A8.Q;;♠9 ♥5 ♥6;4
S;NT;N:74.3.A9. J.KQ.3.3 .T5..75 ..T84.K;♦Q ♦2;♦9;2
W;NT;N:5.3.KT.T .52.5.52 742.J..8 A..J3.9;♦4;♦T;4
S;NT;N:T.8.4.AK K4.4.7.2 Q..KJ2. ..Q86.7;♠8 ♣8;♠T;2
N;NT;N:K6.A2..2 .8.K43.K .9764.5. J...AQT4;;♥A ♠K;5
E;NT;N:.85.96.8 .KT.Q7. J.Q.AJ. KT...93;♥J ♣6 ♣A;♥5 ♥8;2
S;NT;N:4..T75.9 Q.73..87 ..J43.2 6.A52..;♦8 ♣3;♦5 ♦7 ♦T;5
W;NT;N:6.9.6.92 .74.3.K8 .Q.AJ.43 K5..2.J;♦4;♦6;3
S;NT;N:K5.4.5.A 6.8.K6.T T..Q.92 Q.6.AT.;♦9 ♦7;♦5;1
E;NT;N:Q..QT.Q5 ..72.43 83.Q9.. 9..A.62;♠2 ♠A ♣8;♠Q;3
N;NT;N:K.54..AK J..Q52.9 .J..JT53 Q75..T.4;;♣K ♣A ♠K ♥4 ♥5;5
S;NT;N:87...943 Q.T.A.AQ A..T42. T3.4..7;♣K ♥3;♣3 ♣4 ♣9;1
N;NT;N:9.A.64.4 J.K.9.Q6 KT73...2 4.4.83.8;;♥A;5
S;NT;N:.975.T2. T.4.94.8 8.T.7.J 6.2..43;♠7 ♥K;♦2 ♥5 ♥7 ♥9;4
E;NT;N:K6..A.A4 ..T754. T.T8..8 Q9.2.K.;♦Q ♦3 ♥6;♦A;5
N;NT;N:7.5.2.95 .762.JT. 93..84.3 .93.Q97.;;♠7 ♣5 ♣9;4
N;NT;N:Q3.J2..4 K7.AK3.. .75.Q2.9 .9..AKQ3;;♥J;1
E;NT;N:K.2.A5.9 ..JT9.J .K3.Q.2 9.Q.87.;♥4 ♥9 ♦3;♥2;5
W;NT;N:.K65..75 .JT.92.Q 5..AJ6.4 Q8.4..K;♠7;♥5 ♥6 ♣5 ♣7;1
N;NT;N:987...T2 .82.T.93 K.T.Q8.Q .3.J.865;;♣2 ♣T ♠7 ♠8 ♠9;5
S;NT;N:9..2.KJ6 862.6.T. .K.A.T2 ...8754;♠K ♥9;♠9;5
E;NT;N:2..J85.5 T.9.T6. 6.K.A4. K..2.K9;♦3 ♥3 ♥T;♦5 ♦8;4
W;NT;N:K97...QT 4..K74.4 Q6..63.K T3.95..;♠8;♠7 ♠9;5
E;NT;N:.K9.6.K4 .5.98.A 5.8..Q3 ..53.75;♠9 ♥T ♠3;♦6 ♣4 ♥9 ♣K ♥K;1
E;NT;N:A2.K..A5 J.4.T.K T.JT..6 .Q..J98;♦9 ♥9 ♥5;♠2 ♣5;3
E;NT;N:2.T.T6.6 Q.AJ4.. .Q.J5.7 T4..84.;♥5 ♣4 ♦7;♥T;4
N;NT;N:.J.T62.2 5.6.Q3.6 Q.4..AQ5 4.75.85.;;♣2 ♥J;5
E;NT;N:.73.73.J Q...Q84 K.JT9.. 3.A.9.T;♥Q ♥2 ♥8;♥3 ♥7;1
N;NT;N:A5..J4.K KT..5.J5 .JT3.K.8 ..Q82.42;;♣K ♦4 ♦J ♠A;5
W;NT;N:K3.7.T.9 J.Q.43.5 A2..Q.63 8..K.Q2;♣4;♣9;3
E;NT;N:.K73.Q5. 2.QT..8 .8.8.A6 A..AK.7;♠8 ♥6 ♠7;♥3 ♥7 ♦5 ♦Q;1
E;NT;N:QJ.7..T9 .Q..743 7..76.K 8.J5.3.;♣6 ♠4 ♦9;♣9 ♣T;5
N;NT;N:.3.A4.97 Q.7.Q5.8 7.J54.3. K6..2.A4;;♥3 ♦A;4
N;NT;N:5.2.4.J9 2.8.AT3. T..K5.32 .AKJ..87;;♠5 ♣9 ♣J;3
S;NT;N:.9.A73.4 .Q..9865 A3..5.Q K9.K2..;♠6 ♥J;♦3 ♣4 ♦7 ♦A ♥9;5
W;NT;N:8.J3..Q9 5.2.J9.A J3..8.K7 A6.6..2;♠9;♠8;2
N;NT;N:AKT...72 .4.A62.Q .T3.Q8.6 .AJ.5.93;;♠T ♠K ♠A;3
E;NT;N:632..3.3 K9...A7 T5..K.6 ..976.T;♦J ♦2 ♠7;♦3;1
E;NT;N:A.Q7.8.T 96..K.Q .K96..2 K.A..93;♦4 ♣5 ♥3;♦8;2
E;NT;N:QT.Q7.J. 42..94. 7.6..93 .J.2.J6;♠3 ♦6 ♣5;♠T ♠Q;5
S;NT;N:93.J.A.7 6.AQ.72. T2.8.5. 875...A;♠A ♦K;♠3;4
E;NT;N:.J84.2.Q .T3..J6 AK..JT. J87..A.;♠9 ♦8 ♦4;♥4 ♥8;3
N;NT;N:52..Q.J9 8.AK63.. K.5.T6.A 3.T.KJ9.;;♠2 ♠5 ♣9 ♣J;2
S;NT;N:.K8.64.A A...9862 6.4.T.T 4..2.K7;♥9 ♠3;♥8 ♥K;5
N;NT;N:.A4.K.A6 ..Q52.K7 AQ...QJ2 .T7.97.5;;♣A ♦K ♣6 ♥A ♥4;3
N;NT;N:3..J532. K65.8.T. .92.AK.5 7.AJ7..7;;♦2 ♦3 ♦5 ♦J;2
E;NT;N:.7.Q4.75 KT6.T.. 84.K5.. Q..T93.;♥2 ♥8 ♥6;♥7;3
N;NT;N:AQT..Q.7 2...AT62 63..72.3 5.A9..54;;♠T ♠Q ♠A ♦Q;4
N;NT;N:.4.943.6 .K98..KJ KQ.6.8.4 .AJ.5.73;;♦3 ♦4 ♦9;3
S;NT;N:Q..62.95 A2..75.A 3.4.Q.K 8.9.T.2;♣7 ♠4;♣5 ♣9;2
N;NT;N:K4.43.K. Q32.AK.. 7..QJ3.T .97.5.KJ;;♦K ♥3 ♥4;3
W;NT;N:J.J5.K6. AQ.2.AQ. .6.T5.86 .9.3.T7;♣2;♦6 ♠J ♦K;3
S;NT;N:A3.7.Q6. .JT82.4. ..2.973 2.96.J.;♠6 ♣6;♠3;5
S;NT;N:J.6.K9.2 3.842.T. ..AQ.AJ 52.K.J.;♠6 ♦4;♠J;5
W;NT;N:8.JT3.K. .K7.3.A2 64.62..4 .Q8.9.7;♣5;♥3 ♥T ♥J ♠8;1
N;NT;N:7.2.K6.3 J..98.T6 8.9..A94 K.63.4.J;;♣3 ♠7 ♦K ♥2;3
S;NT;N:T.5.A6.Q 965..5.9 AK..T3. 2.J6..A;♦Q ♣4;♦6 ♦A;5
S;NT;N:765.T..K KT..32.6 83...Q7 .KJ7..4;♦J ♥4;♣K;3
E;NT;N:.J.J4.52 6.6.96. .A.3.Q9 52.T.2.;♦K ♦5 ♠4;♦4;3
S;NT;N:6.97..T9 Q.T.54.7 .8.A2.6 3.K6.3.;♦T ♣J;♥7 ♥9 ♠6;5
W;NT;N:.AK8..43 JT2...96 K.Q5.94. ..85.K7;♣A;♣3 ♣4;2
S;NT;N:.T5.K3.J .973.62. 42..8.8 Q..9.92;♥J ♠7;♥5;4
W;NT;N:6.64..J5 8.QJ.4.9 974..J.T .T95..7;♥8;♥4 ♥6;3
N;NT;N:.64.J8.7 Q..QT7.A A7.98..J JT5..AK.;;♥4 ♥6 ♦8 ♦J;3
W;NT;N:.A5..A86 7..63.93 Q..T5.K5 J6.K.8.;♣7;♣6 ♣8 ♣A;5
S;NT;N:2.Q5.AJ. 63..62.6 8..9.KJ Q...A82;♣4 ♥4;♠2 ♥5 ♥Q ♦J ♦A;2
N;NT;N:T..K.AQJ 2.862..2 Q7..T8.9 4.T.7.T6;;♠T ♣J ♣Q ♣A ♦K;5
S;NT;N:T9.Q6.J. 7.K.T.Q6 .87..92 85..85.;♦6 ♠A;♦J;3
W;NT;N:.2.T.K96 T.T.2.A7 J6.Q4..3 K..K.84;♥8;♥2;2
S;NT;N:.Q4.AK.A T3..Q7.T 75.J..9 Q2.8..7;♦J ♥6;♦K ♦A;5
E;NT;N:..82.AT5 T.QT..4 KQ3.J.. 95...Q9;♣3 ♠8 ♥7;♣5 ♣T;4
N;NT;N:4.5.5.KQ QJ.6.64. 95.74..A 83..98.5;;♥5 ♣Q ♣K;3
N;NT;N:J4.8.5.8 6.Q6.K.7 2.T9..A5 T.AJ.QJ.;;♠J ♣8;4
E;NT;N:A6.4..J6 .T..A84 .9.K.T3 7..32.2;♦6 ♠5 ♥5;♠6 ♥4 ♣6 ♠A ♣J;2
E;NT;N:9.7..KQ4 5.8.J9. 6.3..A5 Q2.Q..3;♠3 ♥J ♣2;♠9;4
E;NT;N:7.KT5..6 T..A64. 2..92.7 3.8.7.A;♣5 ♠A ♥7;♣6;4
W;NT;N:4.AQ5..7 .K3.K7.A 875..A.2 9.J8..3;♦5;♥5 ♠4 ♣7;3
S;NT;N:7..972.9 2.A5.K.5 86.J..J .7.A3.4;♠Q ♠A;♠7;1
N;NT;N:T.63.9.5 94.874.. 2.J.8.T2 3.T9.K.6;;♠T ♣5 ♥3 ♦9 ♥6;4
W;NT;N:K8..T.J7 .A.A5.85 9.3.97.3 7.5.Q2.;♣K;♣7;1
S;NT;N:7.AJ7..2 3.5.4.98 .42.6.A Q.T..54;♣7 ♦A;♣2;3
E;NT;N:9.A.63.3 6..Q.KJ 4.T8..2 T8..9.5;♠7 ♥J ♠3;♠9;2
W;NT;N:K.J9.6.6 A.T.95.3 3.A.Q.A4 .75.2.7;♠7;♠K;4
S;NT;N:8.765..4 .J.98.T5 9..42.A 53.A3..;♥8 ♥K;♥5 ♥6 ♥7;2
E;NT;N:A.K85..7 .6.5.K5 Q9..K.J 3.Q.A.A;♠4 ♥3 ♦8;♠A;4
E;NT;N:AJ..QT4. .T75..J 85..32. .A2.7.5;♠7 ♥6 ♣3;♠J ♠A;5
E;NT;N:J.6.A.J6 A3..6.A K4...KQ Q.8.Q3.;♦9 ♦K ♥3;♦A;1
E;NT;N:JT8.K..J 92.7..7 .6..A42 .Q2.5.5;♥4 ♠4 ♥5;♥K;5
S;NT;N:2.2.A2.J 94.8..92 .54.4.T .K.K7.A;♦J ♥Q;♦2;2
E;NT;N:32..A8.A ..4.Q86 J9..95. 76.8.6.;♦2 ♥3 ♠T;♦8 ♦A;5
E;NT;N:..A87.T9 7..J.J7 93.3..6 .9.3.A3;♠T ♦T ♥A;♦7 ♦8 ♣9 ♣T;1
S;NT;N:A3.2.7.8 9.95.A5. .743..7 KQ..J.5;♣J ♠6;♣8;2
N;NT;N:A8.Q.Q8. .9.AJ.72 93.A6..A Q5..42.Q;;♥Q;5
N;NT;N:54.K.T9. 2.T8.7.K K.J..872 76.64..A;;♥K ♠4 ♠5 ♦9 ♦T;4
E;NT;N:J93.Q.3. T.7.7.5 Q.K..87 A4.A.8.;♦J ♣A ♠7;♦3;1
E;NT;N:QJ.A5..Q A.J.Q7. .9.K.93 76.QT..;♣A ♥K ♦J;♣Q;2
E;NT;N:A6..92.2 .K2.8.6 T5..J7. 4.A..K7;♣9 ♣5 ♥T;♣2;1
N;NT;N:2..J9.92 74.5.64. 6.9.Q.K7 A8..A3.5;;♣2 ♣9;3
S;NT;N:.5.T4.K5 8..Q2.76 ..A.A82 T.QJ..T;♥6 ♦8;♥5;5
E;NT;N:3.72.65. .Q53.K. 9.T.3.Q 4.8.A9.;♦J ♠7 ♣T;♦5 ♦6;1
E;NT;N:.5.KJ.Q5 Q9.AJ.. K..8.J7 T.K92..;♥3 ♣3 ♥8;♥5;1
E;NT;N:42.7..A3 ..4.865 875...Q 9.J5.2.;♣2 ♠Q ♥A;♣3 ♣A;2
E;NT;N:8.9.8.J2 7.T7..5 A9..A.K .2.542.;♣8 ♣3 ♥Q;♣J;5
E;NT;N:Q6.T.Q6. 73.9..6 K.A..98 4.62.J.;♥J ♥Q ♠9;♥T;5
N;NT;N:2.6.72.9 .AK53..3 .T7.AT3. 6..6.J72;;♦2 ♦7;3
N;NT;N:Q..Q97.2 T8.6.3.9 3.J7.8.T 7.T..A53;;♦7;5
N;NT;N:.T64.75. .Q..8654 4..T62.K A.72.J.J;;♦5 ♦7 ♥4 ♥6;2
W;NT;N:J...K865 2.Q.4.A2 A7.A6..3 T.K42..;♠9;♠J;3
N;NT;N:5.J.AT.Q Q9.8.3.9 .KQ..KJ7 2.4.QJ8.;;♥J ♣Q ♦A;5
W;NT;N:532.KT.. T..6.JT6 K4.76..Q 7.83.K.;♣3;♠2 ♠3 ♠5 ♥T ♥K;5
E;NT;N:K6.5.3.3 Q.6.9.7 .T.4.Q2 9.7.6.J;♦5 ♠A ♥2;♦3;3
S;NT;N:K3.7..96 97.3.Q3. 6.6.7.Q .4..T52;♥2 ♦9;♥7;5
E;NT;N:7..6.AK9 2.7.J.2 AKJ...J QT6...6;♥4 ♣7 ♥9;♣9 ♦6 ♣K ♣A;4
S;NT;N:AK76.A.. 2.Q.J.93 .8..K64 9.J.K4.;♥3 ♠8;♥A;5
E;NT;N:Q84.5.J. A.A.T.6 T6..Q5. 2.93.A.;♠5 ♣2 ♦8;♠8 ♠Q;1
W;NT;N:T..K84.5 ..7.K764 J9..J5.2 8.6.T6.;♣8;♣5;1
S;NT;N:8.J8.7.8 .4.KT.K4 7.A.Q.Q 4.3.6.2;♣7 ♦A;♣8;2
S;NT;N:4.4.A2.3 .863.K.5 72.Q..7 K93..J.;♥7 ♦8;♥4;2
W;NT;N:A3.Q.7.8 K54..92. 9.J85.3. .9.KT6.;♠6;♠A;3
W;NT;N:K.T.A7.3 Q72.9.Q. ..J4.KT2 .A4.6.A;♠8;♠K;3
S;NT;N:Q7.83.A. .QT5.6.T J..T9.2 .7.53.6;♥A ♠9;♥3 ♥8;4
S;NT;N:Q5.7.9.6 7..KJ8.7 T3..6.3 .54..QT;♥Q ♦T;♥7;3
N;NT;N:7.AK.T3. 8.653.Q. 2.T7..A7 T3.84..8;;♥K ♥A ♠7 ♦3 ♦T;2
N;NT;N:K82..T.7 ..74.K54 5.A6.93. .53.Q.32;;♠2 ♠8 ♠K;3
W;NT;N:3.K.J.K7 98.T6..9 .J.Q2.65 .974..4;♣3;♣K;5
N;NT;N:T96..K.7 7.J52..J 4..AJ.A2 83..QT.9;;♣7 ♠9 ♠T ♦K;5
N;NT;N:Q872.Q.. 53.K9.3. 4.4.2.K3 9...QT94;;♠Q;4
S;NT;N:7.T6.K2. 2.74.A.Q A.3.83. 8.5.4.3;♦7 ♥9;♦2 ♦K;3
W;NT;N:4.J8.7.A A.932..2 9.A64..Q .75.Q6.;♦9;♦7;2
S;NT;N:J.86..J7 .A.K72.9 Q.QJ..2 A3..T.K;♣4 ♠8;♣J;1
N;NT;N:.632.Q5. 42...T54 .A.32.K3 8.87.8.9;;♦Q ♥2 ♥3 ♥6;4
W;NT;N:42..A7.3 .AJ.3.K8 AK9.3..2 .2.T92.;♥9;♠2 ♠4 ♣3 ♦7;1
W;NT;N:.Q.62.Q4 .T2.J.32 94..75.7 K.K5..K;♠2;♦2 ♦6 ♣4 ♣Q ♥Q;1
N;NT;N:..A52.T2 T.94.9.7 9.Q..AK8 3.K7.4.5;;♦A ♣2 ♣T;5
W;NT;N:K..2.T98 .62.5.J2 .K5.J.76 .A3.T9.;♥J;♦2 ♣8 ♣9 ♣T ♠K;2
S;NT;N:97..J.KJ 2..975.Q .AJ..86 K6.62..;♦6 ♦T;♦J;4
E;NT;N:.Q3.A4.6 K..Q2.9 8..63.3 .J.87.5;♦9 ♦J ♣K;♦4;4
N;NT;N:84..853. .T.A.QT7 Q9.7.6.6 3...KJ85;;♠4 ♠8;2
S;NT;N:J2.A..75 .T82.Q.T Q.Q.7.4 .J3..63;♠4 ♦6;♠2 ♠J;3
W;NT;N:3..Q.T96 4.76.J7. Q.3.A.KJ 72.2.K.;♥K;♠3 ♣6 ♣9 ♣T ♦Q;3
S;NT;N:..62.K97 .T2.K.A3 A.A.J7. 4.J.5.Q;♥K ♣5;♦2 ♦6 ♣7 ♣9 ♣K;3
S;NT;N:7.4.J83. A.AK87.. 8..5.Q9 9652...;♣J ♠K;♦3 ♥4 ♦8 ♦J ♠7;5
N;NT;N:.KJ6.7.3 .A83.J.J Q7..32.K T.T92..Q;;♣3 ♦7 ♥J ♥K;3
N;NT;N:2.Q5.T2. J.84..T5 83.A.A.J .KJ.J53.;;♠2 ♦2 ♦T;4
S;NT;N:T6.T..82 3.J82.6. KJ98... .6.7.J9;♠2 ♥5;♠6 ♠T;5
N;NT;N:AT.JT7.. .54.6.AJ 74.9.9.5 .3.KJ.87;;♥7 ♥T ♥J ♠T ♠A;5
E;NT;N:K8.T7..5 .3.A4.K ..Q975. A.54..Q;♠3 ♠2 ♣T;♠8 ♠K;3
E;NT;N:K2.9..T9 J3..4.7 ..K.643 T85..A.;♥J ♦8 ♦Q;♥9;3
W;NT;N:.A3.A2.2 K.QJ7..K 73.8.K9. T...987;♣T;♣2;3
N;NT;N:J7.A.Q.K T2..6.A9 Q.3.2.QT 86.8.7.7;;♦Q ♠7 ♣K ♥A;4
E;NT;N:QT.6.J.T .98.T4. A.2.6.J J.Q.8.2;♦5 ♥7 ♣6;♦J;3
S;NT;N:.A.QJ3.J K5.86..7 63.7..4 .4.9.85;♥K ♦7;♥A;5
E;NT;N:5.6.42.6 86.5..4 .Q9.T.T ..Q7.97;♣A ♣2 ♦6;♣6;2
W;NT;N:AQ.7.6.9 T6..9.32 .JT2..K8 J.54..J;♣5;♣9;5
N;NT;N:AK7..Q.Q 8..T65.7 .63.2.84 42..7.T3;;♠K ♠A ♦Q ♣Q;5
E;NT;N:5.A..K86 QJ7...4 KT.5.A. .J.K65.;♥6 ♣7 ♦T;♥A;5
S;NT;N:KQ.83.Q. .7.T.AT8 .K5..65 .Q2.9.K;♦A ♠7;♦Q;2
N;NT;N:T6.J.32. K.72.A.Q A3.4..J9 .8.T54.4;;♥J ♠6 ♠T ♦2 ♦3;3
S;NT;N:32.6.65. T7.T2..3 A94...2 QJ6...8;♥K ♦J;♥6;2
S;NT;N:.93.A.AT 4.KJT..6 J..4.93 76.A8..;♥4 ♣J;♥3 ♥9;2
S;NT;N:8.3.Q2.J .92.A3.3 T5.Q..A Q.K7.6.;♠J ♦J;♠8;2
W;NT;N:.9.7.K74 J6.75.A. A.K.Q.86 K5..5.T;♣9;♣K ♣4 ♣7;3
S;NT;N:Q.J8.A.7 .T7..Q95 .43.4.J 4.6.5.3;♦J ♥9;♦A;4
E;NT;N:4.A.J.T5 J.4.Q.K .T9.6.6 5.K.5.7;♣3 ♥J ♠7;♣5 ♣T;2
S;NT;N:J.QT.9.3 QT82.3.. 5.84.6. K..Q.K6;♦K ♥6;♦9;3
W;NT;N:5.K.2.96 3.4.A.Q3 .T82.5.A ..K4.J7;♥5;♥K;5
S;NT;N:.3.T42.2 86.2.J.7 AT..K3. J9...AQ;♦6 ♠2;♦2 ♦4 ♦T;2
N;NT;N:52.53.Q. A.8.T9.4 3.K.A5.7 8.T..KT2;;♥3 ♥5 ♦Q;3
S;NT;N:J..T9.A5 3.87..Q8 .KQ6..9 AK2...7;♦7 ♥3;♦9 ♦T;3
E;NT;N:T5.4.6.8 .T.KJ.T K9.3.5. .72.8.9;♠4 ♣7 ♣Q;♠5 ♠T;3
N;NT;N:.5.K.986 .Q3.52.3 T..J83.A QJ86..4.;;♦K ♣6 ♣8 ♣9;4
S;NT;N:K74.A..5 5.J.J.KJ AQJ..9. .5.3.T7;♣3 ♠6;♣5;2
E;NT;N:J.5.76.A Q7.3..3 2..82.T 96.86..;♥7 ♥K ♥4;♥5;4
N;NT;N:.K6.53.K A.QJ.T.8 83.5.94. JT2.8.Q.;;♦3 ♦5 ♣K;3
E;NT;N:Q5.Q.5.K T..J.QJ 2.3..T3 K983...;♥J ♣8 ♦2;♥Q;2
N;NT;N:AK..T87. .2.5.543 .T.42.KJ 8.J7.A.T;;♦7 ♦8 ♦T ♠K ♠A;2
S;NT;N:7.86.5.2 3.3.96.8 .K2.K.3 ..J3.65;♣7 ♠8;♣2;4
S;NT;N:.T4.T.T6 .2.984.8 3.J..43 T4.7.3.;♠2 ♥6;♣6 ♥4 ♥T ♦T;5
W;NT;N:Q7..92.A 5..K6.K4 .5.A75.J K4..4.Q;♥3;♦9 ♠7 ♠Q;5
W;NT;N:A8.94.7. 2..QJ.86 T.Q.K2.9 6.T5..K;♥3;♥4 ♥9;4
W;NT;N:.J.82.K9 J.8..Q82 KT82..5. Q..K97.;♠7;♦2 ♦8 ♣9 ♥J;2
W;NT;N:AT5..8.K J.KT3..7 Q.Q7.KQ. .J65..8;♣J;♣K;5
S;NT;N:T7.T3..3 K9.QJ..J .A6.A.7 3.K.9.6;♦K ♣2;♥3 ♣3 ♥T ♠7 ♠T;3
N;NT;N:K.732..4 9...J965 Q.6.A7.3 62.5..KQ;;♥2 ♥3;5
N;NT;N:T.Q.A9.K AK..Q54. J..76.Q8 Q...AJ97;;♠T ♥Q;3
W;NT;N:T.J8.3.K 5.5.8.T5 2..A9.A7 9.Q..Q3;♠3;♠T;5
S;NT;N:.52.K4.Q J54..A2. K.3.8.8 6.T..52;♥K ♥8;♥2 ♥5;3
W;NT;N:T.2.KT8. 5.A.A.T7 86.9..KJ 3.K.J3.;♣5;♥2 ♦8 ♦T ♦K ♠T;4
N;NT;N:KT..2.73 .K95..JT 7.8..A95 65.QJ.J.;;♣3 ♠T ♠K ♣7;3
E;NT;N:.JT.K.Q3 74..82. .6..A86 9.Q.QJ.;♣J ♠8 ♣T;♣Q;5
E;NT;N:A.KT..QJ .J6.AK. .74.J6. .82.7.2;♥A ♠8 ♦5;♥T;2
E;NT;N:A.T62.7. Q853... 6..3.54 2.AJ8..;♦6 ♣9 ♠4;♦7;2
S;NT;N:3.A.6.K5 K.Q6.A.T 5.3.K.2 2.54.Q.;♠8 ♣J;♠3;3
E;NT;N:.Q42.K.5 J.6.A.A ..9.JT8 T..J.76;♠6 ♦7 ♠5;♥2 ♥4 ♣5 ♦K;1
E;NT;N:9.Q8.5.J JT.6.Q. 8..96.Q A4.4.3.;♦T ♣2 ♦4;♦5;1
N;NT;N:T7.A.2.5 K9.J.7.K J3..5.87 .Q2.8.Q6;;♦2;2
W;NT;N:K73.J.4. T.987..9 A.T4.J7. Q.Q.A.8;♦3;♦4;2
N;NT;N:J.A4.5.T 97.Q.A.2 AQ..Q.85 3.T.J9.7;;♥A ♣T ♠J;5
E;NT;N:.K9.A72. 4.A.J.K .Q.KT8. .4..842;♠K ♥3 ♣J;♦2 ♦7 ♦A ♥9 ♥K;1
N;NT;N:A..T96.2 K95...87 .K8.A2.K 862.93..;;♣2 ♠A ♦6 ♦9 ♦T;5
N;NT;N:Q2..K7.7 AK..85.K 8.6.2.62 T.KQ.J.8;;♦K ♣7 ♠2 ♠Q;1
E;NT;N:7.4.Q.K3 .T2.T4. J..9.T2 2.8.J8.;♣6 ♠K ♣Q;♣K;5
W;NT;N:K8.J2..Q T6...T86 3.6.64.7 .9.8.J9;♦5;♠8;5
E;NT;N:.4.KJT.4 3.AJ..A 6.T3..2 ..A3.87;♣Q ♠7 ♥2;♣4;1
E;NT;N:8.93.43. KQ...T6 9.7.6.Q 532..7.;♥6 ♦J ♥J;♥3 ♥9;1
W;NT;N:8.K7..J8 KQT2...T .AT8.2.K .5.6.Q4;♣2;♣8 ♣J;4
N;NT;N:7.T42..K 9.6.A97. A.A.J.A5 8.9.4.97;;♠7 ♥2 ♥4 ♥T;5
W;NT;N:AQ..8.Q8 .T5.T.T3 .QJ.J3.4 T963...;♠2;♠Q ♠A;5
W;NT;N:5.J6..Q7 .A.Q96.3 K74..T.2 .KQ.A.8;♥9;♥6 ♥J;1
E;NT;N:5..9.J64 3.JT..8 4.3.2.T .74..K3;♦7 ♠T ♥9;♦9;2
E;NT;N:.Q.JT42. .5.K7.8 85.T..3 .KJ76..;♥9 ♣A ♣J;♥Q;1
N;NT;N:J4.2.5.2 2.8.9.A9 75.A.4.6 .J6.2.T5;;♠4 ♠J ♥2;3
W;NT;N:Q98.A5.. 5.Q9..A2 ..652.Q8 A..K.63;♣7;♥5 ♠8 ♠9 ♠Q;1
S;NT;N:3.Q4.2.5 5..3.J97 6..A.82 9.9.J4.;♦8 ♠K;♦2;3
S;NT;N:..96.A95 6.AT..KJ J..8.Q2 A.4.T2.;♥9 ♦4;♣5 ♣9;1
W;NT;N:.KQ.4.83 J.84.8.5 8.2.Q72. 76.J..J;♠9;♦4 ♣3 ♣8 ♥Q ♥K;1
N;NT;N:A.4.75.8 Q.K.T42. 752.2..Q .T.KQ3.9;;♠A;4
W;NT;N:KT64.7.. .A.6.QT8 ..AT3.A7 Q82..5.;♠J;♠K ♠4 ♠6 ♠T;3
E;NT;N:92.4..A4 .A8.J.6 63.J.K. AT8..6.;♦7 ♠7 ♦4;♠2 ♣4 ♥4 ♠9 ♣A;1
W;NT;N:Q8.KQ.Q. ..A82.92 T32..KT. .J9.7.A;♥8;♥Q ♥K;5
W;NT;N:.74.7.52 82.K.A5. AK..8.KT QJT...A;♦9;♦7;2
N;NT;N:.J9.J92. .A64.T.9 73.873.. AQJ6...Q;;♦J;3
E;NT;N:9.2.A8.9 .K4.T.K Q2..5.8 ..Q72.5;♠8 ♥Q ♠A;♠9;1
W;NT;N:52..A7.J .6.J43.K K.KT..94 4.5..A7;♠Q;♠2;4
N;NT;N:A2..96.3 T63.3..8 9.J6..96 4.T5.J3.;;♣3 ♠A ♦6 ♦9;4
E;NT;N:.A5..T53 .97.K.J K5..74. 4.KQ..4;♠3 ♣K ♦A;♣3 ♥5 ♣5 ♣T;1
W;NT;N:.6.4.A65 874.4..8 .T2.A.Q3 .K8.2.K;♣9;♣5 ♣6;4
N;NT;N:K.2.Q3.5 .4.T4.96 .5.2.K42 .AK.K5.8;;♣5 ♠K;2
N;NT;N:A..53.62 ..K8.KT9 .T75..J4 3.KJ3..3;;♠A;2
S;NT;N:A8..94.K Q7.Q4.A. K2.3.3. 9.6.7.4;♦T ♥7;♦4 ♦9;2
S;NT;N:.2.K9.T3 J8.J5..Q 6.K4.5. 5.9.3.8;♥3 ♣2;♥2;1
N;NT;N:A.76..97 .K3.KT.4 8.4.9.65 3.Q82.8.;;♠A ♣7 ♣9;3
S;NT;N:KT.8..Q4 3.4.K75. .73..T9 52.9..6;♦9 ♠Q;♣4 ♥8 ♣Q ♠T ♠K;1
E;NT;N:63.4.Q.3 .T.K7.4 .AJ.62. A.K9.4.;♦5 ♠4 ♣5;♦Q;2
W;NT;N:A5.J4..7 .973.T.8 973.A..4 Q8..4.Q;♠4;♠5;4
S;NT;N:.K2.J2.K 9.5.Q5.7 ..K7.65 T.J6..2;♥A ♠K;♥2 ♥K;5
S;NT;N:5.J43.7. .2.K5.85 .K7.A.K T4..9.A;♣J ♣7;♠5 ♦7;5
N;NT;N:A.3.T.Q8 .J5.A.KT .7.53.64 542.T.6.;;♦T ♥3 ♠A;1
N;NT;N:3.2.74.7 .A.K62.3 .64.98.4 .Q.J3.T5;;♠3;1
E;NT;N:T.T.2.A5 9.86..7 K4.7.6. 5..Q.K8;♠Q ♣9 ♦K;♠T;2
W;NT;N:K97..T.2 .94.QJ.A 5.T..963 2.8.3.K;♠T;♠K;3
S;NT;N:82.J93.. A.AQ..K8 4.K2..J K6...74;♠3 ♣6;♠2 ♠8;1
N;NT;N:2.K.97.6 8.4.KQ5. .98.A.84 A93..T.T;;♥K;3
N;NT;N:A2..7.QT T.9..A72 8.A6.5.4 9.T3.62.;;♠A ♣T ♣Q ♦7;4
S;NT;N:73.53.2. 9.K8..A2 ..Q6.43 .J9.J3.;♠K ♦9;♠3 ♠7;2
W;NT;N:A53.A..7 8.9.A.KQ J.J2.2.9 4.3.KQ.;♥4;♥A;4
E;NT;N:6.AQ.A5. AT.T.8. Q...Q92 J.94.Q.;♣7 ♦7 ♠3;♦5 ♠6 ♥Q ♥A;2
N;NT;N:4.7.8.Q5 .T9.AK5. 7.J6.9.7 .4.2.K84;;♥7 ♦8 ♠4;2
E;NT;N:7.A7.9.J .T8.T.5 J64..5. .J3..T3;♣9 ♦J ♠T;♣J;5
W;NT;N:.J9.2.JT 3.3.T.K2 J.2..985 92..A.Q;♠T;♦2 ♣T ♣J;3
S;NT;N:.Q.Q6.K4 9.986..T A5.2..Q ..T8.93;♦J ♥A;♦6 ♦Q;5
W;NT;N:A.93.AT. J97..J4. K2..5.AK 8.J7..6;♠Q;♠A;3
N;NT;N:6.2.J65. 2.A8.2.3 Q.J9.A.6 5.Q4.T.5;;♦5 ♦6 ♦J ♠6 ♥2;3
N;NT;N:K83..7.T QJ4.3.K. A97..8.8 .A6.54.K;;♠3 ♠8 ♠K;2
S;NT;N:82.5..87 K7.AJ.9. .T.8.95 54.8..Q;♥9 ♠3;♥5;1
E;NT;N:Q9..5.T8 8.T.8.J 5.7.K.2 ..Q9.K6;♥A ♠3 ♥Q;♦5 ♣8 ♣T ♠9 ♠Q;1
W;NT;N:9.A4.K.T 85..A75. J43...A8 KT.9..2;♠7;♠9;5
W;NT;N:6.9.K7.7 Q94.K3.. A.J7.T.3 T..Q.T2;♦6;♦7 ♦K;3
S;NT;N:.83.4.K6 98.4..QT .72.Q8. J.T..98;♥Q ♣5;♥3 ♥8;3
N;NT;N:..A8.KQ5 Q.K983.. K4..J5.6 T.7..832;;♣Q ♣K ♦8 ♦A;5
S;NT;N:82.J.T9. T54.6..Q .A.Q.J7 A.2.K3.;♦6 ♠7;♦9 ♦T;2
N;NT;N:J.A.9.53 6..752.Q 83.4.4.J 2.K3.A.7;;♠J ♣3 ♣5;3
W;NT;N:.A.J4.T7 J6.J6.3. K8.8.K.Q A.7.62.;♠Q;♦4 ♣7 ♣T ♦J;5
N;NT;N:T.T.K9.K K.K63..9 .Q985.A. A3..52.A;;♣K;2
S;NT;N:62..T9.K T7.J6.5. K954... ..3.JT2;♦4 ♦Q;♦9 ♦T;4
S;NT;N:Q.A8.J.7 K4..5.QT 852.7.. .5.Q4.8;♠A ♣2;♠Q;3
E;NT;N:87..63.K A..5.T8 .J8.T8. Q.Q..76;♣9 ♦2 ♠6;♣K;3
W;NT;N:Q.AJ.97. T.7.Q64. 7.65.K8. A6.Q4..;♦2;♦7 ♦9;4
N;NT;N:7.76.7.8 ..98.JT2 AQ.A.5.A T.3.T6.K;;♣8 ♠7 ♥6 ♥7;4
W;NT;N:98.2.3.5 7.6.J9.Q 2.K4.5.9 .5.72.4;♣6;♣5;2
S;NT;N:6.8.2.K5 J92.6.3. .KT.7.8 K7...J3;♣6 ♥A;♣5;5
N;NT;N:96.7.83. .KT.94.8 K3...J54 .64.5.Q2;;♠6 ♠9;2
W;NT;N:9.32..64 64..4.A5 7.6.A3.7 3...J32;♥9;♥2 ♥3;1
S;NT;N:3..K8.Q3 7.986..2 A9.T.A. 8..74.6;♥4 ♣J;♠3 ♣3 ♦8 ♦K;4
W;NT;N:93..Q6.A .AKT.5.8 .Q.J93.J 84.3..2;♠T;♠3;1
E;NT;N:.A43.7.8 3.QT.J. A..T4.7 ..53.J6;♥5 ♦2 ♠6;♥A ♥3 ♥4;2
S;NT;N:A5..8.AJ T...KQ86 93.5.6. 2.A.52.;♥2 ♥9;♠5 ♣J ♣A ♦8;3
N;NT;N:Q.82.4.8 T743...K K5.KJ.2. .Q4.KQ.6;;♣8 ♠Q ♥2 ♥8;3
W;NT;N:6.AQ4..A T.7.5.T5 3..KJ8.J .5.92.7;♣Q;♣A;4
S;NT;N:4.4.954. 7.2..KJT K5.A..A 2.7.Q.7;♦A ♠6;♦4 ♦5 ♦9;5
N;NT;N:A.K4..53 QJ3.T9.. 984.7..2 5.6.32.8;;♥K ♠A ♣3 ♣5 ♥4;2
S;NT;N:Q9..K4.9 .93.A2.7 3.87..Q 8.K6.7.;♠T ♠6;♠9 ♠Q;3
W;NT;N:AK.K.72. 4.543..T T.QJ.Q.7 ..AJ.43;♦8;♦2 ♦7;4
W;NT;N:82.52.T. K6.A.5.4 .8.Q62.Q .6.4.95;♣2;♠2 ♥2 ♥5 ♠8 ♦T;4
W;NT;N:93.Q3..J 6.T9.94. K8.5..K8 54..K.T;♦J;♥3 ♠3 ♥Q ♣J ♠9;3
W;NT;N:6.A2..74 K8.8..Q9 .9.J.T82 .Q3.Q6.;♣6;♣4 ♣7;2
W;NT;N:JT6.3..2 ..T.7543 5..Q4.J6 A.8.5.Q;♠K;♠6 ♠T ♠J;1
N;NT;N:.T.542.K 9.9.9.AQ Q7.6..92 .75.AK.4;;♥T ♣K ♦2 ♦4 ♦5;1
E;NT;N:6.J.Q8.7 .3..QJ2 A.72..6 .4.53.9;♠7 ♦9 ♥5;♠6;1
E;NT;N:.62..AT8 ..A75.Q K6..Q.9 84.4..7;♦9 ♠7 ♦4;♥2 ♣8 ♥6 ♣T;1
N;NT;N:2.3..Q83 J3.K.Q2. T7.Q.J.A .J5.K3.K;;♣3 ♣8 ♣Q;1
N;NT;N:.A.KQ5.5 A.QT8.8. J76...43 2.K64.J.;;♦Q ♦K ♣5 ♥A;5
W;NT;N:.A63.A.2 .K82..95 KQ6.Q..T J4.5..J;♠3;♥3 ♥6 ♣2;5
N;NT;N:KT..J53. .94.82.2 A.KJ7.7. J32.Q.Q.;;♦3 ♦5 ♦J ♠T ♠K;4
E;NT;N:A74.3..6 ..A5.53 3..3.74 9.A.72.;♥4 ♥2 ♣K;♥3;1
E;NT;N:97.3.J2. T..A.QJ A..K95. J.T5..A;♠6 ♦7 ♦6;♠7 ♠9;2
W;NT;N:.AQ.9.J6 98.74.3. .95.J2.T 4..8.A9;♥T;♥Q ♥A;4
W;NT;N:Q.Q7.Q8. T92.J.5. 4...J854 ..3.T92;♥4;♥Q;5
W;NT;N:T3..J5.9 ..72.K85 7.T8.K3. 5.J6..4;♣J;♣9;1
S;NT;N:J.4.T8.7 A6.87.7. 9.96..6 .AQ.K9.;♦Q ♦5;♦8 ♦T;2
E;NT;N:J3.Q9.K. .A.Q2.9 K9..A5. 7.4..T5;♠8 ♥5 ♥T;♠J;5
S;NT;N:.75.K72. .942..A4 8.3.AJ. J95..9.;♠K ♣Q;♥5 ♥7;4
W;NT;N:2.K.8.KJ .9.642.T T4.7.A7. J7.2..A;♥Q;♥K;3
W;NT;N:.Q.3.AK3 .85.75.7 53.J76.. 4..T2.4;♣8;♣K ♣A;4
W;NT;N:82.A3.Q. .7.J.AQ8 5.T.T7.7 3.9..96;♠9;♠2;1
S;NT;N:96..2.43 T82..3.A 3.J..92 .2.A.76;♦6 ♠K;♦2;3
S;NT;N:..J6.A73 .75.QT3. 2..82.Q 8.3.4.6;♠9 ♠5;♦6 ♦J;4
S;NT;N:Q.Q4.4.Q .A.95.AK T8..6.5 AK2...6;♦T ♥2;♦4;1
W;NT;N:.Q6.T73. K7.A..A7 A4.7..Q9 .32.8.J;♠T;♦3 ♦7 ♦T ♥6 ♥Q;2
N;NT;N:K.9..KT4 .AJ.A.92 93.8..65 2.T.54.7;;♣T ♣K ♠K;4
N;NT;N:AQJ4.A.. K.2.3.53 8..KQ96. 76..T2.A;;♠A ♥A;5
W;NT;N:QJ.8.A.K T..J5.QT 8.AQT.4. ..93.A4;♥2;♥8;5
N;NT;N:6.5.65.K .J72.2.9 KJ7.K8.. T8.A.K.7;;♣K;4
S;NT;N:QJ.3.98. T.A.AT.3 .K.5.52 .7.K6.8;♥Q ♦4;♥3;1
W;NT;N:3.95.5.A ..A2.Q75 .7.T63.8 .AQ.8.T;♦9;♦5;2
W;NT;N:5.A.T6.6 96..J53. .3.Q4.K7 .6.87.8;♥Q;♥A;4
W;NT;N:65..A.A2 A.4.Q7.8 874..T.9 .3.K.K5;♥5;♣2 ♠5 ♠6;2
W;NT;N:2.AJ.4.7 A.Q2.6.A 43..75.K 5.98..4;♠K;♠2;2
S;NT;N:.5.63.32 ..54.876 A84...A .4.AJ.5;♣T ♥K;♣2 ♣3;5
W;NT;N:7..J3.98 83.Q..J4 .A4.Q7.7 T.52..2;♠2;♠7;2
E;NT;N:7.6.JT4. QT5.2.. ..2.AT8 .J.Q9.K;♦3 ♥7 ♦6;♦T ♦J;2
N;NT;N:4.8.97.4 QJ.K4.5. K3.2.2.3 T2.A.A.7;;♠4 ♦7 ♦9 ♥8 ♣4;1
S;NT;N:96.52..8 A.JT.K.7 T.4..JT 8.97.3.;♦7 ♠3;♥2 ♥5 ♠6 ♠9 ♣8;1
S;NT;N:Q.2.J6.J 7.Q.QT4. .65.K.9 53...A7;♥8 ♠A;♥2;3
S;NT;N:.AQ5.8.Q J.K2.A6. 6.T.KT. .4.4.98;♥6 ♣2;♥A ♥5 ♥Q;2
W;NT;N:87.7.2.K 3.9.T.AQ ..J8.T98 ..K9.J2;♥4;♥7;1
S;NT;N:J2.7.T6. 6.8.3.AK 73.3..Q T4.J.2.;♦8 ♦A;♦6 ♦T;2
W;NT;N:6.J..863 3.2.3.A5 .4.J6.KJ .Q.T.97;♥K;♥J;2
S;NT;N:7.K.2.72 6.T.8.Q4 Q.3.J.9 94..K3.;♦6 ♠2;♦2;3
E;NT;N:.4.A2.QT .KQ.Q.A 73...K8 .T9.85.;♠5 ♦4 ♦J;♦2 ♥4 ♣T ♣Q;1
W;NT;N:.K.KQ6.2 Q5.J52.. 6.7.7.93 AT...A8;♦4;♦6 ♦Q ♦K;4
S;NT;N:.Q63..K3 Q.95..98 A..A9.A T8.T2..;♦8 ♦J;♥3 ♥6 ♣3 ♣K;4
N;NT;N:J8.Q.A8. T9.84.3. K5.A9..2 6.J75.4.;;♠8 ♠J ♦8 ♦A ♥Q;5
N;NT;N:3.A6.K3. .K3.A.43 .95..KJT 64.82.9.;;♦3 ♦K;4
N;NT;N:64.7.6.8 K.A.T7.3 9..J4.J6 83.QT2..;;♠4 ♠6 ♣8 ♦6 ♥7;3
N;NT;N:J.K3.Q.J 7.J2.K.2 3..87.K5 AQ82...7;;♥K;3
E;NT;N:K.J.K4.K Q.87.J. 7.T.A.9 83.K6..;♠4 ♥A ♣3;♠K;4
E;NT;N:J8.73.Q. 5.6..K8 62..T.5 .T.A6.Q;♦8 ♦9 ♦J;♦Q;3
N;NT;N:3..K5.J4 2.4.2.AQ QJ.AJ..8 K54..9.K;;♦K ♠3 ♣4 ♣J;2
S;NT;N:..T95.K8 2..A4.52 Q.4.7.9 4.A.3.Q;♠3 ♦8;♦5 ♦9 ♦T ♣8;4
S;NT;N:.63.A65. 5.QT..Q9 Q6...32 3.K.Q2.;♦3 ♥A;♦5 ♦6;3
N;NT;N:7..Q84.4 83.Q..53 A.AK.A.7 KT.T3.3.;;♦4 ♦8 ♦Q ♠7 ♣4;5
N;NT;N:82.A.6.5 J5..74.2 A.Q3.9.6 KQT.6.2.;;♦6 ♣5 ♥A ♠2 ♠8;5
E;NT;N:8.K.T9.7 K.7.Q4. 9.A.K6. A6..82.;♥6 ♦A ♣5;♥K;5
W;NT;N:Q.K..Q87 5.7.82.5 6.86.K9. K.T..63;♠9;♠Q;5
W;NT;N:K.6.76.T 3.KT..Q7 QJ.J8.K. 64..3.A;♣6;♣T;2
E;NT;N:4.4.J.Q5 6.8.85. .A.43.K ...J976;♦K ♠8 ♥5;♦J;1
W;NT;N:8.J.K8.K Q3.K.4.3 KJ.7..74 4.53.A.;♥6;♥J;1
E;NT;N:98.T..95 .9.A97. ..T3.82 A5.4..6;♠3 ♦2 ♦6;♠8 ♠9;4
W;NT;N:.9.A94.4 Q7.K65.. 63.J7..9 AT..85.;♣7;♣4;2
S;NT;N:.32.KQ.5 3.J65..7 74..42. .A97..9;♦T ♥T;♦Q ♦K;2
N;NT;N:Q.4.T6.T 85..93.J A6...KQ9 J.A5..A8;;♠Q ♣T ♦T ♥4;2
E;NT;N:Q..643.9 7.2..T6 K.7.K.7 .T5.AT.;♠2 ♠8 ♣4;♠Q;1
E;NT;N:J3..A.K3 2..854. .Q.J.QT 8.KT.K.;♥3 ♠Q ♦Q;♣3 ♠3 ♣K;4
N;NT;N:4.A.T.J6 73...K32 8.9.J6.8 J.75.A.4;;♣6 ♣J;2
E;NT;N:8..32.A3 Q4.T..5 9..Q.82 T5..T4.;♠A ♠J ♣J;♠8;1
W;NT;N:T.5.J42. 2.Q7.93. A.2..JT3 .J8..98;♠8;♠T;4
W;NT;N:9.9.Q9.4 Q.T..K87 .KQ65.8. A2..74.;♠6;♠9;1
W;NT;N:.6.AT.Q9 T5.73..6 A3.K.3.4 .2.6.T7;♦K;♦A;5
E;NT;N:9.4.J6.J 763.2.. 2.3.74. Q...AT7;♠4 ♦2 ♦5;♠9;4
E;NT;N:94..2.AQ 75.8..5 8..3.74 A3..A.6;♥4 ♠T ♠K;♦2 ♣Q ♣A;1
E;NT;N:.8.T.K92 T.A.Q.J 2.4.3.3 6.T5.2.;♦5 ♠3 ♠J;♦T;4
S;NT;N:6.32..A9 74..T.Q2 ..63.86 9.T.9.T;♣3 ♦7;♣A;1
S;NT;N:J2.9.A4. 765.KQ.. 4.862.. .75..KT;♠K ♦J;♠2;4
W;NT;N:J.7.K2.9 8.A.85.T 7.J5..A5 .T.QT.6;♠2;♠J;4
N;NT;N:T7.Q.7.8 J9..AT4. KQ2..Q.Q 6.94.K.T;;♥Q;5
E;NT;N:Q8.K3..5 T.A4..4 AJ...K6 3..T9.8;♦3 ♦7 ♦8;♣5 ♥3 ♠8 ♠Q ♥K;2
E;NT;N:K..94.J3 .T7..T9 96...84 3.Q9..K;♠8 ♠A ♠J;♠K;3
N;NT;N:AK.A.Q.2 8.J5.98. 6.42.7.9 93.6.A2.;;♠K ♠A ♥A ♣2;4
W;NT;N:.Q72..73 3..842.8 KT.AT9.. ..T3.QJ;♥8;♥2 ♥7 ♥Q;5
E;NT;N:8.Q65.J. 5.7.KQ. A4.A..5 J2.4..J;♦9 ♥T ♣4;♦J;4
N;NT;N:.AT..AQ7 762.7..2 4.5.8.K4 .KQ.76.6;;♣7 ♣Q ♣A ♥A;5
W;NT;N:63..K.J5 4.3.J4.6 Q..9.874 5.97..A;♦3;♦K;2
S;NT;N:T.5.6.83 .K7.4.76 .AJ.J.J A..7.A5;♦T ♥Q;♦6;3
E;NT;N:A.T9.T9. .8.J8.A 32..K.4 .AQ7..7;♥3 ♣9 ♦7;♥9 ♥T;4
E;NT;N:A9.5.9.7 Q.7.3.6 J..8.J5 .93..83;♣2 ♠7 ♥Q;♣7;4
S;NT;N:KJ6...52 T.5.7.QJ 9.64.9. 7.Q..A3;♠4 ♦6;♠J ♠K;3
E;NT;N:.A6.9.A7 ..K83.3 97..A2. K2...94;♥Q ♠4 ♠Q;♥A;4
N;NT;N:K76.Q..J 8.K98.7. .65.T96. ..J5.632;;♠K ♣J;4
E;NT;N:83.9.7.5 .8.5.JT T.J62.. 2.A.J.6;♣4 ♦6 ♦T;♣5;2
E;NT;N:7.A3.4.7 A.KT.T. 3.9.8.A 8.7..84;♦7 ♦2 ♠2;♦4;2
N;NT;N:KT4...A9 .Q.JT.T3 A853..K. .96.Q9.8;;♣A ♠4 ♠T ♠K;5
W;NT;N:.9.Q83.5 A3..962. Q.8.4.J8 4.6.T.K;♦J;♦Q;2
S;NT;N:53.Q5..K A.T3..63 ..64.Q7 J.92..J;♣9 ♦3;♣K;3
E;NT;N:A.9.92.7 9.Q..Q2 32.2.A. .6.T8.J;♦J ♥K ♦7;♦2 ♦9;1
E;NT;N:.7.Q4.52 T.83.9. A.6.6.3 .T5.3.9;♠5 ♠3 ♣A;♣2 ♦4 ♣5 ♥7;1
N;NT;N:.AK.KT.9 A83..3.5 Q.65.A6. T9.3..KT;;♦T ♦K ♥K ♥A;4
W;NT;N:6..Q2.A4 5.AJ.75. K9..K98. 2.K5..K;♣Q;♣A;5
E;NT;N:8..K8.K2 9.8..54 .K6.9.J T.95.A.;♦3 ♠6 ♠3;♦8 ♦K;3
S;NT;N:A.K.K4.9 8.73..A2 5.4.A.4 ..Q96.J;♠T ♥T;♠A;5
S;NT;N:8.74.K5. .KQ8..K5 JT63... .53.6.J;♥A ♠K;♥4 ♥7;5
N;NT;N:.54.J.A9 9.Q.3.Q7 J3..Q.52 T..T42.J;;♦J ♣A ♥4 ♥5;4
S;NT;N:.92.Q3.8 8.5..AT9 5.8.A4. 4.J..52;♥6 ♠7;♥2 ♥9;3
N;NT;N:KQJ2..5. T9.9.3.8 .A.A4.KJ 5.J53.9.;;♦5 ♠J ♠Q ♠K;5
N;NT;N:.J.J.J86 8.84.K.A .AT3.T.2 976..3.3;;♥J;3
S;NT;N:7.9.632. 6.3..A32 K..Q.KT T.7..J8;♠4 ♠5;♠7;5
W;NT;N:5.8.QJ.5 .6.T6.T9 2..A75.A 6..9.74;♠4;♠5;5
W;NT;N:J3.A7.7. K98.3.6. 2..J43.A 74.T..9;♥Q;♥A;5
W;NT;N:42.K.Q.9 .T.AJ7.2 J.2.6.K8 7.3..J6;♠T;♠2 ♠4;3
S;NT;N:T.T.K4.3 87.32..8 Q.J5.5. 6.98.9.;♦A ♠4;♦4;5
W;NT;N:T53..A5. Q7.9..K4 .6.73.95 .K4..A6;♦8;♦A;2
N;NT;N:A.KT.J.J 3.9.86.4 .J65.5.Q Q64.4.7.;;♥T ♥K ♦J ♣J ♠A;5
W;NT;N:Q8.A7..J 4.9.K4.7 9.QJ..K2 .63.J.9;♦7;♥7 ♠8 ♠Q ♣J ♥A;3
W;NT;N:.7.986.A 54.Q6..2 K2.K8.Q. A.9..73;♠3;♦6 ♦8 ♦9 ♥7;4
W;NT;N:64..4.T6 J..T9.94 .Q.A.K73 .87.KJ.;♥6;♦4 ♠4 ♠6 ♣6;5
E;NT;N:T6.2.AQ. K.A.6.Q .84.3.4 4.Q7..8;♣5 ♥6 ♥K;♥2 ♠6 ♠T ♦Q ♦A;1
E;NT;N:Q43.Q..8 9.8.86. .A53..2 2.4.2.T;♦5 ♥T ♦7;♠3 ♠4 ♣8 ♥Q;1
E;NT;N:A..T3.64 Q..7.AQ 97.Q..K ..Q6.82;♥5 ♥A ♣5;♣4 ♣6 ♦3 ♦T;3
N;NT;N:K96...95 J8.2.8.Q .3.J975. T7..3.32;;♠K ♣5 ♣9 ♠6 ♠9;3
W;NT;N:6.7..KQ7 5.T.J8.A ..AT6.J8 JT4..Q.;♦3;♣7 ♠6 ♥7 ♣Q ♣K;1
N;NT;N:.A9.A53. Q72..2.6 T3.Q..J2 .865.4.K;;♦5 ♦A ♥A;5
S;NT;N:QJ.5..KT .7.J.QJ8 A..AQ.7 9..K43.;♦9 ♠8;♥5 ♣T ♠J ♠Q;3
E;NT;N:..AKJT.A A42.Q.. .A965.. ..9.Q73;♣T ♥8 ♦8;♣A;5
S;NT;N:KQJ6...J .AKJ.75. 2.3.9.7 .5.T82.;♣6 ♠9;♣J;5
E;NT;N:4.T.A93. A.AQ4.. Q6..T.5 3.K..92;♥6 ♠K ♦6;♥T;4
W;NT;N:93.A.A.A Q5.K8.K. .Q6.8.76 K7.J9..;♦5;♦A;3
E;NT;N:T85.2..7 3.3.J.T 4..7.Q4 .T.QT.6;♦8 ♣9 ♠6;♠5 ♥2 ♠8 ♠T ♣7;1
E;NT;N:543.6.8. T.5.6.T .A.K.82 .972.T.;♦Q ♥3 ♠J;♦8;2
N;NT;N:3.T.A.JT 7.Q9.K.A Q6.8.9.4 2.5.3.62;;♠3 ♦A;3
W;NT;N:.K2.A.T7 K.JT..KQ A.4.6.42 5.3.Q2.;♠Q;♥2 ♣7 ♣T;3
N;NT;N:T73.5..4 42.87..3 J.A.2.AQ 6.4.K.T6;;♠3 ♣4 ♠7 ♠T ♥5;4
S;NT;N:T.7.T.AK AQ.J..85 54..J.Q .AK.K7.;♥2 ♠3;♥7;2
W;NT;N:.83.9.K6 K..5.732 A7..3.AT 3.J4..5;♥T;♥3 ♥8;2
S;NT;N:T.K2.82. 6.4..Q86 97...72 .96..K3;♠J ♥Q;♠T;3
S;NT;N:.9.7.K86 AJ.2.A.2 .Q..QJ4 .JT..A3;♦Q ♠7;♦7;1
N;NT;N:A.Q5.J.A J2..T82. 9.9.A.32 7.82.75.;;♠A ♦J ♥5 ♥Q ♣A;5
S;NT;N:A.QJ.J.8 .8.AT3.7 7..7.KT J...AQ2;♣3 ♠6;♣8;4
S;NT;N:J.T.Q5.8 7.Q8.2.6 8.K2..A 5.7.7.T;♣5 ♦4;♣8;5
S;NT;N:.42..K74 .93.76.J 9.J.A2. .76.4.A;♠4 ♠K;♥2 ♥4 ♣4 ♣7 ♣K;3
S;NT;N:Q.J2.Q6. K952...8 87..9.K .A4..96;♣J ♥6;♥2 ♥J ♠Q;4
S;NT;N:AQ.J82.. J.3.J.82 .K76.3. 8.5.8.K;♥T ♦A;♥2 ♥8 ♥J;5
E;NT;N:8.T.J3.2 5.83..J 7..5.T9 2.5.AQ.;♦9 ♣8 ♦8;♦J;3
N;NT;N:32.3.64. J.J5.8.K .AT..T75 5.Q2.Q.9;;♠2 ♠3 ♦4 ♦6 ♥3;1
S;NT;N:..JT9.K9 JT8.K.8. .T42..6 76.6.K.;♦A ♣T;♦9 ♦T ♦J;3
E;NT;N:J.AQ.6.6 2.2.9.5 8.6.A.T 9..K7.K;♠T ♥4 ♥7;♠J;4
W;NT;N:8.83.K.8 J.T.653. AT.92..3 7.4.T.6;♣2;♣8;4
E;NT;N:6.982..5 9.Q5..7 A5..K.J Q..9.K2;♥3 ♥A ♠T;♥2 ♥8 ♥9;4
S;NT;N:K92..A.J Q.J3.2.K .T9.K.A .6.5.82;♠T ♦9;♠K;5
W;NT;N:T3.8.43. J7..7.Q6 8.K9.Q.9 5..J8.K;♠6;♠3;3
E;NT;N:A9..Q9.3 K62.J.. T..J7.7 .A5.3.J;♥4 ♠7 ♥2;♣3 ♦9 ♠9 ♦Q;1
N;NT;N:Q4..5.A8 7.8.6.96 KJ8.6..T 6.3.JT.7;;♠4 ♠Q ♣8;5
S;NT;N:A7.T8..4 63.AQ.J. 2.K.AK. .7.7.62;♠8 ♠Q;♠A;3
N;NT;N:.9.A.Q32 5..765.9 .AQJ5.T. A96.2..7;;♣Q ♥9 ♦A;5
W;NT;N:87..J95. A.K.Q42. Q5.A9..A J.3..98;♥J;♠7 ♠8 ♦5 ♦9 ♦J;3
N;NT;N:5.3..KQ7 T..AKT8. .AK.3.T4 K.QT.Q.8;;♣7 ♣Q ♣K ♥3;5
N;NT;N:KT6..AT. Q.6.7.42 .4.4.JT8 A84..5.7;;♦T ♦A ♠K;3
W;NT;N:A7.3.J.8 T5.4..63 3.T.K6.4 .6..AT7;♣2;♣8;5
W;NT;N:6..AK9.6 83..J.K2 AJ.JT5.. 9..854.;♣Q;♣6;3
S;NT;N:6.T5.Q.2 AK.K..K9 3.3.7.Q 8..6.A4;♦T ♥9;♦Q;1
N;NT;N:8.K..T64 A2.8.72. 9.T.T.J9 Q.Q9.A.Q;;♥K ♠8;1
S;NT;N:.T4.AJ.K .98.5.A8 Q8.K7.. 9..7.T2;♦6 ♠3;♦J ♦A;5
W;NT;N:2.K9.JT. .Q75.3.A A4.6..Q5 K.J.Q.3;♦9;♦T ♦J;5
W;NT;N:7.KT8..7 8..A.A96 Q.4..QJT 6.2.KJ.;♠5;♠7;4
N;NT;N:.9.A9.76 K94.42.. .T87..A2 Q.J6..K3;;♦9 ♦A;4
N;NT;N:J5.3.97. A8..8.T3 .QT96..K ..AT5.72;;♥3;5
W;NT;N:84..72.7 62.6..A6 5.2..Q83 .A4..J2;♠3;♠8;3
S;NT;N:.A9..JT7 3.K.2.A5 .53.5.8 J..K97.;♦4 ♥8;♣7 ♣T ♣J;3
S;NT;N:6.K.T6.4 A.4.4.T3 K83...6 .J85.J.;♥T ♠7;♥K;1
S;NT;N:T6.2.K.3 2..Q985. Q53..2. 8.6..T5;♣4 ♥9;♣3;5
E;NT;N:J4.8..K4 5.K.4.6 .6.6.93 87.54..;♥7 ♣5 ♠T;♥8;5
E;NT;N:4..K94.7 7.62.8. A.K9..9 K.QT.3.;♣Q ♣3 ♥8;♣7;3
S;NT;N:7.Q..J42 6..765.T A5.4..A .62.A3.;♠J ♣Q;♠7;5
S;NT;N:AK72...6 .AQ.92.3 4.T.4.8 J..QJ3.;♠9 ♣Q;♠2 ♠7 ♠K ♠A;5
E;NT;N:64.5.9.5 2.6.AQ. 5..J3.A .J.T4.4;♣8 ♣Q ♥2;♣5;4
N;NT;N:.94.K9.2 QJ7.T.2. A8..AT.A 65.65..K;;♦9 ♣2 ♦K ♥4 ♥9;4
W;NT;N:A..Q8.A5 ..K2.T92 Q.AT84.. J..A.J8;♠8;♠A;2
N;NT;N:.4.A3.J5 Q..Q2.A6 4.K7.8.T 53.Q3..3;;♣5 ♥4;3
E;NT;N:.K72.T7. ..J2.83 A.5.8.9 Q2.Q.K.;♠J ♣T ♣6;♦7 ♦T;3
W;NT;N:9.T.3.K2 2.4.875. Q.KQ5.9. 4.A2..9;♠6;♠9;3
W;NT;N:J.3.T3.2 .2.8.943 .98.7.87 K6..J.6;♠T;♠J;3
N;NT;N:T7.32..T A..32.K5 .54.Q8.8 8.A7.4.J;;♠7 ♠T;1
S;NT;N:3.A6.32. 6...A874 J.97..J 8.J..KQ;♠7 ♣3;♠3;5
E;NT;N:KJ93..4. .AQT9.. T5..T.7 A7.63..;♦Q ♦K ♥K;♦4;3
N;NT;N:7..K2.A5 T3.62..3 KJ65...Q ..4.9764;;♣5 ♣A ♠7 ♦K;5
N;NT;N:K5..Q4.J 9.K5.A.7 .832..32 .Q.73.98;;♠K ♦4 ♣J;3
E;NT;N:94..J76. T.7.3.2 2.3.Q.9 Q5.K.2.;♥2 ♥4 ♠8;♠4 ♦6 ♦7 ♦J ♠9;3
W;NT;N:9..8.AT5 K8..62.6 52..Q.Q3 .8.7.K4;♥K;♣5 ♣T ♦8 ♠9;3
W;NT;N:J5.8.A.2 A.T7.K8. Q43.4..9 .J5.9.K;♦Q;♦A;1
S;NT;N:AJ.6.A2. .T.QJ.J8 3.Q.K9. K.8.T6.;♣T ♠7;♦2 ♥6 ♠J ♦A ♠A;3
E;NT;N:2.T6.2.T .Q.3.76 9.8.84. .7.KJ.3;♥A ♣9 ♣K;♥6 ♥T;1
S;NT;N:T.76.5.K .Q82.J.5 J87...A Q...762;♦4 ♠5;♦5;1
N;NT;N:K.96.9.Q .J.QT8.9 3.54.K.3 ..642.A7;;♦9 ♥6 ♥9 ♣Q ♠K;2
E;NT;N:AJ..82.5 ..AK.74 4..T5.A .J2.9.2;♣K ♠2 ♣9;♣5;2
N;NT;N:.4.T5.AK 4.53..65 JT6.J.K. 9.K.J9.J;;♣K ♣A;5
S;NT;N:J4.83.A. 62...A75 .6.63.T T.A..J2;♦5 ♠K;♦A;2
N;NT;N:6.K53.K. 7.8.Q.A7 J2.J.T5. A.94.4.T;;♥3 ♥5;4
W;NT;N:4.95.K2. A9762... .KJ.J8.5 .T3.3.3;♥2;♥5 ♥9;5
S;NT;N:A4.T.J6. .A.Q5.KQ K8.4..9 2.J.2.J;♣A ♣T;♥T ♠A ♦6 ♦J;3
S;NT;N:5.T4.J.K Q4.2.8.J K.5..A4 .Q8.4.3;♣5 ♣7;♣K;5
W;NT;N:A7.2.AT. 5..743.J 42..8.T9 J...KQ5;♣8;♠7 ♥2 ♦T ♦A;4
E;NT;N:7.93.9.K Q.Q7..4 95..K8. 3.5..Q6;♥J ♣7 ♠T;♥3 ♥9;1
S;NT;N:..5.K852 4.J432.. 3..K3.9 ..8.Q76;♦J ♥K;♦5;4
S;NT;N:3.Q3.6.A J7.J5.3. Q5..98. 4.K.54.;♣6 ♥2;♣A;4
N;NT;N:Q2..Q43. .T3.5.J4 ...K9863 9.KJ.86.;;♠Q ♦Q;3
N;NT;N:T8.T8..4 .J6.AK.5 Q2.A7.J. 96.4.92.;;♥8 ♥T ♠8 ♠T;4
N;NT;N:K.6.A9.3 .753..K8 AJ4.4.7. ..4.J754;;♦9 ♦A ♠K;5
E;NT;N:A4.6..82 T..T4.A Q.A9.K. 2..8.JT;♣9 ♥7 ♦9;♣2 ♣8;3
N;NT;N:.3.T3.K7 ..A84.A9 J8.Q92.. 96.A5..6;;♥3 ♣7 ♣K ♦3 ♦T;1
E;NT;N:7.KJ.Q8. 5.A9..4 2.Q.3.T K..K4.7;♦J ♥T ♠6;♦Q;2
N;NT;N:43.A5..4 7.J.T7.7 A.9.A9.Q Q9.74..T;;♣4 ♠3 ♠4;5
S;NT;N:2.T.A.62 .Q87.K4. J5..T9. 4.2.3.A;♣7 ♦8;♣2 ♣6;4
W;NT;N:9.2.Q.Q5 2.9.54.J 43..AT.3 7.AK.7.;♠8;♠9;5
N;NT;N:..T4.Q83 T.84.97. K5.7..K7 J9..A5.9;;♣3 ♣8 ♣Q;4
E;NT;N:A98.Q.A. 53..5.9 Q..8.A3 ..3.Q64;♦4 ♥8 ♠7;♦A;5
N;NT;N:.98.K.73 .Q.Q2.T9 842..3.Q AT.K3..4;;♣3 ♣7 ♦K ♥8 ♥9;2
W;NT;N:.QT.Q5.8 .J932..4 ..A863.A Q8..T.Q;♠2;♥T ♣8 ♦5 ♥Q ♦Q;2
N;NT;N:83...A53 .T96.65. .K2.AK9. .A3.T72.;;♠3 ♠8 ♣3 ♣5 ♣A;5
N;NT;N:.4.T86.5 A72..5.J 6.9.7.KT .QT7.K9.;;♣5;2
W;NT;N:764..J.T .Q4.652. 3.A2.A7. Q.J3.Q.;♣4;♣T;4
N;NT;N:A...KQ98 .K2.6.J4 Q.98.7.A 732.A.A.;;♣8 ♣9 ♣Q ♣K;5
S;NT;N:.AJT..AJ Q.K.5.76 3..QT.4 K8..J4.;♥2 ♠9;♥A;5
W;NT;N:6..3.KJ6 2.8.5.54 J3.42.A. .6..AT8;♣Q;♣K;4
N;NT;N:Q8.T8..2 ..J8.A75 .4.A.Q84 K74.Q.Q.;;♣2;3
N;NT;N:.A74..T8 .T.J.742 J7.K..K5 93..Q.J6;;♥A ♣8 ♣T;5
W;NT;N:.T.A9.J9 .2.K6.64 3.98.J7. K8.3.4.;♠2;♦9 ♥T;5
N;NT;N:.932.7.Q J976.8.. 4.AK..A3 T.4.5.J8;;♥2 ♥3 ♥9 ♣Q ♦7;5
W;NT;N:J4..6.32 AK2.5..7 .J8.T4.Q 853..3.;♣9;♣2 ♣3;5
E;NT;N:A8..T.T4 3.A.Q6. 6.J.A.9 .84.7.3;♣2 ♦5 ♠9;♣4 ♣T;5
E;NT;N:J.AQT.5. K.3.3.3 64..K8. 75.J.A.;♠8 ♥K ♠2;♠J;4
W;NT;N:Q.95..J2 T6..Q.Q4 J8.4..63 A.8.7.9;♣8;♣2 ♣J;1
N;NT;N:.A.Q4.T2 ..3.K953 9..A2.A7 86.K.7.J;;♦4 ♦Q ♣2 ♣T ♥A;5
N;NT;N:T.6..KQ3 .75.7.42 2.8.KQ3. .AK9.T.6;;♣Q ♣K ♠T;4
S;NT;N:.AJ.K.T4 K.84.QJ. 6.53..6 .T2.9.J;♠7 ♦7;♣4 ♣T;3
N;NT;N:J.2.2.J6 2.5.9.KQ 7..KT8.5 A.AJ..AT;;♦2;3
E;NT;N:86.4.T.3 4...QJ8 75.Q6.. .75.4.5;♦J ♣4 ♠T;♦T;1
S;NT;N:.3.K72.4 9.5.Q.73 4..J.96 .J.3.T8;♠7 ♠Q;♦2 ♦7 ♥3 ♣4;2
N;NT;N:K9.J.6.T A3.Q5..5 7.6.T2.K QT52..7.;;♦6 ♣T;3
W;NT;N:..K62.J7 2.8.54.9 J976...3 .K.T.K8;♦A;♦2 ♦6;2
W;NT;N:8.Q2.Q.A .8.JT7.T K.J6.3.8 96.7..Q;♠T;♠8;5
E;NT;N:.2.K7.J5 .T..Q98 6..A8.3 .7.T.T2;♦9 ♠3 ♥9;♦K;4
N;NT;N:.6.AK4.J K.54.83. 2.T..QT9 T.9.Q95.;;♦K ♦A ♣J;5
W;NT;N:3.J6..63 2.8.J.92 .7.A6.K5 9.4.T7.;♣4;♣3 ♣6;5
S;NT;N:4.K.2.94 86..954. J3.T..6 5.Q.Q3.;♣A ♠T;♣4 ♣9;4
S;NT;N:72.94.6. .T.A.973 Q9...K8 J3.K8..;♣5 ♦2;♠2 ♠7 ♦6;2
W;NT;N:AK.J..K4 J.K2..Q5 Q..QT9.J .T74.4.;♥8;♥J;1
N;NT;N:.6.2.Q53 8.4.A.A8 6.2.654. K.5.983.;;♥6;1
W;NT;N:9..43.QJ .64.T9.7 3.8.K.95 A..Q85.;♠T;♠9;3
E;NT;N:AQ6.QT.. 7.9.Q.K J9..4.J .3.3.84;♣5 ♣6 ♣A;♠6 ♠Q ♠A ♥T ♥Q;2
S;NT;N:96.9.3.2 J82.4.9. 75..Q.A A.6.K.3;♣7 ♦2;♣2;3
W;NT;N:T.Q2.J.3 2.43.3.7 AK63..6. .JT9..5;♣8;♣3;3
W;NT;N:K7..AT.7 .A9.K5.5 Q.43.3.6 9.K8..3;♦J;♦A;4
S;NT;N:.A43.A.4 Q74...KT 5.9..A6 .J.KQT.;♠8 ♥5;♥3 ♥4 ♣4 ♦A;2
N;NT;N:9.4..743 J.AJ..Q8 .K9.AQ.9 8.7.843.;;♥4 ♠9 ♣3 ♣4 ♣7;1
W;NT;N:A..J.964 8.7.7.A8 965.4.3. .5.95.J;♣K;♣4 ♣6 ♣9;2
S;NT;N:8.Q.9.75 96.K.T.9 AT.94.. 53.8..Q;♣4 ♣2;♣5 ♣7;2
N;NT;N:7.K8.K9. 9.T.4.QT 6..2.982 42.5.T.6;;♥K ♦K;4
W;NT;N:6.5.QT.A 7.KQ6.4. Q53...73 .A8.6.5;♦8;♦T ♦Q;5
W;NT;N:83..J.Q6 5.6.42.9 .AT2.3.7 Q.K.97.;♦K;♦J;1
W;NT;N:A.7.K9.5 3.Q.T7.3 T5.3.3.K Q74...8;♥6;♥7;3
E;NT;N:K4.2.98. 97..K.A Q8.53.. ..43.65;♦7 ♠J ♦Q;♦8 ♦9;2
E;NT;N:AK.A.2.6 8.T8.6. J96..J. 5.7.3.K;♠T ♠7 ♣8;♠K ♠A;5
E;NT;N:Q.KJ.Q.7 .T.T5.J .864.7. 2.2.J4.;♦2 ♠T ♣9;♦Q;4
S;NT;N:84.T9.Q. T.KQ.J.J .A7..Q3 9.2.52.;♥4 ♦4;♥9 ♥T;3
E;NT;N:Q.43.J.8 .J.8.T7 .98..65 .72.5.A;♦T ♠3 ♦4;♦J;2
W;NT;N:43.J9..K AK6..T7. .Q.Q9.74 Q.32.6.;♣T;♣K;4
W;NT;N:..KQ872. 72.Q.A.J .943..A7 J5..9.T;♣2;♦2 ♦7 ♦8 ♦Q ♦K;1
W;NT;N:A..A96.5 T6.3.Q7. 543.2.T. K7..3.2;♣7;♣5;2
S;NT;N:T.J65.3. 5.2..AQ4 4..T9.6 6...T32;♣J ♥8;♥5 ♥6 ♦3 ♥J;1
S;NT;N:T.K73.A. 98..T.98 A73...T .A8.5.6;♦7 ♣A;♦A;4
E;NT;N:Q4.7..KJ .K.642. T..7.43 5..J3.Q;♥6 ♦9 ♦T;♥7;5
N;NT;N:Q3.A..K8 7.T.KT.J A8..7.AT KJ.KJ.J.;;♣8 ♣K ♠3 ♠Q ♥A;4
E;NT;N:3.AT..95 J..T.J8 2.7.J.A 5.3.7.7;♠K ♦6 ♦A;♠3;3
N;NT;N:J943.T.. 7..K42.9 .A742..T 5..T96.J;;♠9 ♠J ♥T;5
E;NT;N:K.943..8 J5..9.A A9..T4. 86.A.2.;♣3 ♠2 ♣2;♣8;4
N;NT;N:.42.876. 2.Q.J.AJ AT.A3.9. 53.76.5.;;♥2 ♥4;3
E;NT;N:97..T6.9 ..A3.T8 3...A65 K.87..K;♦K ♠J ♥Q;♦6 ♦T;1
S;NT;N:T73.A..3 62.Q..K8 .J.J5.9 4.7.Q.A;♣4 ♠A;♣3;2
S;NT;N:AJT.85.. K4..T8.6 97.K7.. Q.3.Q6.;♥6 ♠8;♥5 ♥8;4
E;NT;N:95.7.5.8 2.9.A6. .A4.82. AQ..K.T;♦4 ♠K ♠J;♦5;3
S;NT;N:.A2.J4.8 4.74..J9 K.J6.Q. 9.9.A.3;♠3 ♣A;♥2 ♦4 ♦J ♥A ♣8;2
N;NT;N:.JT5.J.9 .92.AQ9. .843.4.Q J73..8.K;;♥T ♥J;3
S;NT;N:J.J9.K.3 75.Q5.5. ..76.K8 .K.AQ.4;♦8 ♥3;♦K;4
S;NT;N:KJ3..73. 84.8..A3 T.52..7 9.3..96;♥T ♠7;♠3 ♠J ♠K ♦3 ♦7;5
E;NT;N:865.K.J. .Q87..J T3.A..5 A.3.Q.6;♣A ♦K ♣8;♠5 ♠6 ♠8 ♥K ♦J;1
S;NT;N:J.42.A.6 5.KQ.T.2 .7.83.T 6.5..KJ;♠8 ♥A;♠J;2
E;NT;N:6.T.3.Q7 4.3.9.K .6.QT2. 3.Q84..;♣T ♠8 ♦7;♣Q;5
E;NT;N:7.3.Q9.7 .T.T84. .A54..Q K8..5.T;♠9 ♥K ♣3;♠7;4
W;NT;N:2..32.75 63.3.A.9 8.85..42 .6.K9.T;♥K;♦2 ♦3 ♠2 ♣5 ♣7;1
S;NT;N:.K2.Q4.J T.8.J75. K.A.K.6 A7.64..;♥Q ♠5;♥2 ♥K;5
N;NT;N:A.3.A.T9 7.T752.. 32..54.4 .6.92.Q6;;♠A ♦A;2
N;NT;N:.6.Q92.9 .97..K53 .JT5.T3. QJ6.4.K.;;♥6;3
W;NT;N:9.3.62.A Q..Q7.64 K63..8.9 ..J93.3;♥K;♥3;1
S;NT;N:A.9.Q5.5 .6.A.AKT T.K4.4. 2..K.87;♣J ♦7;♣5;1
N;NT;N:3.8.K3.T AJ2...54 Q.Q3.JT. .2.854.9;;♣T ♥8 ♦3 ♦K;5
E;NT;N:T.6.9.K9 54..7.7 862...5 J.AK..8;♦5 ♥9 ♦J;♦9;1
N;NT;N:.732.Q.2 4.4.2.K9 T5..T5.Q K7..84.8;;♦Q ♥7;4
N;NT;N:64.J7..6 .6.K93.5 J.2..AQ3 952...K4;;♠4 ♠6;5
W;NT;N:63..73.7 K.8.6.98 J.3.JT5. .T6.92.;♦4;♦7;3
N;NT;N:.7.QT3.7 85.K.5.J 9.A8..Q9 J4..A.62;;♣7 ♥7;4
W;NT;N:J.T9..A3 T.Q6.J5. 2..AK9.2 7.2.7.5;♦3;♣3 ♥9 ♥T ♠J;5
N;NT;N:A9.A.A5. 2.Q5.J.5 Q.6.T3.K J.KT.4.9;;♦A ♠9 ♠A ♥A;5
N;NT;N:.K9.Q2.T KJ8..K7. Q2..8.94 A9.6.AT.;;♥9 ♥K ♣T;3
S;NT;N:K2.2.T5. JT7...A2 9.8.2.9 .KJ9.9.;♣Q ♥A;♠2 ♥2;3
W;NT;N:J.7.J5.K 76.Q.A.Q .J.T.643 8.T4.3.;♠T;♠J;2
N;NT;N:Q3..8.62 8..AT74. 5.A95.Q. A94.T..K;;♣2 ♣6;2
S;NT;N:974...64 .KT4.4.K 3.A.JT. 8.6.96.;♠6 ♣5;♠4;5
N;NT;N:..A.T432 J2.K7..K AK8..K4. 5..53.A7;;♦A ♣2 ♣3 ♣4 ♣T;2
S;NT;N:843.Q.Q. T9.J6.6. K.AK.A. J52...3;♥7 ♦K;♥Q;5
S;NT;N:A87.7..J .A.3.Q62 4.52.5. 6.K..K3;♣8 ♠2;♣J;1
N;NT;N:A.A4.9.3 .6.5.K82 J4.Q.J.5 .97.82.4;;♥4;5
N;NT;N:63.6.J8. .94.4.72 T5..9.98 .AJ3.A2.;;♠3 ♠6;4
E;NT;N:J2.K.Q7. .3.A4.4 .64.8.7 9.T.9.2;♥A ♦T ♣5;♥K;2
S;NT;N:8.Q.J.A2 .8652.6. 3.A.A9. ..53.K3;♣6 ♠A;♣2 ♣A;5
N;NT;N:J53..A3. A.J982.. T..86.K4 .75.T.A5;;♦A;2
N;NT;N:J.3.Q.63 A..T.KQ9 .KQ9.9.2 T64.J.J.;;♦Q ♥3;4
W;NT;N:Q2..2.J6 75.A..K4 T4.86.T. ..A9.75;♦8;♦2;3
S;NT;N:.4..KQ75 6..Q3.T2 A..J6.3 T..42.4;♥A ♣9;♥4;5
N;NT;N:AQ.8.T.A 82.2.5.J T.97.K4. K..97.82;;♣A ♦T ♠A ♥8;5
W;NT;N:A2.9.9.8 J5..K2.7 .A5.AT.4 Q.6.6.Q;♣6;♣8;5
E;NT;N:A.T9..85 J4.52.. Q8..J9. .AJ.65.;♠T ♥7 ♣3;♠A;3
E;NT;N:96.A.3.A J3..A6. .5.Q5.2 .72.J8.;♦9 ♣9 ♣T;♦3;2
S;NT;N:.7.8.954 2.K9.T6. A.2..86 .43.3.K;♥J ♠Q;♥7;1
W;NT;N:85..63.7 .JT2..53 T.K.2.42 A4..J.6;♦8;♦3 ♦6;2
W;NT;N:6.K9.5.Q 42.T4..4 3.Q8.86. K.6..83;♥3;♥9 ♥K;5
S;NT;N:Q.8.A2.7 .J94.65. K2.Q..T T6.6.9.;♠J ♦K;♠Q;5
N;NT;N:84.KJ7.. K.64.Q.2 6..K54.8 ..32.JT4;;♥7 ♥J ♥K;3
S;NT;N:.2.4.Q87 2.K63..2 3..K7.4 9..63.A;♦5 ♥T;♦4;3
N;NT;N:.62.3.Q2 .K3.KQ2. 965.T.J. 3..54.94;;♦3 ♥2 ♣Q;1
N;NT;N:5.3.A.A6 96.8.K.Q J.7..KT8 KT.A.9.3;;♦A ♣A;4
E;NT;N:Q.3.K6.9 8.2.A9. AT3.K.. J.Q.7.K;♣A ♣6 ♥T;♣9;3
S;NT;N:K64..Q.T 72.8.6.9 T9.7..3 5.J.74.;♦T ♥Q;♦Q;5
N;NT;N:J.4.96.7 QT.8.Q.5 942..KT. A3.Q7.5.;;♣7;3
N;NT;N:72.5..82 Q4..3.65 K85.8.4. .J96.8.J;;♠2 ♠7;3
W;NT;N:..T95.65 2.Q.83.J 9.T5..A3 8.K3..9;♠6;♦5;5
S;NT;N:973.5.2. Q.2.Q.72 6.3.6.T .4.T3.J;♠A ♠2;♠3 ♠7 ♠9;4
N;NT;N:7.74.7.2 .Q6..AKQ KT8..3.5 94.T.5.4;;♦7 ♠7;4
E;NT;N:3.J.K7.K 2.Q.2.3 .T.95.7 KJ..3.4;♠4 ♦J ♥9;♠3;1
E;NT;N:2.3.K9.3 .95.T.K 3.J.7.T 7..5.J2;♥4 ♦J ♣9;♥3;2
S;NT;N:J.Q.AK.6 862.3.4. KQ5...2 7.K.3.9;♣A ♥J;♣6;4
E;NT;N:A3..94.Q .72..J7 T4.9.3. Q.J6.6.;♦Q ♠2 ♥8;♦4;2
S;NT;N:Q.3..T94 J6..8.A8 3.2.2.Q .6.Q.KJ;♦9 ♦7;♣4 ♥3 ♣9 ♣T;2
N;NT;N:.KJT6.6. AKT...Q2 J9.Q5.T. 7.2.53.8;;♥6 ♥T ♥J ♥K ♦6;5
N;NT;N:9..K74.7 2.J3.Q.9 4.87..K6 5.2.AT.Q;;♣7 ♠9 ♦4 ♦7;3
E;NT;N:82.8.8.4 54..J7. .42.A.J .T.T4.8;♣6 ♠3 ♥Q;♣4;2
N;NT;N:K.K2..T4 A5..Q6.8 63.A..A6 .7.KJ75.;;♣4 ♥2 ♥K;4
S;NT;N:K.A7..AQ A.8.Q.J8 Q.3.A8. 6.5.9.4;♣T ♥J;♣Q ♣A;4
S;NT;N:92..J32. T..K4.42 .AT2.9. .J.75.Q;♠Q ♥Q;♠2 ♠9;4
W;NT;N:T3.J.A.3 Q4.75..J 7.T8.8.7 ..T4.T8;♠5;♠3;3
E;NT;N:65.5.A.T .K.J.KQ .3.K7.J ..92.82;♠7 ♥Q ♦3;♠5 ♠6;1
E;NT;N:.T.4.K72 7.8.T6. K92..2. 6.J.3.8;♣Q ♥5 ♦8;♣K ♣2 ♣7;1
S;NT;N:J.KQ.6.4 7.8.J4.Q .4.A9.2 3.5.Q.6;♦7 ♠4;♦6;3
E;NT;N:K732..4. 5...AK6 6..T.Q7 .K8.5.5;♠8 ♥3 ♣3;♠K;5
S;NT;N:JT.A.9.Q 7.43..A6 8.Q6.K. 4.8.4.5;♥2 ♠A;♥A;5
W;NT;N:.AKJ.K.A K.7.7.KQ .Q.T65.7 QT5...5;♠8;♥J ♥K ♥A ♦K;4
W;NT;N:5.T.T3.A J.75..Q2 3.Q2..J9 K42.3..;♦K;♦3 ♦T;1
S;NT;N:T8.Q5..3 K4.A.4.9 7.4.7.J A..Q.K4;♦A ♠3;♣3 ♠8 ♠T ♥5 ♥Q;1
W;NT;N:K.Q.KJ9. .A975.Q. T...7632 ..T8.J5;♥6;♥Q;1
E;NT;N:.82.J8.3 4..94.7 Q6..A.Q J2...KT;♦2 ♣5 ♠7;♦8 ♦J;5
S;NT;N:K52..5.7 JT.Q.7.4 7.2.J2. Q.K.K8.;♠9 ♣8;♠K;2
S;NT;N:.Q.9.Q95 K3..87.3 T.AT..2 J.3.2.T;♣K ♠4;♣5 ♣9;5
E;NT;N:43.3..K5 9.7.A3. J.2.K.T 8.4.T.7;♣2 ♦7 ♥K;♣5;4
S;NT;N:A.84..K2 85..T4.3 T.2.8.4 6..AJ3.;♥K ♦2;♥4 ♥8;5
S;NT;N:.K86.95. Q864...Q 7.5.86. ..2.765;♦4 ♣4;♦5 ♦9;5
W;NT;N:64.K6..J Q98..T.6 J.A.Q4.T A.9.A.7;♦2;♠4 ♠6;4
W;NT;N:42..AQ.9 A5.A2.7. .98.2.AQ 96.Q3..;♣2;♣9;4
E;NT;N:.K5.QJ.K A2.8..6 7..5.Q4 K..6.95;♥7 ♣J ♥4;♥K;4
S;NT;N:9..7.AK7 2.3.4.52 K..2.Q9 A6.K..T;♥J ♣8;♠9;5
N;NT;N:K95.8.Q. A.T3.T.Q 2.7.K2.3 7..54.A6;;♦Q;1
N;NT;N:.KT73..Q 93..65.K 5..93.J8 A76..J.4;;♥3 ♥7 ♥T ♥K;4
W;NT;N:7.85..64 43.4.T.K KT..KJ7. 5.3.A.J;♠2;♠7;3
E;NT;N:KJ.9.74. 6.J.5.9 87.8..J .2.KT9.;♠9 ♦A ♦8;♠J ♠K;2
E;NT;N:Q.8.JT6. 3.A9..K 4.JT..T J.2..94;♣3 ♥3 ♣5;♦6 ♦T ♦J ♥8;2
N;NT;N:K.8.T.A7 .753.2.J Q.KQ9.5. J9..Q.63;;♣A ♠K ♥8;5
N;NT;N:..Q.AT32 ..JT3.54 A.T76.2. 6.95.K.7;;♣T ♣A;4
E;NT;N:4.AT76.. T.Q2.Q. .3.T.K8 K..7.93;♣6 ♠5 ♦8;♥6 ♥7 ♥T ♠4;2
S;NT;N:7.A5..A3 K.3.QT9. A..76.7 8..3.KJ;♠J ♥K;♠7;1
S;NT;N:.9.7.KQJ K9.63..8 T.AK.4. A7.52..;♦K ♠2;♦7;4
E;NT;N:2.KJ7..4 .2.Q62. K853... .95.T.J;♥3 ♦K ♠J;♥7 ♥J ♥K;5
W;NT;N:KT8.7.2. .Q4.J3.4 4.K3..Q9 .J5.9.8;♦4;♦2;3
E;NT;N:AJ.Q.96. .A5.AK. .7.J.75 53..4.Q;♥T ♥J ♣6;♥Q;3
S;NT;N:64..Q8.3 .94.K.J6 ..AT.Q7 .Q.75.9;♣T ♥8;♣3;3
N;NT;N:KT92.Q.. 5.4.J.J2 .9.K2.97 A64...T6;;♥Q ♠9 ♠T ♠K;2
W;NT;N:JT.T5.6. 9.9.J.T5 .KJ.KT.J KQ.Q.4.;♣8;♥5 ♦6 ♥T ♠T ♠J;5
N;NT;N:J.3.7.KQ .K4.2.J7 A4..J5.2 93..T4.8;;♣Q ♣K ♠J;5
S;NT;N:3.3.K5.5 4.72.64. 62.T..A .J.3.Q7;♣4 ♦2;♣5;5
W;NT;N:J..K8.J9 T8..Q63. .A8.5.72 9.J.T.6;♣8;♣9 ♣J;4
E;NT;N:.Q.72.JT J2.6..K 9.K3.6. K7.4.T.;♥5 ♠3 ♦9;♥Q;1
E;NT;N:K9.86..2 8.Q.7.5 J3.J.5. A6...K6;♠T ♦6 ♥2;♠K;2
E;NT;N:.2.7.J85 AK.K.6. T.JT.J. .7.8.43;♣Q ♦5 ♣9;♣5 ♣8 ♣J;1
S;NT;N:Q.QJ.9.6 .AK3.7.Q T3..Q.3 .5.J65.;♠4 ♣2;♠Q;4
E;NT;N:KJ9..A.5 .JT6..3 .Q.T5.Q T.A.J.8;♦Q ♦6 ♠Q;♦A;5
E;NT;N:752.Q5.. .KJ87.. ..A93.Q AQ.2..3;♦8 ♠4 ♦7;♠2 ♠5 ♠7;1
S;NT;N:A9.2.J.K J.4.A5.T 83.T..J .A6.2.6;♠K ♠6;♠9 ♠A;3
W;NT;N:Q7.9..93 ..95.AJ7 K85.T.2. A3.2..Q;♠2;♠7 ♠Q;2
S;NT;N:6.K.K3.K .J63.5.9 Q.87..5 A..A.T3;♥2 ♦T;♥K;3
S;NT;N:Q.J.2.74 73.7.Q5. K.5.6.2 .2.T3.Q;♣K ♠5;♣4 ♣7;3
W;NT;N:AJ.J6.8. .5.7.AJ9 98.9.9.5 3..42.2;♣7;♥6 ♦8 ♥J ♠J ♠A;2
S;NT;N:K.32..43 ..K642.J 3.K.T.7 6.64.A.;♦J ♥Q;♣3 ♣4 ♥2 ♥3;2
S;NT;N:76.7.Q3. K32.8.4. .A.JT.2 .9.5.Q5;♣T ♣J;♦3 ♥7 ♠6 ♠7 ♦Q;2
S;NT;N:872.KJ.. 5.3.Q62. Q3.4.T. .9.9.Q7;♦K ♦4;♠2 ♠7 ♠8 ♥J ♥K;5
S;NT;N:T.Q.A5.J Q.A5.8.7 7..Q.AQ 4.3.K9.;♦T ♠2;♦5;4
E;NT;N:.52.86.A 7.A3.K. 86..5.J Q.T..85;♠3 ♦7 ♦2;♦6 ♦8 ♣A;1
S;NT;N:6.A.85.K .962..94 83.8..J 2..KJ9.;♠K ♥J;♠6;5
S;NT;N:J7.T6.J. KT5.Q.5. 9.3..Q6 ..T84.5;♥8 ♣K;♥6 ♥T;2
N;NT;N:.AQ.A2.T 87.3.Q3. 9.T.8.A9 ..JT.KJ8;;♦A ♥Q ♥A ♣T;5
E;NT;N:T8.A.7.5 ..3.KJT 43...83 6.3.6.Q;♣9 ♥2 ♥8;♣5;1
E;NT;N:Q2.A.A6. 6.93.4. 43..7.3 .J6.T.5;♦J ♣9 ♠J;♦A ♦6;4
S;NT;N:J94.6..T A..52.Q6 .K.93.K .7.A8.4;♦K ♥A;♠4 ♠9 ♠J ♥6 ♣T;3
W;NT;N:3.2..QJ3 T5..42.5 6..Q76.6 .KJ7..7;♥T;♥2;1
N;NT;N:.J72.A.5 T8.Q5..Q .A.Q96.T AK5..4.8;;♦A;4
E;NT;N:.A6.J5.4 98.K.6. T..KQ.9 K7..8.3;♦4 ♠2 ♠4;♦5 ♦J;5
S;NT;N:A6.8..74 Q8..A7.9 .7.K.82 432..J.;♦3 ♣6;♣4 ♠6 ♣7;2
E;NT;N:K4.Q6.8. .85.T.4 ..A9.AT 8.9..85;♠2 ♠5 ♦5;♠4 ♠K;5
S;NT;N:86..J.52 .4.AQ4.J ..8.AT8 Q5..K.4;♦7 ♣7;♦J;1
N;NT;N:K9.7.5.3 52.K.94. T.82.3.K .9.7.852;;♠K ♣3;3
N;NT;N:3.T.7.Q4 7.874..T J.AJ5..9 .Q6.K83.;;♠3;5
N;NT;N:.6.862.9 KQ..J.42 8.QJ32.. 4.A.Q.65;;♥6 ♦2 ♦6 ♦8 ♣9;1
E;NT;N:K76..8.2 .6.42.5 J.7.A9. 93.3.J.;♥T ♣J ♠2;♠6 ♠7 ♠K ♦8 ♣2;3
S;NT;N:3.Q.J6.T 87...QJ2 A.AT..3 KT..3.7;♦8 ♣8;♦J ♦6;5
W;NT;N:Q.A6..65 T.73.KJ. 8.JT..J2 94.42..;♥K;♥A;5
E;NT;N:K3.3..QJ 2.42.6. .Q76.2. JT7.8..;♦T ♠8 ♣9;♠3 ♥3 ♣J ♣Q;3
S;NT;N:.64.J.J6 .Q2.K8.7 73.T.5. 84.3..Q;♣A ♦T;♣6 ♣J;2
S;NT;N:J8..T4.9 K.T5.K5. 4..AJ6. 5.A3..8;♦8 ♠Q;♦4 ♦T;1
N;NT;N:J4.Q9..4 83..T8.5 K..A92.A 5.J5.K.Q;;♣4 ♠4 ♠J ♥Q;4
E;NT;N:86.Q..K9 K.9.A.7 .43.K.T 97..87.;♦5 ♥T ♦9;♠6 ♠8 ♣9 ♣K;2
N;NT;N:QT8..63. 2.T.2.A8 A.K7..J9 63..4.T6;;♦6;5
N;NT;N:K.96.A8. T4.J5..2 A..J4.Q4 Q9.Q.K.5;;♠K ♦A;5
N;NT;N:4.942.Q. 2.76.4.8 9..T8.A6 J87...QJ;;♦Q ♥9 ♠4;2
E;NT;N:Q4.K..J9 3.6..A6 6.72.6. A.J.73.;♣3 ♦J ♣T;♣J;2
S;NT;N:T.3.K4.T A.AK..54 Q.T.A.2 ..73.73;♣K ♣8;♣T;2
N;NT;N:A.74.3.2 Q82.6.5. .T8.Q6.T 9.9.J.K6;;♠A;5
W;NT;N:2.Q6.J.A A4...Q65 65.74.5. T3.T.T.;♦Q;♦J;1
E;NT;N:Q96.T.A. A..J.A4 .Q.3.98 .A5..Q3;♠T ♥6 ♣T;♠Q;2
W;NT;N:A9.T.52. .K.A9.96 3.93..Q7 82.A5..;♣2;♦2 ♦5 ♥T;4
S;NT;N:87.2.9.K T.A96..3 .7.7.T7 A.J..A9;♦J ♥T;♦9;2
S;NT;N:8..JT9.8 9.75..T2 .82.K.7 K7.K..J;♦3 ♣4;♦9 ♦T ♦J;2
E;NT;N:.A.3.T43 .KQ..82 4.6.T.J T9..7.A;♦2 ♥T ♠3;♦3;2
S;NT;N:63.2.Q8. ..43.K42 7.84.5. 2.A7.9.;♦7 ♠K;♦8;4
W;NT;N:4..83.AJ .9.Q7.72 KT.Q.K6. Q.J.4.T;♥T;♦3 ♠4 ♦8 ♣J ♣A;4
E;NT;N:J.7.Q62. A.T.7.K 5.J.T.A K93..3.;♣4 ♠T ♣5;♦2 ♦6 ♦Q ♥7 ♠J;3
W;NT;N:Q.A.5.A8 T.Q3.T.5 7.94.4.3 ..AQ8.9;♦9;♦5;4
W;NT;N:KQ..J8.A 3.Q98..Q J.A62..J .4.5.94;♣K;♣A;5
E;NT;N:.954.54. K.KJ8.. .A.7.J8 2...643;♣9 ♠7 ♥T;♥4 ♥5 ♥9 ♦4 ♦5;3
N;NT;N:J.9.T4.J ..AQ5.A7 82..63.K A..K7.94;;♥9;1
S;NT;N:7.84.A.T Q86..4.8 .KT.J2. K.6.5.A;♣K ♠J;♣T;5
N;NT;N:4.Q.T.42 A.3.Q6.7 K8.4.K.3 QJ.K.8.Q;;♠4;2
W;NT;N:T32.K.9. Q5.2.5.T A.3.K2.9 6.4.4.5;♥6;♥K;4
N;NT;N:32.K7.4. .Q4.J.A8 ..32.KT2 J.T.Q.73;;♦4 ♠2 ♠3;2
N;NT;N:T.A98.3. AQ7.7..K ..AJ9.T3 .T.K8.A7;;♥A;4
S;NT;N:4.T.75.5 2.6.A.KT ..92.J9 T.8.Q6.;♠6 ♣A;♠4;2
W;NT;N:A6.K.7.9 742..86. Q3.AT.5. .4..K42;♦K;♦7;1
N;NT;N:..T95.K3 KJ3.K.7. 7.98..A5 A65..2.T;;♦9 ♦T ♣3 ♣K;5
E;NT;N:K6.8.K2. .AT7.6. J.J4.Q. 4.2.J.Q;♣6 ♠3 ♥3;♦2 ♠6 ♥8 ♦K ♠K;3
N;NT;N:A3.8.4.T 86..7.A7 T.9.8.62 4.T.A3.9;;♠3 ♠A;1
N;NT;N:9.J92..A Q6..J4.J 73.AQ..3 T.6.9.T9;;♥2 ♥9 ♥J;4
N;NT;N:AK.3.J.4 .87.9.A7 .AKJ.K.3 .Q.Q42.Q;;♠K ♠A;5
E;NT;N:A..AK.K9 T..T62. 7.7.J3. 9.A3..3;♠Q ♠3 ♠K;♠A;5
W;NT;N:Q6.82..2 4.JT.K2. A3..T93. 98..64.;♦J;♥2 ♥8 ♣2 ♠6 ♠Q;1
E;NT;N:Q2.9..T4 J.5.3.7 9.A2..K 7.Q.A.A;♥4 ♣6 ♠5;♥9;3
E;NT;N:T3.6.Q7. K..T4.J J.83..A ..A.765;♦3 ♦5 ♣3;♦7 ♦Q;4
N;NT;N:.A.AK2.Q J63.5..7 A9.K.J6. T.J3..J5;;♥A ♣Q ♦2 ♦K ♦A;5
S;NT;N:82.A94.. T..K8.Q7 ..Q3.K3 AQ.3..T;♠4 ♦T;♠2 ♠8;2
S;NT;N:3.KQT..8 4.5.9.AQ 9.A..K7 .984.3.;♠5 ♦2;♠3;3
E;NT;N:8..6.T73 4..Q82. .7.K3.6 J.3.97.;♥K ♠A ♣K;♣3 ♣7 ♣T ♦6 ♠8;3
N;NT;N:T7.5.5.2 2..A94.T AQJ..J7. .AK87.Q.;;♠7 ♠T;3
N;NT;N:A2.92..4 8.3.74.2 .K86..K7 Q5.T.Q.9;;♥2 ♣4 ♥9 ♠A;5
E;NT;N:A2..95.A 9.2..T3 J.97..5 Q.3.7.4;♦A ♦Q ♦K;♦5;4
W;NT;N:K.3.94.T 2.AKJ..8 A5.8.7.Q 6..A.A4;♠7;♠K;2
W;NT;N:K.A3.8.J A92.9.3. .6..AQ84 3.KQ..6;♣3;♣J;5
E;NT;N:AQ.AQ..K 43..5.9 K.752.. 7.63..3;♠T ♥9 ♦4;♠Q ♠A;5
W;NT;N:T..Q6.K6 Q3.8..T7 8.J9.52. 6.7.T4.;♥4;♣6 ♠T;5
E;NT;N:7.Q.82.7 4..5.T2 .AKT7.. K.64..6;♥J ♥9 ♠5;♥Q;3
W;NT;N:95.7.J2. 7.T85.3. KQJ.9.Q. 84...Q8;♦8;♦2 ♦J;4
W;NT;N:.AKJ.2.2 .3.93.64 3..K8.T3 ..A5.J9;♠5;♦2 ♣2 ♥J ♥K ♥A;1
W;NT;N:87.74.Q. .J8.A.Q8 T9.KQ.3. ..K.654;♦5;♦Q;2
S;NT;N:8.86.J5. 2.A.A8.Q A5..4.K T.9.Q7.;♣A ♣4;♦5 ♥6 ♥8 ♠8 ♦J;4
E;NT;N:.T42.95. ..KQ.86 .J76.A. 8.9.72.;♦8 ♥3 ♦6;♦9;5
N;NT;N:Q4.A.9.T 3..85.A6 T.6.74.J A..Q6.54;;♥A;1
S;NT;N:Q53.8.K. AK..75.5 .QT.6.Q J6..T.7;♦J ♥K;♦K;4
W;NT;N:K8.A.K6. 7.2.2.T8 4.QT.A.J A.J.7.4;♠5;♠8 ♠K;5
S;NT;N:9.Q5.8.5 .J7.6.Q9 A5.9..7 76.8..K;♥K ♥6;♥5;4
S;NT;N:7.9.A3.4 85.K.7.3 6.42..Q .3.K8.6;♣J ♥6;♣4;2
S;NT;N:A7..7.86 63.T.3.4 9.9.9.7 T.K.AK.;♠4 ♦T;♠7;4
N;NT;N:.KJ4.J.T T7..64.3 52..T.42 A..87.AK;;♦J ♥4 ♥J ♥K;4
W;NT;N:3..J7.A9 .Q94..62 K6..K.T4 2.8.Q.J;♥J;♠3 ♣9 ♦7 ♦J;2
N;NT;N:3.J.Q.QT A.2.92.J .43.AJ8. 2.K.3.82;;♣Q;5
S;NT;N:KJ..J9.6 4.3.8.Q9 .96.6.T T.T4.3.;♦Q ♥2;♦9 ♦J;4
N;NT;N:.K4.Q64. .87.J.65 ..52.J42 J7.2.3.3;;♦Q ♥K ♥4;4
W;NT;N:T.3.A4.7 8.K.5.32 43.Q5.J. 9..KQ6.;♥2;♥3;3
W;NT;N:J.7..974 ..JT.QJ5 QT4.9..8 62..A.T;♦6;♥7 ♠J;1
S;NT;N:.72.4.T7 5..2.AK2 Q4.4..9 3.KJ..J;♣4 ♦5;♣7 ♣T;1
E;NT;N:82...K54 Q.74..Q J4.T.Q. .2.752.;♥3 ♦J ♣8;♠2 ♣4 ♣5 ♠8 ♣K;2
S;NT;N:QJ8.T..5 .K6..QT4 ..QJ.A6 65.A.5.;♥Q ♥2;♥T;3
W;NT;N:.A.Q7.Q6 5.J.T.94 .KT7..T5 T8..AK.;♣3;♣Q;5
N;NT;N:.A4.7.73 A.6.J.K6 Q.Q7.K.5 K.T9.T.4;;♦7 ♥4 ♥A;3
S;NT;N:6.T7.T6. T3.A.5.8 ..94.K9 K84...3;♥6 ♦Q;♥7 ♥T;1
N;NT;N:KT.QT..6 .54.A.32 ..J9.Q75 Q8.2.6.4;;♥T ♥Q ♠K;5
N;NT;N:Q9.J.9.9 J..54.76 7.2.KQ8. .A75..T3;;♠Q ♦9;5
E;NT;N:KQT..A.9 5..962. .K7..J6 .T5.87.;♥8 ♥4 ♥9;♠T ♠Q ♠K ♣9;4
W;NT;N:T74..Q.9 8..T876. .7.942.6 9.T.K5.;♥A;♠4 ♠7 ♦Q ♣9;1
N;NT;N:K86.J..4 .4.Q5.KQ A.2.2.AT T92.K.6.;;♥J ♣4 ♠6 ♠8 ♠K;2
N;NT;N:J7..QJ.5 .76.A74. 985.K.8. Q.9..A96;;♠7 ♠J ♦J ♦Q ♣5;1
N;NT;N:2.6.J2.K KJ.9..64 Q.8.84.J .AT.3.93;;♣K ♦2 ♦J ♥6;3
W;NT;N:43..A2.6 6..654.2 .K62..54 A8.5.T.;♦9;♦A ♦2;2
W;NT;N:73...AJ2 .K6.A.Q3 8.J.T.T4 A2..32.;♣5;♣A ♣2 ♣J;1
N;NT;N:9.6.975. J.7.Q6.8 Q32..2.9 A.T3.4.6;;♦7 ♦9 ♠9 ♥6;1
S;NT;N:QJ5.K.J. .Q7.6.A2 K.2..Q6 3..Q7.9;♦5 ♠T;♦J;5
S;NT;N:Q43...Q8 62..42.A K.73..3 .J.Q.95;♣K ♦5;♣8;2
W;NT;N:.85.5.T2 Q..832.K .QT.K7.6 J.9..54;♣A;♣2;3
S;NT;N:.9543..T .KQ2.6.8 5.A.T3. A6.J..6;♠9 ♣K;♥3 ♥4 ♥5 ♥9 ♣T;4
S;NT;N:J.A9..JT 3.Q.63.A .K.AT.5 4.8.J.8;♠7 ♠A;♠J;2
S;NT;N:3..Q8.K7 4.AJ.KT. 8.92.4. 2.763..;♥K ♣Q;♠3 ♣7 ♣K;2
N;NT;N:2.8.T.A2 .K74..K9 K..Q5.53 A8..97.Q;;♣A ♦T;3
W;NT;N:Q.A.Q8.8 A6.J6..7 .7.T3.T3 K.K..K5;♦4;♦8 ♦Q;3
E;NT;N:2.7.A.T2 .K.5.93 J..4.K8 A83...7;♣4 ♣6 ♣A;♣2 ♣T;1
E;NT;N:A..94.J8 .987..T 62.Q.Q. Q..5.Q2;♣3 ♥2 ♦T;♣8 ♣J;5
E;NT;N:4.98.9.3 2.A.K.2 Q..A.QJ A6.2.4.;♠T ♥Q ♣5;♠4;1
N;NT;N:.J743.Q. A3.A..85 T2.K..96 .2.JT.T3;;♥3 ♥4 ♥7 ♥J ♦Q;1
W;NT;N:42.2.6.K .6.KJ3.5 KJT..5.6 83.T8..;♦A;♦6;2
N;NT;N:.9..T853 T.7.95.9 5.3.K3.K A.K.7.74;;♣3 ♣5 ♣8 ♣T;3
S;NT;N:.97..A87 4.A.5.KJ 8.2.Q8. 6.J.T.4;♠Q ♠9;♣7 ♣8 ♥7 ♥9 ♣A;4
S;NT;N:6..J4.T9 J.Q8.5.3 84.6.7. 2.T9..2;♠7 ♥5;♠6;2
E;NT;N:J6.Q.K.3 82.86.. A3.7.3. K.A4..7;♣8 ♠5 ♠9;♣3;1
W;NT;N:..KQ.KJ5 T9.86.T. .K.92.98 63.4.5.;♥9;♣5 ♣J ♣K ♦Q ♦K;5
S;NT;N:.A.Q.AK7 86.Q2..J 73.8..4 .95..32;♦4 ♥K;♦Q;5
N;NT;N:6.85.T9. .AT7.3.4 5.Q6..A6 K.J9.K2.;;♥5 ♥8 ♦9 ♦T ♠6;2
W;NT;N:.3.Q65.Q Q42.6..2 AK.J.9.4 T..3.K8;♠8;♦5 ♦6 ♥3 ♣Q;5
W;NT;N:T6.Q.95. K73...AJ .AKJ.3.6 .43.Q.9;♥2;♥Q;3
N;NT;N:T6..2.Q2 AK.J..KT ...J9743 97.A3..8;;♦2;1
S;NT;N:3.Q.Q.Q7 642..6.J .K8.T.2 A.A.3.5;♣A ♣K;♣7 ♣Q;3
E;NT;N:5.83.K6. .5.AQ9. 2.J.5.T ...AQ76;♣2 ♥7 ♠8;♥3 ♥8 ♠5;2
N;NT;N:94..JT.9 J.62..K3 5.AJ.Q.5 T6..63.6;;♦T ♦J;3
S;NT;N:J7.KT.6. ..T852.5 .32..J9 8.6..QT;♠5 ♦7;♠7;4
N;NT;N:3.A3.8.8 AT7.5..7 2.Q2.T2. Q6..9.A2;;♥3 ♦8 ♥A;4
N;NT;N:.5.87.J5 T3..A.84 654..T.3 7..K43.9;;♣J ♥5;2
S;NT;N:K6..542. ..KJ93.K Q.A5..7 2.2.7.8;♠J ♥T;♠6 ♠K;4
E;NT;N:Q.6.AT.5 .T.5.KJ 8.A..43 .Q.8.Q6;♠J ♠A ♣T;♠Q;3
W;NT;N:T..T74.5 J93..J9. 2.K6..96 .AJ8..Q;♣2;♣5;2
N;NT;N:J.32.9.A Q3.86..J AT.A4..9 K.97.2.3;;♣A ♠J ♥2 ♥3 ♦9;4
E;NT;N:.7.J.AQ2 ..3.JT5 .T.AQ.3 QT..6.9;♦5 ♥A ♠8;♦J;5
E;NT;N:K.K.97.J .8.Q6.K AJ.7..A .A52.K.;♦8 ♠9 ♣6;♦9;4
N;NT;N:4.3..KT8 7.5.K2.3 93..4.97 .K9.AT.A;;♠4;2
S;NT;N:7.JT.K2. J2.32..4 .5..Q73 3..JT.K;♠8 ♠K;♠7;2
N;NT;N:3.Q.2.T4 KQ..4.A7 9.87..KQ 87.JT.9.;;♣4 ♣T ♦2 ♠3 ♥Q;1
N;NT;N:T.32.64. .K8.J95. 54.T.A.Q 82.5.Q.2;;♦4 ♦6 ♥2 ♥3 ♠T;3
W;NT;N:Q93...93 T.Q.K5.2 .7.J43.A 64.K.9.;♥3;♠3 ♠9 ♣3 ♣9;2
E;NT;N:Q3..72.K .K3.9.7 7..J6.Q J..85.3;♣6 ♠K ♠A;♣K;5
E;NT;N:T.2.42.T K.J.6.5 ..73.AQ ..A8.93;♦5 ♥5 ♦K;♦2 ♦4;2
W;NT;N:.4.AQ7.K 5.AQ.6.8 6.5.4.A3 .KT.T5.;♠2;♦7 ♥4 ♦Q ♦A ♣K;5
W;NT;N:A8.53..J ..A62.72 7.K.3.T6 J5.8..4;♦5;♥3 ♥5 ♠8 ♠A ♣J;2
S;NT;N:J..T62.T AKQ..K.2 32...97 .T84..5;♥7 ♠4;♣T;3
S;NT;N:Q.9.Q72. A8.8..A2 K5..3.T .T6..73;♥4 ♠6;♥9;4
S;NT;N:QJ..64.9 ..53.KJ3 .7.T.T8 5.QJ.9.;♦7 ♠A;♦4 ♦6;3
N;NT;N:9.T.75.3 7.6..984 .4.AJ6.K 6.9.T.J5;;♠9 ♥T ♦5 ♦7 ♣3;5
E;NT;N:.A.Q3.72 .Q.J2.5 4.6.6.T 7.5..A6;♥J ♠5 ♣J;♥A;2
S;NT;N:6..A.Q73 42.5.Q.5 J.Q6..A A3..9.2;♥4 ♦2;♣3 ♣7 ♣Q ♠6;2
N;NT;N:Q.Q5.J.K K6.K3..3 7.T2..AT A.6.74.7;;♣K ♥5 ♥Q ♦J;3
S;NT;N:.5.KJ93. A9.J.54. 4..AQ.3 2..7.K8;♣9 ♣7;♥5;5
W;NT;N:Q8.AJ8.. 5.2.T6.7 T.Q.J.T9 K3...84;♠7;♠8 ♠Q;5
N;NT;N:5..63.63 943.Q7.. J2.A..T7 .J6.Q.84;;♠5 ♦3 ♦6 ♣3 ♣6;3
S;NT;N:J95.7..J .Q5.Q2.8 62.J.9. ..J85.7;♦A ♣5;♥7;5
W;NT;N:A2.4.6.J 8.T5.7.8 ..A9.532 Q6...K9;♦T;♦6;3
W;NT;N:K.J5.T.3 .8.A64.7 8..KJ.T2 A3.7..4;♥T;♥J;4
E;NT;N:K4.94.7. A..2.65 63.2..4 5..6.KT;♥J ♣J ♥K;♥4 ♥9;1
S;NT;N:Q..AQ92. KT43.7.. 9.3.5.T 5.92.8.;♣8 ♥5;♦2 ♦9 ♦Q ♦A ♠Q;5
N;NT;N:Q.QT87.. J2.9.Q2. .3.A5.Q3 A54.2.8.;;♥T ♥Q;4
W;NT;N:K7.K..A2 4.3.J98. .74.4.74 6.95..T;♣K;♣A ♣2;4
E;NT;N:JT2.A5.. 9.2.Q.J K.3.6.6 3.8.8.3;♣8 ♣9 ♥6;♠2 ♥5 ♠T ♠J;5
W;NT;N:A98.J..6 752.8.K. 6.6..QT4 KT.5..J;♠J;♠A;5
N;NT;N:.9.2.872 J.4.76.Q T.A2..AJ Q3.5.4.5;;♣2 ♣7 ♣8 ♥9;4
W;NT;N:K93..9.K 7..A64.7 .T7.2.J8 .Q3..A6;♠A;♠3 ♠9 ♠K;2
W;NT;N:64.T..J4 3..KJ8.2 .J.QT4.6 2.9.A.K;♠7;♠4 ♠6;2
W;NT;N:J.K9.8.7 AQ.J.AT. 2.42.64. T...KQ9;♦2;♦8;1
E;NT;N:T9.4.K.6 A.K.5.Q .JT9..2 K3.Q.4.;♣A ♥2 ♦3;♣6;1
N;NT;N:.T63.JT. 9..2.AK8 T6.2.5.5 7.A854..;;♦T ♦J ♥3 ♥6 ♥T;3
W;NT;N:42...AJ3 K7.Q8.J. .3.9743. 93.T9..;♣Q;♣A;3
S;NT;N:A84.KT.. KJ..8.J7 9.2.A5. ..Q76.9;♥Q ♠6;♥T;4
W;NT;N:.96.AT.5 T6.Q.KJ. A..98.K8 3.T.4.6;♦6;♦A;4
N;NT;N:..984.J7 AQ9.9..8 T2.5.T2. .4.A765.;;♣J;2
N;NT;N:A74.2..7 Q6.J.J.9 .KQ4.K.4 K5.73.Q.;;♠A;5
W;NT;N:J.73.5.7 5.Q.76.2 Q8..4.J8 642..A.;♥9;♥3 ♥7;3
N;NT;N:KQ8..4.A 7.Q7..Q4 96..A.T5 J.6.Q7.3;;♠Q ♠K ♣A ♦4;5
W;NT;N:.5.T8.A3 9..Q4.42 A7.QT..5 .K2.2.7;♦3;♦8 ♦T;3
N;NT;N:82...A53 J.T3.T9. Q3.K.J.9 A.Q7.73.;;♠2 ♠8 ♣3 ♣5 ♣A;4
E;NT;N:97.J.8.8 A.9.T4. 32..K.7 QT5.3..;♠6 ♥Q ♥2;♠7 ♠9;4
S;NT;N:.Q.3.J86 6.T7.J8. ..7.KT3 7.A5.A.;♠9 ♣2;♣6 ♣8 ♦3 ♣J ♥Q;4
S;NT;N:932.J..2 .6.64.97 T.82.T. K.T..J5;♥7 ♦7;♥J;1
E;NT;N:AJ.2.A3. 5..9.A8 2.J..T7 6.T.Q6.;♥4 ♣Q ♠7;♥2;3
N;NT;N:K76..K6. JT.Q.A2. Q2.9.5.2 9.J.93.3;;♠6 ♠7 ♠K;3
E;NT;N:93.QJ.8. 87..Q.7 .2.96.Q .6.A5.K;♣9 ♣8 ♥9;♠3 ♦8 ♥J ♥Q;1
E;NT;N:J4.95.A. Q75.J.. ..86.96 .82.2.K;♣7 ♦Q ♥7;♥5 ♥9;2
E;NT;N:T.K2..AJ 4.98.9. A..6.K9 92.4..Q;♥A ♣5 ♦3;♥2;3
E;NT;N:KT.3.T2. Q3.Q..2 A.K4.9. .92.Q8.;♣8 ♦4 ♣4;♥3 ♦2 ♦T ♠T ♠K;2
E;NT;N:4.53.4.3 ..A.KT7 ..Q5.QJ Q7.64..;♥A ♠J ♣8;♥3 ♥5;1
N;NT;N:K..5.875 5.863..Q AJ.T.3.A .74.64.9;;♣5 ♣7 ♣8;5
E;NT;N:A.QJ6.J. 82.K.4. Q9.T7.. K..A9.4;♠J ♦6 ♥2;♠A;1
S;NT;N:Q..AQ.A8 T3.Q2..7 7..K3.5 2.8..K3;♣9 ♣Q;♣A;4
S;NT;N:J7.A3..6 K2.Q..95 95.J4.. A..6.J2;♦7 ♣4;♠7 ♣6 ♠J;3
S;NT;N:A5.K.K.Q 9.62.T7. 7.J.J6. Q.AT.A.;♥Q ♣9;♥K;4
W;NT;N:T5.J.9.4 ..T5.A72 A7.Q7.7. .K3..Q6;♠8;♠5 ♠T;2
N;NT;N:.J.AK6.4 6.Q98..8 A2.K7.5. K83.A2..;;♦6 ♦K ♦A;3
S;NT;N:T5.8..Q4 84.Q.T3. .A.7.76 A7.74..;♣5 ♠6;♣4 ♣Q;4
N;NT;N:2.A83.7. ..Q98.Q3 7..J5.87 QJ9.K..K;;♥A;3
N;NT;N:T..K.QT8 2.AK9.T. AQ5..3.9 .J.982.K;;♦K ♠T;4
W;NT;N:.K.85.54 .QJ.A6.8 QT9.6.4. J5..7.A;♥2;♥K;2
W;NT;N:5.K762.. J.A.65.8 K7.53.A. Q42...T;♣7;♥2 ♠5 ♥6 ♥7 ♥K;2
E;NT;N:T5.Q.A.K Q.4..65 4..T.Q7 2.T2..2;♦3 ♥8 ♠A;♦A;4
N;NT;N:.A93.84. T83.4..2 .8.T6.K9 AK6.T6..;;♥A ♦4 ♦8;5
W;NT;N:K9..A.KT A3.8..92 T6..76.8 4..2.J3;♥6;♠9 ♠K ♦A;3
W;NT;N:T..7.K75 9..K93.A 6.K.A6.6 K.62.Q.;♣2;♣5 ♣7 ♣K;2
W;NT;N:Q8.84..Q .652.K.8 .A.A54.9 J.K3..J;♣T;♣Q;5
S;NT;N:J.A63..3 75..32.7 .5.T.85 T6.K.8.;♠K ♦4;♠J;5
W;NT;N:.T.43.Q5 54.K..J6 3.96..42 .J.2.83;♠8;♣5 ♦3 ♦4 ♥T;2
S;NT;N:Q86.K.3. T5.J7..T ..AK8.8 9..Q6.2;♣7 ♣3;♠6 ♠8;4
W;NT;N:.J.954.6 K..AT3.J AQT.4.2. 2..J.AQ;♣2;♣6;1
E;NT;N:Q8.A..97 .K3.9.3 .9.K3.K ..AQ65.;♣4 ♠7 ♥6;♣7 ♣9;5
W;NT;N:3.J.64.Q T.A.Q2.A .86.3.75 75.53..;♠9;♠3;1
W;NT;N:.Q.Q6.98 84.73..2 AJ7.5.8. 6.A.2.T;♥K;♥Q;2
S;NT;N:J62.4.3. 84...JT9 .86.AT. 7.732..;♦9 ♥9;♦3;4
S;NT;N:K8..2.T2 .A9.94.5 J72...K 4.8..94;♠5 ♦3;♠8 ♠K;5
E;NT;N:T92.K.8. AK.9.9. 6.3.A.3 .T2..92;♦5 ♦4 ♠3;♦8;3
E;NT;N:.Q3.J.T2 .4.7.K3 93...A9 .5.95.8;♦2 ♦3 ♠2;♦J;5
S;NT;N:A.943..6 5.T.A3.J 8.Q6.8. K43.5..;♠6 ♥2;♠A;4
E;NT;N:T9.7.95. .4.Q.43 .62..AT 3.A.4.5;♦3 ♥K ♥8;♦5 ♦9;3
N;NT;N:7.2.54.7 .8.T86.Q 652..9.3 .A.AJ.98;;♠7;1
E;NT;N:2.Q.2.92 .95.T3. .K4.A.Q QJ.8.7.;♠8 ♥A ♦6;♠2;4
S;NT;N:2.82..96 T87.A.2. .K.QT.8 9.Q4..T;♦8 ♣5;♥2 ♠2 ♥8 ♣6 ♣9;3
E;NT;N:75.92..5 .4.Q.Q3 K2..86. .T3.32.;♠3 ♦J ♦9;♠5 ♠7;3
S;NT;N:5.T3.2.Q 4.K64.9. 2.J.3.T .9..965;♥2 ♣A;♥T;3
N;NT;N:A8.K6.7. .QJ7.6.J QJ5..T.6 .A5.3.A2;;♦7 ♠8 ♠A;4
W;NT;N:5.T6.72. AJ8.A..Q Q43..5.J 7.Q4.K.;♥3;♥6 ♥T;1
W;NT;N:Q5.7.T4. 82.4.Q.4 6.KJ.K.8 .T9.J2.;♣5;♠5 ♦4 ♦T ♥7;5
S;NT;N:J4.Q.A5. 9.52.Q6. 5.96..7 A.8.T.2;♠7 ♥3;♠J;4
W;NT;N:93.9.K.8 T4..6.QT .63..AK5 .2.AJ3.;♦7;♦K;5
N;NT;N:3.84..73 A82..7.K J.2.T6.4 T..98.Q5;;♥4 ♥8;2
N;NT;N:8.AT.Q.7 3.62..95 T9..86.2 K.8.52.4;;♥T ♥A ♦Q;3
E;NT;N:AQ6.Q.2. J5.K..9 .65.J.J T2..9.3;♣8 ♠K ♣K;♠6 ♦2 ♠Q ♠A ♥Q;3
W;NT;N:4.T.8.JT 9.J.53.6 J.2.6.72 ..Q2.K9;♠7;♠4;1
S;NT;N:.984.7.A A2..A6.J 87.2..2 9.65.3.;♦J ♥Q;♦7;1
W;NT;N:2..QJ4.7 Q7.8.2.J 4.K.7.K5 98.T..4;♣6;♣7;5
S;NT;N:6.5.K.98 4..5.K65 T.J7..J ..6.QT7;♠3 ♥2;♠6;5
S;NT;N:942.6.9. KQT.J..7 5.98.8. .Q.73.Q;♣T ♠8;♥6 ♦9;3
S;NT;N:7.6.86.5 6532...9 9.KT..2 Q.A3.9.;♣4 ♠J;♣5;1
N;NT;N:7.5..A87 9.AT9.J. 8.3.2.42 .KQ4.9.9;;♣A;3
S;NT;N:3.T.K8.J 7.A2.4.6 J6.3..2 4.85.A.;♣3 ♠5;♣J;4
E;NT;N:743.3.4. .T..J64 2.8.9.K 6..A.85;♦7 ♥A ♦K;♦4;3
W;NT;N:J.A9.J.5 .K.973.9 8.532..4 .87.5.7;♦4;♦J;4
N;NT;N:A.8.AT.6 7.6.7.93 5.KQT.8. 6.7..AQ2;;♠A ♥8 ♦T ♦A;5
E;NT;N:J3.Q.K.J Q2.3.9. 9.6..T4 5.2.5.Q;♦J ♦8 ♣6;♦K;3
N;NT;N:AQ.T4.7. JT2.Q..6 .2.K9.Q7 5.5.QJ4.;;♠Q ♠A;5
W;NT;N:Q.842..5 ..654.T2 A9.AT5.. .Q.8.97;♠T;♠Q;5
S;NT;N:K..A65.4 .6.KT.QJ 85.7..6 7.5.Q8.;♣K ♣2;♣4;4
N;NT;N:.52.5.J9 .KJ.J4.3 J..72.52 K972..Q.;;♣9 ♣J;2
S;NT;N:3..754.9 6.QT3..J 4..2.Q3 8.J2..6;♠J ♦3;♠3;5
S;NT;N:J7.J.A.2 .6.JT2.9 ..K74.8 .Q8.6.J;♦9 ♠8;♦A;3
W;NT;N:3.Q.73.2 .3.62.T8 K.95.KJ. 7.J..KQ;♠2;♠3;5
S;NT;N:KJ.7.93. Q62..8.5 .2.A.Q7 .QJ8.Q.;♦2 ♦4;♦9;5
S;NT;N:.Q8.J3.Q 8.3.T6.2 5.92..A .A.5.J8;♣3 ♣K;♣Q;2
W;NT;N:3.K.8.A9 2..AT6.4 K.97.J2. A6.J5..;♣K;♣A;3
S;NT;N:62.8.J.T .AK.7.43 .3..J82 .Q.Q.K9;♠T ♠4;♠6 ♠2;1
S;NT;N:32..86.2 64.4.97. A.AJ8.. Q7...54;♣9 ♣A;♣2;2
S;NT;N:62.4.A8. 53.63..9 .2.KT6. .T..742;♥J ♦7;♥4;5
W;NT;N:7.84.J.7 .J9.96.3 98.K3.5. J..2.KJ;♠4;♠7;3
E;NT;N:J4.A.A.J .93.6.9 7.Q..A3 3.87..K;♥2 ♣7 ♠Q;♥A;5
W;NT;N:862...QJ .43.T2.A .65.Q5.2 Q...863;♦K;♠2 ♠6 ♠8 ♣J ♣Q;2
S;NT;N:6..J8.QT 5.7.93.9 J.Q..J8 3.K.AK.;♥3 ♣A;♦8 ♠6 ♦J ♣T ♣Q;1
N;NT;N:.K.J2.96 .A42.4.Q .3.A.J42 .7.7.A85;;♦2 ♦J ♥K ♣6 ♣9;1
E;NT;N:.J6.4.Q2 T..9.JT ..Q3.84 54..J.A;♥A ♠2 ♦K;♥6 ♥J;1
N;NT;N:J..JT.74 5.A985.. 83.Q.2.T 4.4.K74.;;♠J ♣4 ♣7;3
W;NT;N:T.T.9.K7 J62.K..4 5.85.A.A 73..J5.;♦T;♦9;2
E;NT;N:..Q97.53 7.J4.2. .T52.T. 62..3.4;♣K ♠Q ♠8;♣3 ♣5;2
S;NT;N:43..43.J .Q8.75.7 A.A.K.6 Q.62..4;♣K ♥T;♣J;5
E;NT;N:.T2..J87 3.5.2.A 5.A7..T 6.8.6.K;♣3 ♥6 ♠9;♣7 ♣8 ♣J;3
E;NT;N:87..K5.7 .J7.8.5 .5..AQ9 J.6.Q.T;♠T ♣8 ♥3;♠7 ♠8;2
W;NT;N:5.2.7.KJ 93.Q.A.5 .K653..T AK..J.7;♠J;♠5;1
W;NT;N:Q3.Q8..2 .93.2.93 .7.Q3.QJ T.5.K.K;♦6;♣2 ♥8;4
N;NT;N:.87.KT8. J.43.5.6 6.A.9.T3 Q.Q5.Q.5;;♦K ♥7 ♥8;5
N;NT;N:A..2.J42 Q.Q2.K9. K..763.T ..T.Q753;;♠A ♦2;1
E;NT;N:AJ..A.T2 K.J5.2. ..J5.63 .8..AQ7;♣9 ♠9 ♠Q;♣T;4
E;NT;N:.6.853.8 9.T.4.K Q76.Q.. 8..KJ.Q;♠K ♠2 ♠4;♦3 ♦5 ♦8 ♥6 ♣8;1
S;NT;N:K..Q9.94 9.KQ6.J. J.4.3.2 76.2..K;♦T ♥7;♦Q;3
N;NT;N:96.Q..43 4.9.72.2 J.86..KT Q72..AK.;;♥Q ♣3 ♣4;4
N;NT;N:A.K9..AT 7.6.J5.6 9.7.84.K .Q82.3.4;;♣T ♠A;5
W;NT;N:86.K2.6. 2.7.98.A .J93..T8 A.5.2.4;♣Q;♥2 ♦6 ♥K ♠6 ♠8;1
N;NT;N:A6.K.86. QT3...82 J8.T..KT K7.54..3;;♥K ♠A ♦6 ♦8 ♠6;4
E;NT;N:Q4.K.J.5 7..K6.J A..8.QT ..AQ.86;♠5 ♣4 ♣A;♠Q;5
S;NT;N:874..T2. 63.943.. .6.QJ.7 Q.T7.9.;♣T ♦8;♠4 ♦2 ♠7 ♠8 ♦T;4
N;NT;N:T.5.7.JT 5.3.6.98 J.QT.5.7 8.AKJ9..;;♠T ♦7 ♣T ♣J;4
W;NT;N:7.K4.QT. QT9.87.. 3.QJ.7.T .2.K.74;♣K;♥4 ♠7 ♥K ♦T ♦Q;1
S;NT;N:A.96.Q4. .T.AKJ5. K.J..KJ 9.7.7.3;♠Q ♥Q;♠A;5
E;NT;N:K..T9.K3 3.4.3.8 J..86.Q 4..K.J5;♥8 ♣9 ♥K;♦9 ♦T ♠K;3
W;NT;N:..KT.KT6 9.Q86.7. 5.7.Q.J5 8.5.92.;♠4;♣6 ♣T ♦T ♣K ♦K;1
E;NT;N:9.2..K87 .8.7.64 .64.95. 5.Q..J5;♣A ♣2 ♥3;♣7 ♣8 ♣K;2
W;NT;N:T.2.Q.96 4.T9.3.Q 2.74.2.7 .8.K84.;♦9;♦Q;2
S;NT;N:7.K9.2.3 4.J82.9. 5.4..Q8 ..4.J52;♥5 ♠2;♥K ♥9;3
N;NT;N:J.K.J.J2 5.2.A32. Q.T98.8. 43.Q.T.7;;♥K ♣J;5
N;NT;N:AJ.98.J. T2.2.5.Q 63.Q3..J K.4.7.A6;;♥8 ♥9 ♠A ♦J;5
W;NT;N:6.T6.65. .5.K92.2 .987..KQ A75..3.;♣J;♥6 ♦5 ♦6 ♠6 ♥T;5
W;NT;N:Q4.6.52. 83.9.T.Q 9.72.6.6 T2..7.2;♦K;♦2 ♦5;1
E;NT;N:5..5.KT5 .42.2.3 ..K43.9 K4.87..;♠T ♠A ♥J;♠5;5
S;NT;N:.QJ6.A.3 AQT..4.Q .A93..A 54..6.J;♦2 ♥7;♦A;5
S;NT;N:653..Q3. 82.A5..Q T7..J6. ..9.AT2;♣5 ♥2;♠3 ♠5 ♠6 ♦3 ♦Q;2
E;NT;N:8.AT.5.A A.75..8 J..Q3.4 3.9.T.9;♣J ♦7 ♣K;♣A;5
N;NT;N:T.4.T82. K9.QJ9.. A.AK3.5. 4..7.954;;♠T ♦8 ♦T ♥4;5
E;NT;N:97.J..87 Q2..QJ. .9.4.T9 .8..AKJ;♥4 ♠6 ♥Q;♥J;1
E;NT;N:.Q754.3. .8.74.K Q.6.82. 8..J.83;♦K ♠7 ♥J;♦3;1
E;NT;N:.T.T7.54 Q.2..73 6.4..K6 8..J64.;♥5 ♥3 ♠A;♥T;4
W;NT;N:.J.T.AKJ 7..4.632 K.AT4..9 Q8.6.K.;♠9;♣J ♣K ♣A ♦T ♥J;5
W;NT;N:6.JT..K7 8.94..Q6 A.A2..A4 2..A2.2;♥Q;♥T ♥J;5
N;NT;N:KT..8.A4 9.6.A.KJ J3..53.8 8.JT8..T;;♠T ♠K ♣A;3
S;NT;N:J4.J8.9. K5.6.3.T 9.T3.J. 3..4.62;♠A ♠8;♠4 ♠J;4
E;NT;N:82.83.4. .T5.T.2 3.2.K6. .4..A97;♠4 ♣5 ♥9;♠8;4
S;NT;N:4.A5.3.4 T.72.7.K 83.4.2. 6.T.J.A;♦5 ♣5;♦3;1
N;NT;N:K.8.9.82 A.Q9.JT. .K64.8.Q 2..Q53.T;;♣2 ♣8 ♥8;2
N;NT;N:7.K.3.A2 K..954.J .83.8.85 J.65.A6.;;♣A ♥K;4
W;NT;N:4.4..J82 Q62.K5.. 7.Q7.43. .2.92.4;♣7;♣8 ♣J;3
W;NT;N:63.3.5.Q 87.Q2..8 Q.T5..J4 K95...T;♦9;♦5;1
N;NT;N:.85.5.J6 8.94.A.9 7.K3.2.T 2..KT98.;;♣J ♥5 ♥8;4
W;NT;N:QJ9..8.K 4.T..JT9 .J2.AT.3 ..Q542.;♣A;♣K;4
N;NT;N:.5.T76.A T.KT.8.7 5.96.A.2 .J7.3.J4;;♦6 ♦7 ♦T;4
E;NT;N:QJ6.T..7 T3..A.T .4..K82 ..J86.J;♥9 ♦7 ♥3;♥T;5
S;NT;N:8.K.7.87 3.4.Q2.Q K65.6.. Q.T..A5;♦T ♥Q;♦7;1
N;NT;N:.6.875.4 95.J.A.9 A4.9..AQ .854.J.5;;♣4 ♦5 ♦7 ♦8 ♥6;3
E;NT;N:Q..8.KJ3 3.A..96 6.92.9. 4.Q7.3.;♣Q ♥4 ♠K;♣K;4
E;NT;N:K9.7.9.4 ..AQ5.3 A.T5..7 Q..JT8.;♠6 ♣9 ♣Q;♠9 ♠K;5
N;NT;N:T9.K.3.2 K8..K.76 .3.942.9 .4.J.AT4;;♥K;1
W;NT;N:6.T5.9.4 53.92.K. 7.63.Q.8 ..8632.;♥J;♥5;3
S;NT;N:A.Q5.J.4 T5..Q.87 .62.A2. Q.7.7.9;♠6 ♥A;♠A;5
E;NT;N:AJ2..J3. .98.9.4 63.QT.. 8.K4.Q.;♥A ♦A ♦K;♠2 ♦3 ♠J ♠A ♦J;1
W;NT;N:JT9..T.9 .AT93..4 .KQ2.6.Q ..QJ.62;♣5;♣9;2
E;NT;N:32..9.Q2 .Q2.2.8 .854.Q. 85.9..6;♠4 ♠6 ♣3;♠2 ♠3;2
N;NT;N:.6.K9.96 86..4.82 7.K7.85. Q9..A7.J;;♥6;2
N;NT;N:87..AQ.7 3.T.8.32 KJT.4..8 4..64.K5;;♦Q ♦A;5
S;NT;N:.5.J87.9 AJ..K.Q3 5.3..J4 7..5.KT;♥A ♥2;♥5;2
W;NT;N:T8.K9..9 Q7.3.4.6 K.4.K.K5 9..T.J7;♠2;♠8 ♠T;5
N;NT;N:K4.K9..J A..QT.T8 Q..A.K76 82.A.K4.;;♣J;4
S;NT;N:72.A.5.Q 6.J.T.95 4.7..A6 3..Q3.8;♣7 ♦6;♣Q;4
N;NT;N:.T.AJ.A8 3.8.75.Q Q.3.Q9.T T.62..65;;♥T ♣A ♦J ♦A;5
W;NT;N:.A7.T96. T42.6.8. 6..AK.87 .K.2.Q2;♣J;♦6 ♥7 ♦9 ♦T;2
S;NT;N:Q..A5.82 .874.Q.7 2...KT6 K.A9.K.;♠T ♥J;♠Q;5
S;NT;N:.Q.2.T97 Q63...K2 J.6.9.Q K.8.A.6;♣8 ♣4;♣7 ♣9 ♣T;2
W;NT;N:KT2.A..8 QJ3.K.A. 7.9.5.AJ .3.4.Q7;♥6;♥A;3
W;NT;N:.AJT.Q.A 53..86.9 T.53.75. A.Q.3.T;♦J;♦Q;5
W;NT;N:5.J65..Q .T2.T65. AK..A7.A .4.8.64;♦9;♥5 ♥6 ♥J ♠5 ♣Q;4
N;NT;N:K.T.K.A7 .J.84.98 5.K5.7.3 J4.86.3.;;♥T ♦K ♣A ♠K ♣7;4
E;NT;N:3.AT..JT J7.63.. A..2.A2 9.54.8.;♦J ♥2 ♦T;♠3 ♣T ♣J ♥T ♥A;4
W;NT;N:..AK97.5 Q.K..A64 A.Q5.T.J K8..5.Q;♠7;♣5;5
W;NT;N:42.AQ6.. .J873..4 K7..2.K6 T.K2.K.;♣J;♥6 ♠2 ♠4 ♥Q ♥A;4
W;NT;N:94.Q5..A 8.6.2.Q4 .4.8.T97 T.82..6;♦7;♥5;4
E;NT;N:62.5..Q3 A.K2..6 K5.4..T .A8.A8.;♠4 ♦J ♥J;♠6;3
N;NT;N:3.K8.J.Q 85.6.A.J T4.Q93.. K.7.T96.;;♥K ♣Q;4
N;NT;N:.Q7.6.K2 6..K753. A3.5..J5 T42.6..8;;♣2 ♣K ♥7 ♥Q;5
N;NT;N:9.K8.J.J 42.5..A8 KQT5...6 86.3.T7.;;♥8 ♥K ♦J;5
N;NT;N:.AK5.K9. 752..6.5 96..J.83 8.64..62;;♦K ♥K ♥A;5
W;NT;N:.2.AJ6.5 J73.7..8 864..3.A .86..76;♠2;♥2 ♣5 ♦6 ♦J ♦A;2
S;NT;N:7.3.T.T7 J5.Q.J7. A.95..9 3.J84..;♠4 ♣6;♠7;1
S;NT;N:K..632.J J5.J.9.T 4..74.5 Q...Q32;♥7 ♥K;♦2 ♦3 ♦6 ♣J;1
E;NT;N:432.5..A K9..A.9 Q.62.J. ..K98.Q;♣2 ♥8 ♥4;♣A;3
E;NT;N:.AQ.K3.J .4.J9.7 3.5.4.3 J..T.KT;♠9 ♦5 ♠5;♦3 ♣J ♥Q ♥A;1
N;NT;N:9.82..72 .K94.42. J..Q9.63 .Q.AK3.4;;♣2 ♣7 ♠9;3
W;NT;N:T6..T42. J3.JT..T 7.65.3.4 .K9.8.8;♠2;♠T ♠6;1
W;NT;N:J.T.3.Q2 3.Q5..A6 Q.43.8.9 6.6.4.5;♥K;♥T;2
W;NT;N:T.A5.J.T K2..6.J9 6..KQ94. Q..AT.A;♥6;♥A;2
E;NT;N:8.Q6.T5. 7..K8.5 32.A..8 Q.2.9.2;♠6 ♦6 ♣Q;♠8;3
E;NT;N:A2.K3..7 .AT.T.2 .6.9.J8 974..J.;♦Q ♥J ♥9;♠2;2
S;NT;N:A2.AK..8 T6.3.J.J K.6.2.2 .75..T6;♣7 ♠8;♣8;3
E;NT;N:.QT8.Q4. T..KT.A .43..Q9 53.2..J;♠6 ♣2 ♦7;♥8 ♥T ♥Q;1
W;NT;N:K.A.A3.T .8.5.K73 J83.Q..Q 5..92.5;♠7;♠K;3
W;NT;N:.9.83.98 AK..A92. ..K5.KQT .KT.QJ.;♠6;♦3 ♦8 ♣8 ♣9 ♥9;2
N;NT;N:QJ.72..6 .5.3.T53 6.AJ.86. 43..KT2.;;♥2 ♥7 ♠J ♠Q;4
E;NT;N:..J3.K74 T.8.8.9 6.763.. AK..6.Q;♦7 ♥T ♣2;♦J;4
S;NT;N:J.7.7.85 94.K5.5. .6.T.92 Q..AK3.;♣J ♥9;♣5 ♣8;3
W;NT;N:.K4.3.92 43.QT.4. K.A96.7. 9.2.8.J;♣4;♣9;5
N;NT;N:53.J.A8. T6.Q.J.6 QJ..4.J7 8.T.2.T9;;♦A ♠3 ♠5;5
N;NT;N:.976.A.9 52.Q.6.4 J9.2..Q5 AQ..T.J6;;♦A ♣9;2
N;NT;N:9.8.4.K5 J2..KT.3 K8.Q.8.8 3.A5.J7.;;♠9 ♣K;3
S;NT;N:.AQ43.K. J..J82.J .J.94.7 7..AT.3;♣K ♣T;♥3 ♥4 ♥Q ♥A ♦K;5
E;NT;N:.52.76.5 AK2...7 3..A.J4 64.7.8.;♦3 ♠Q ♠8;♦6 ♦7;4
N;NT;N:K6.6..85 5..6.J43 2.AT.AT. .874.92.;;♠6 ♠K ♥6;5
S;NT;N:A6.54.7. 7..QT4.A T..532. ...K764;♦A ♣5;♦7;5
E;NT;N:J.5.74.5 T2..63. Q6..8.T .3.Q.K3;♦5 ♥K ♣J;♦7;3
N;NT;N:3.JT.93. .74.T.J4 J..642.7 754.82..;;♥T ♥J;3
E;NT;N:J3.A.4.5 6..JT.7 T.85.A. .T9.K6.;♠2 ♦5 ♦Q;♠3 ♠J;4
N;NT;N:62.54.Q. K98...AQ 73..J82. .983.T5.;;♦Q;2
S;NT;N:A9.J7.7. 8.T9..AK Q.2.K.6 J3..Q4.;♦9 ♥Q;♦7;5
W;NT;N:J542..Q. 7.5..K98 T6..42.2 .86.J3.;♦6;♦Q;5
N;NT;N:K2.A9.8. ..J3.K64 AT83...7 .J.T.Q93;;♥A ♠K;5
N;NT;N:4.87.3.8 A96..4.Q JT.Q2.A. .K.KJ.A3;;♥7 ♥8;2
E;NT;N:.JT.K7.7 3.K3..Q Q9.4..K KJ2..3.;♦Q ♣J ♦6;♦K;3
N;NT;N:.A.T52.T .T95..Q5 Q.4.J.94 T.J..A32;;♦2 ♦5 ♦T;5
W;NT;N:98.T6..Q K32.J..7 .Q97.6.9 ..54.A5;♣8;♣Q;5
S;NT;N:J974..9. 6.J.32.T ..6.764 85..K5.;♣J ♣Q;♠4 ♠7 ♠9 ♠J ♦9;2
E;NT;N:3.4.Q2.3 T92...A .752..5 .6.J9.T;♠7 ♠A ♠4;♠3;4
E;NT;N:AT..Q.T8 J.T.2.6 42.J6.. 3.K42..;♦6 ♥7 ♠K;♦Q;5
N;NT;N:J7.3..J6 5..98.52 ..T32.A9 4.KJ9..Q;;♣6 ♠7 ♠J;5
N;NT;N:.72.98.9 96.4.T.7 K.6.4.J6 4.8.A.Q2;;♥2 ♦8 ♦9 ♥7 ♣9;2
W;NT;N:.75..532 T98.6.5. Q.9.Q3.T 7.K8..7;♣K;♣2 ♣3 ♣5;1
N;NT;N:.K8.T.65 3.94.9.7 8.Q7.8.8 5.2.K.AK;;♥8 ♥K;3
E;NT;N:J.K.92.Q .98..K5 T7..4.7 .AQ32..;♠3 ♣4 ♥J;♠J;4
N;NT;N:.KT3..83 42..A9.4 A.Q.K2.5 J.7.T84.;;♥3 ♣3 ♥T ♣8 ♥K;5
W;NT;N:73.75.Q. Q.4.J6.J 8.A.A.Q4 J96..K.;♣6;♠3 ♠7 ♥5 ♥7 ♦Q;4
S;NT;N:3.9..K94 A7.3.K.3 5.64.5. 8.85..5;♥7 ♦7;♥9;4
W;NT;N:.A72.K.5 J5.93.7. 6.T4.8.6 8.8.J.2;♠T;♥2 ♥7 ♣5 ♥A;3
E;NT;N:A2..Q3.Q .K.J4.6 5.A5.6. K.3.8.A;♣7 ♥Q ♠8;♣Q;4
N;NT;N:.J.2.A42 5.8.95.5 J3.K6..Q ..Q6.KT9;;♥J ♣A;5
W;NT;N:9.9.84.3 .A.5.AQ5 4.T.QT.9 A6...K2;♠2;♠9;3
N;NT;N:Q6.J7..6 .T864.5. K97.Q.9. 8..J.J75;;♥7;5
E;NT;N:.92.T4.A A5.AJ.. .8.Q.72 .Q3.53.;♣3 ♠J ♠3;♣A;4
S;NT;N:.Q3.86.6 95..Q2.4 .A.9.82 .6.J4.7;♥K ♣5;♥3 ♥Q;4
E;NT;N:A4.QT.9. 7.A.8.T .75.J.3 .4.A53.;♠6 ♦K ♠K;♠A;1
N;NT;N:.62.6.53 4.T73..K QT7..Q4. 65..982.;;♦6;4
E;NT;N:7..85.96 .72.J7. K.T6..A .AQ.KT.;♠6 ♣3 ♦4;♠7;3
S;NT;N:2.K3.A.8 3.J4.8.3 .5..KT5 7..5.72;♦T ♠K;♦A;5
W;NT;N:A.T.A.AT .A.52.K3 .97.87.5 K..KQ.2;♦9;♦A;4
W;NT;N:8.5.62.4 4.6.3.87 3.7.AK.Q Q.K..53;♠2;♠8;4
S;NT;N:K3.8.8.4 8.65..53 ..93.J6 T9..T.K;♥K ♣9;♥8;2
E;NT;N:63..A5.K .K84..A 9.3.2.5 AKJ...8;♣J ♠8 ♣2;♣K;3
E;NT;N:K8.J7..8 T.K2.8. 65..K.K ..Q5.J4;♦4 ♠2 ♦9;♣8 ♥7 ♥J;4
N;NT;N:T7.T.Q.T .A.A7.AK K3.54.8. 96.3.64.;;♠7 ♠T;2
W;NT;N:JT..6.A2 96..Q.T9 .KT9..Q5 Q52.5..;♥A;♦6 ♣A;3
S;NT;N:A5..T6.8 .Q9.A4.6 .5.5.A3 62.6.J.;♥A ♣2;♠5 ♦6 ♦T ♣8 ♠A;3
S;NT;N:.8.K2.43 87.73..6 ..T3.K9 Q.42.8.;♦Q ♥Q;♦2 ♦K;5
E;NT;N:.T2..874 9.7.5.Q 3.63.9. K2.A9..;♥8 ♠5 ♣5;♥T;1
S;NT;N:T..4.AK7 A.Q5..QJ 6.J.K8. 7.7.J.6;♠3 ♠Q;♠T;2
E;NT;N:63.974.. .5.T.73 8..J.AQ T.2.Q7.;♣8 ♣J ♣4;♥4 ♥7 ♥9 ♠3 ♠6;3
S;NT;N:8.AJ..73 .42.9.JT .K9..Q8 .T5.4.2;♦7 ♦5;♣3 ♣7;4
N;NT;N:K2..K52. 43.6.9.Q QT.3.6.3 A5.AQ.T.;;♦K;3
E;NT;N:AQ.Q.T2. J.AK2.. 3.84..6 ..KQ.AT;♣K ♠8 ♣9;♦2 ♦T ♥Q ♠Q ♠A;1
E;NT;N:87.9.KT. Q.Q.8.T ..54.32 .A.J6.A;♥4 ♥2 ♣J;♥9;2
W;NT;N:6.JT7..9 7..J75.Q T.K.K82. .3.T.A3;♣K;♣9;2
S;NT;N:J..A63.9 2.K.J7.8 T.9.4.J .T654..;♦Q ♦T;♦3 ♦6;5
E;NT;N:AK.K.73. 8.9..86 Q.J..Q7 .65.6.9;♠T ♣T ♥4;♠K ♠A;5
N;NT;N:K.Q9.3.T .8.KQ.AJ .3.75.K2 2.62.J.9;;♥9 ♥Q ♠K;3
N;NT;N:J.T82.9. 4.74.AT. 752.A6.. .953..J6;;♥T ♠J;5
E;NT;N:4..J963. ..42.A5 .985..J T7.A..3;♦5 ♦8 ♥6;♦9 ♦J;4
S;NT;N:.63.6.Q9 .K7.T4.2 .T2.7.8 J6..5.6;♥4 ♣4;♥3 ♥6;1
W;NT;N:5.A7.76. 6.96..75 .K.Q3.J3 7.J2.5.;♣8;♠5;5
E;NT;N:.AT8.A.3 Q5..J.5 2.94..4 J7..6.A;♠4 ♠T ♥7;♣3;5
S;NT;N:..8.J652 ..KJT9.K 86.5.A. J.JT..8;♥2 ♠4;♣2 ♣5 ♣6 ♣J ♦8;2
N;NT;N:.J5.QJ7. T.A.6.K9 .Q7.A4.2 7.KT.K.6;;♦7 ♦J ♦Q;3
N;NT;N:.7.76.KQ 8.Q9..T8 Q.2.32.4 A.84.A.3;;♣Q ♣K;2
N;NT;N:A6.94..K 53...632 .8.Q862. 74.6..AT;;♥4 ♠A;5
E;NT;N:.75.JT.6 T.K3.2. .8.3.Q4 .4.9.85;♠K ♠9 ♥9;♣6 ♦T ♦J;2
N;NT;N:.K.753.3 K.8.KJ2. JT5.6.9. 8.9.T8.5;;♥K;1
E;NT;N:92..A.J5 .9.J2.A A4..97. .Q3.8.3;♥2 ♠5 ♠K;♠2 ♠9 ♣5 ♣J;1
S;NT;N:7.96.K2. 95.7.5.5 4..JT.T A.T8.Q.;♥3 ♠Q;♥9;4
N;NT;N:92.8.4.5 Q..5.732 3.KJ6.T. J5.Q5..A;;♦4 ♠2 ♠9 ♥8;2
S;NT;N:5.AT73.. 4...KT83 9..QJ.6 .2.T92.;♠8 ♠A;♠5;3
W;NT;N:A2..J.A7 T986..5. .432.T4. .J8.A.9;♦7;♦J;4
N;NT;N:K.72.4.8 .5.9.T92 2.Q9.K.7 J4.4.7.K;;♦4 ♥2 ♥7 ♣8 ♠K;4
E;NT;N:.K4.7.T7 .T.K5.4 .3.AJT. 9.2.9.3;♦4 ♦3 ♠3;♦7;5
S;NT;N:64.754.. .A.KQ84. T83.Q.. .9.973.;♣K ♦J;♥4 ♥5 ♥7 ♠4 ♠6;4
N;NT;N:T.9.K3.8 87.3.Q.A K.K.76.K QJ2..J.3;;♦K ♣8 ♥9 ♠T;4
E;NT;N:J2..K83. A.Q9..8 .7..654 Q3..J.T;♠4 ♥K ♦4;♠J;4
N;NT;N:4.A.A.J8 85.J3..K ..Q876.7 .2.32.T5;;♥A ♣8 ♣J ♦A ♠4;2
W;NT;N:T86.Q.5. 53.4.A.9 .KT63..A A..K2.5;♣2;♠6 ♠8 ♠T ♦5 ♥Q;5
E;NT;N:74.Q.64. 2.65..J K5.K.A. T9...A9;♣8 ♦Q ♦7;♠4 ♠7 ♦4 ♦6 ♥Q;2
W;NT;N:.A7.Q9.5 8..K6.A6 J.4..T98 .K.742.;♦8;♦9 ♦Q;3
N;NT;N:.J862.6. 4.T.J3.A A.3.Q8.4 K9..94.5;;♥J ♦6;5
N;NT;N:Q..98.A6 J9.Q.T.T K87..A.8 5.832..J;;♣A ♠Q ♦8 ♦9;5
S;NT;N:6.97.T.Q T2.5.62. A5..8.T .A8.A.J;♦7 ♥2;♦T;3
N;NT;N:93...974 .94.AJ.J ..52.AT2 A.6.6.63;;♣4 ♣7 ♣9;3
N;NT;N:T7.K7.7. A.92..Q7 5.653.6. 92..5.J3;;♠7 ♦7 ♥K;2
E;NT;N:Q.984..8 5.Q.5.5 7...J62 ..T76.A;♠9 ♣3 ♥K;♠Q;1
W;NT;N:T2.Q5..6 .93.964. 5.T4..43 A7..J.T;♦Q;♥5 ♣6 ♥Q;1
S;NT;N:.8.T86.6 4.7.5.74 J.K94.. A.52..J;♥T ♦9;♥8;4
S;NT;N:.A5.54.Q 53..Q.J2 Q8.Q..5 J..3.T6;♣3 ♠K;♣Q;4
W;NT;N:AJ3.K5.. 5.74.92. K8.2..87 .6.Q75.;♠T;♠3 ♠J ♠A;5
W;NT;N:Q6.6.J.A 73..K8.J 2.J75..Q T..97.2;♣T;♣A;5
S;NT;N:.K2.2.52 K5.5.A.3 7.A8..4 J8.T.T.;♠9 ♦K;♣2 ♣5 ♦2 ♥2 ♥K;1
S;NT;N:9.5.K2.5 T4..QT9. K.8..AT ..4.Q98;♣7 ♥6;♣5;4
S;NT;N:AK.T6..T T.4.J7.7 Q6.3..5 2.9.3.K;♣Q ♦5;♣T;5
W;NT;N:Q.J.53.5 K83.5..K AJ.T.9.2 .96.K7.;♣6;♣5;2
N;NT;N:K52..8.7 9.9..A85 J.K62.6. .AJ8.J.4;;♠K;3
S;NT;N:.Q92..K6 K8..9.J3 Q..84.A 7.3.2.7;♥5 ♣8;♥9 ♥Q;5
S;NT;N:Q3..J3.Q 4..AT6.9 .2.7.72 2.A8.4.;♦2 ♠A;♦J ♦3;2
N;NT;N:62..Q.KQ .K75.86. 9.32.4.J .A..T542;;♦Q ♣Q ♣K ♠2 ♠6;5
W;NT;N:T4.J..T7 .A4.J2.9 A.95.7.3 .2.Q.52;♠3;♠4 ♠T;4
S;NT;N:K84..3.8 ..76.QT6 9..T2.J .5.AK9.;♥8 ♠3;♦3 ♣8;4
W;NT;N:Q3..Q.32 .J4.87.K 4.K8.63. .A52.9.;♥3;♣2 ♣3;4
E;NT;N:T.85.5.9 K.J.T2. A...Q52 86.A.J.;♦Q ♣8 ♦6;♦5;2
W;NT;N:.5.A93.6 86..K.J8 T9.4.4.2 .T3.T.5;♠7;♥5 ♣6;5
S;NT;N:4.64.J4. 2.9.K9.7 .AQ..T8 ..T.KQ5;♥J ♥3;♥4 ♥6;3
S;NT;N:K4.2.5.7 A.AK4..5 62.J..4 T7..Q.2;♦T ♦8;♦5;2
W;NT;N:9..632.7 7.7.7.T3 A.KJ4.A. KJ.3.T.;♣9;♣7;3
W;NT;N:3..JT5.5 A96.52.. Q.97..93 .6.K.AT;♦8;♦T ♦J;2
W;NT;N:K7..A.K7 8.97.52. .A3.94.8 A.J.J.3;♣Q;♣K;4
N;NT;N:K.8.KQ.Q .AT.94.3 AT9.9..8 74.J.T.J;;♣Q ♦Q ♦K ♠K;5
E;NT;N:95.2.9.8 .K7..QT K3..8.6 J...J97;♣3 ♦4 ♠6;♣8;4
S;NT;N:6.Q5.52. 2.AK..J2 AT3...6 54.J..Q;♥2 ♠7;♥5 ♥Q;1
S;NT;N:.84.7.K4 A..J4.53 Q.3..A7 2..KQ.2;♥2 ♠5;♥4 ♥8;4
N;NT;N:J8.KT..3 K3.8.54. 7.5..A95 T4..2.J7;;♥T ♥K ♣3;3
N;NT;N:.8.2.QJ9 93..A43. .KQ..T76 A87..8.8;;♣9 ♣J ♣Q ♥8;5
N;NT;N:.A9.AK.2 AJ3.2.6. .J4.8.QJ .7.T532.;;♥9 ♥A ♦K ♦A ♣2;5
E;NT;N:A54.4..A 3.32.2. 62..A.9 J9..Q.3;♦4 ♠T ♣J;♠4 ♠5 ♣A;3
W;NT;N:4.87.6.K 6.5.9.54 .AK9.Q.A 3..JT5.;♣3;♣K;5
W;NT;N:4.7.5.Q6 9.5.Q6.A Q.Q.J3.2 KJ..9.5;♣3;♣6 ♣Q;1
S;NT;N:98.Q.T8. J.J.J5.7 .8.72.K ..A9.J9;♥9 ♣T;♥Q;2
N;NT;N:Q63..6.Q 5..43.98 7..QJ.J2 2.82.9.A;;♠Q ♦6;5
W;NT;N:.Q2.K7.7 K4.T.8.5 .J.Q52.4 83.5..T;♥3;♥2;5
W;NT;N:.752.4.5 A7.9..Q9 .Q8.96.K .J..876;♥3;♥2 ♥5 ♥7;4
W;NT;N:..KJ96.3 Q6.Q9..Q J8.865.. 3.3.A3.;♣5;♣3;1
N;NT;N:7.83.K.7 A.2.654. .7.J7.K4 2.T6.A.2;;♦K ♠7 ♣7 ♥3;2
N;NT;N:T9.J7..K 3.K.KQJ. .T85.2.T J6.Q.3.7;;♣K;1
N;NT;N:53.J6.K. K.K8.J.7 J4..5.T5 6.2.874.;;♠3 ♠5 ♦K;3
W;NT;N:.7.6.A87 T7.3.3.T J2.4.K9. 9.J.4.5;♥9;♥7;3
S;NT;N:Q73..87. 96.A.T.T T.42..A 4.5.93.;♣Q ♣7;♠3 ♠7 ♦7 ♦8 ♠Q;3
W;NT;N:7.8.Q52. J8.3.4.9 Q.7.3.A2 K5..7.T;♦8;♦Q ♦2 ♦5;2
E;NT;N:Q86.9.A. ..4.KJ3 KJT.J.. 4.T5.8.;♣T ♠3 ♣8;♠6 ♠8 ♠Q ♥9;1
N;NT;N:.5.AT.32 AK4.6..Q T..87.74 9.T..AJT;;♦T ♦A;2
N;NT;N:J.J.93.Q 86.K.T7. 5.7.K4.7 .84.8.T9;;♠J ♣Q;4
S;NT;N:2.T..K53 AT9.92.. 4.AK7.. 6...A62;♠J ♣7;♠2;2
E;NT;N:.J9.K4.Q .AT.9.A 743.Q.. .7.5.32;♠K ♣5 ♠6;♦4 ♣Q;2
W;NT;N:764.J.T. J.A.5.K9 AQ2.K.Q. .3.K.T8;♦6;♦T;4
N;NT;N:9.852..7 K.K.2.93 Q5.97.J. AJ7.A.4.;;♥2 ♥5 ♥8;1
W;NT;N:QJ.A8..5 5.6.A3.3 3.T5..Q9 .Q4..A4;♠6;♠J ♠Q;4
N;NT;N:A4..8.K4 76.32.K. K..4.853 T.A.T6.7;;♠4;5
E;NT;N:.6.53.98 7.Q.Q7. AQ.7..4 3.AKT..;♦2 ♣3 ♥2;♦3 ♦5;3
W;NT;N:8.8.T9.9 7.Q..A42 JT..J3.Q 96..AK.;♠Q;♠8;1
N;NT;N:.AK.7.J8 T.2.85.4 K.J4.QT. Q.83.J3.;;♥K ♥A ♣8 ♣J ♦7;5
N;NT;N:Q7.5.T8. 4.3.3.Q2 JT85...K 6.AJ.J.A;;♠Q;4
N;NT;N:J.42.72. .9.AJ.76 62.5.8.T 73.3.3.4;;♥2 ♥4 ♦2 ♦7 ♠J;2
E;NT;N:6.4..864 T5.J.8. KJ.K.6. .3.AT.5;♠9 ♦4 ♠4;♠6;2
N;NT;N:.K872..4 KT5..K.K .3.J64.3 A.QJ5..6;;♥K;1
N;NT;N:.3.A942. T6..5.65 .A74.T.4 5.95..AK;;♦A ♥3;5
E;NT;N:A.A4.7.2 .T98.8. Q9.7..Q 64.J..6;♦T ♥5 ♠7;♦7;3
N;NT;N:J.5..732 T93..7.9 7.K9.A.K K62.2.8.;;♣2 ♣3 ♣7 ♥5;4
S;NT;N:.QJ.A.KQ ..Q753.T T4.T.K. 63...J8;♥K ♥7;♥J ♥Q;5
S;NT;N:8.9.7.KQ 7..KT.J8 3.J52.. J..42.T;♦3 ♥T;♦7;1
W;NT;N:A.4.7.76 4.93..53 8..85.84 J6..T.K;♥5;♥4;1
N;NT;N:.652..Q5 KJ.4.Q.T 53.Q.4.7 94.J.J.2;;♥2 ♥5 ♥6;5
N;NT;N:.KJ72..T A5.4.K.6 .96.QJ8. .Q.T9.52;;♥K ♣T;5
N;NT;N:J.Q8..64 T9.3.3.3 87.52.T. A6..A2.J;;♥8 ♥Q;2
E;NT;N:J.J.T.A7 ..AK.KQ A.87.2. 76.2.Q.;♣6 ♥3 ♣9;♣A;4
E;NT;N:A.9.AK.6 Q5.42.. .J.8.82 J3.8.T.;♠7 ♦6 ♦2;♠A;5
S;NT;N:J.Q.J.32 86.53.7. 5..43.T A.T.2.4;♣9 ♣6;♣2 ♣3;5
E;NT;N:8.4.T2.A ..A.KT8 A.9.K8. Q6..4.7;♣4 ♦3 ♣3;♣A;3
N;NT;N:98..Q.Q8 54.T87.. K3.3.3.A AT..K8.4;;♣8 ♣Q;2
S;NT;N:.J.Q3.K6 T4.T92.. K8..5.9 Q2.K6..;♦4 ♦2;♦3 ♦Q;5
W;NT;N:QT8.T.A. 2.A.Q4.7 3.6.T5.J .J..K53;♠6;♠8 ♠T ♠Q;4
E;NT;N:K..T3.T4 AJ.K6.. 3.9.K.6 Q6...AJ;♠4 ♣8 ♦2;♠K;2
E;NT;N:.T98.4.6 5..J3.8 Q..6.KQ 2.6..AT;♥7 ♥4 ♠K;♥8 ♥9 ♥T;4
W;NT;N:7.Q3.5.9 .J.A7.84 .A9.6.A6 J.KT.3.;♠9;♠7;1
S;NT;N:4.J.43.Q .K2.J.K4 T...752 753...9;♦8 ♣A;♦3 ♦4;1
W;NT;N:.J.87.T6 A5.A8.Q. 3..J942. Q2.3..3;♣5;♣6 ♣T;2
S;NT;N:92..9.73 7.3.2.J5 4.KJ.5. 8..64.6;♠Q ♦Q;♠2;5
S;NT;N:4.QJ.6.K AKJ.2.3. 85...T4 7.A6.4.;♣9 ♥4;♣K;2
E;NT;N:84.T4.J. 3.A.K.2 J5..A.7 Q76.5..;♣T ♣K ♥6;♠4 ♠8 ♥4 ♦J ♥T;3
N;NT;N:32.4.J.Q 86.8..K3 Q.2.A3.4 4.6.64.2;;♦J;3
W;NT;N:6..A53.3 3.Q.84.8 5.J4..T2 T.52.J.;♦2;♦A;3
W;NT;N:T4.9..92 9.Q.T.84 A.K5.3.5 Q.T..76;♠3;♠4 ♠T;5
S;NT;N:.92.9.A2 T52..6.J .T.J3.5 KJ9.4..;♦Q ♦5;♦9;5
N;NT;N:A63.2.4. T.9.2.J4 7.Q7.Q.3 K.A6.A7.;;♠A;3
W;NT;N:Q.AT9..5 4..43.T2 52..J2.6 .Q2..87;♥5;♥9 ♥T;3
S;NT;N:A32.KJ.. .6.4.852 .4.8.J3 7.5.K6.;♣A ♦Q;♠2 ♠3 ♥J ♥K;5
S;NT;N:73.54.3. 2.6.965. JT...A2 .Q.J.J6;♦2 ♥K;♦3;2
N;NT;N:9.KQ.6.Q A7.95.5. 6.A.93.4 J84..J.A;;♥Q ♥K;1
E;NT;N:T6.9.8.6 .7.965. .AJ4..5 A..2.KJ;♠3 ♥2 ♠4;♠6 ♠T;4
W;NT;N:76..K.Q6 AQ.Q.A.J .98.93.T J.5.J7.;♥A;♣6 ♠6 ♠7 ♦K;1
W;NT;N:.Q.J7.75 T.T8.2.K 82.6.95. 7..T8.Q;♠9;♦7 ♣5 ♣7;2
W;NT;N:J.T3.2.J 9.5.J.32 4.A7.3.A 3.J..87;♥Q;♥3 ♥T;3
W;NT;N:T5.7.4.4 Q..7.862 .K.AT.Q5 .A3..T9;♦Q;♦4;3
S;NT;N:T.T.K.93 .97.T5.7 J.3..J5 Q6..A4.;♠2 ♦Q;♠T;4
E;NT;N:J.Q7.7.9 .2.AJ.6 AT.K6.. 9.83.Q.;♥T ♣2 ♥J;♥Q;5
W;NT;N:Q3.42..7 .A.T2.K8 42...Q64 7.J5..3;♣9;♣7;1
S;NT;N:6..KT3.7 AT.J..KT .2.54.A Q..9.Q3;♥4 ♦Q;♦3 ♦T ♠6 ♦K ♣7;2
N;NT;N:8.Q9..43 6..Q.AKQ Q.7.K.52 9.T2.86.;;♠8;4
W;NT;N:5.4.54.6 2.53.2.4 4.KJ.9.Q Q..A6.J;♠9;♠5;1
S;NT;N:AT..Q4.4 Q.T.9.86 .3..JT2 .J9..AQ;♦A ♠6;♦Q ♦4;1
N;NT;N:Q96...Q6 T.J8..A8 J4.K7.2. 2.A4.3.2;;♠6 ♠9 ♠Q;3
W;NT;N:9.JT.Q6. A4.3.7.2 3.9..AKT 8..83.6;♠K;♠9;3
N;NT;N:.QT74..3 6..53.T8 .92.A2.4 KT3..6.J;;♥4 ♥7;5
E;NT;N:T9.K3..8 .6.J86. J.A..75 Q..2.J2;♣3 ♥Q ♥7;♣8;2
W;NT;N:9.75.J5. 3..Q.T82 K4..2.KQ 7.62.9.;♦6;♦5 ♦J;4
W;NT;N:..K93.J4 3.94..96 865..J.2 9.A.T2.;♣T;♣J;3
E;NT;N:.QT.72.A .2.K4.T 87..J.6 T2...72;♥J ♥8 ♦Q;♥Q;4
E;NT;N:Q4..QT3. T.97..7 .4.7.96 KJ53...;♥3 ♠8 ♣8;♦3 ♦T ♦Q;1
S;NT;N:.2.Q8.98 87.J.6.7 J.A.7.Q 2.KT3..;♥Q ♦J;♥2;5
S;NT;N:3.Q6.8.9 K2.8..T8 9..AJ9. A.2.5.2;♥K ♣A;♥6 ♥Q;4
N;NT;N:K2.3.4.K 8.65.K.4 J3.T.8.7 T..T.T52;;♠2 ♠K ♦4 ♥3 ♣K;4
N;NT;N:8.J5.2.A .Q82..J3 J4.9.8.5 2.T.AT.8;;♣A ♠8;3
E;NT;N:Q5..A.A2 .J9..97 2.K.6.T 9.8.T.6;♣Q ♠4 ♦Q;♣A;5
E;NT;N:.JT.82.7 .86..J9 T.5.6.3 7..A3.K;♠2 ♠Q ♥2;♦2 ♣7 ♦8;4
N;NT;N:J.K.93.Q 82.T9.K. 9.Q5..AT T654...3;;♥K ♠J;5
S;NT;N:9.A3..T3 43..98.K .742..6 QT6..3.;♥5 ♦2;♥A;4
W;NT;N:A85.7..7 6.85.4.K K.A9.3.9 4.Q.5.6;♣2;♣7;2
W;NT;N:7.4.643. A4..AT.2 ..5.A754 QJ.T..9;♣3;♦3 ♦4 ♦6 ♥4 ♠7;4
E;NT;N:2.JT.4.2 Q..2.T9 8.Q..J5 .74.J5.;♦A ♦Q ♠J;♦4;1
S;NT;N:5.AJ4..2 4.87..T5 .KT.T.K 62..AQ.;♠9 ♦J;♠5;5
S;NT;N:K75..KQ. 2.A93.2. .652.3. .JT..T9;♣2 ♠9;♠5 ♠7 ♠K ♦Q ♦K;5
E;NT;N:.75.Q.97 J8.32.. .KT4..2 K6.J..Q;♣3 ♠Q ♦9;♣7 ♣9;5
S;NT;N:9.Q9.3.6 2.3.AQ2. .5.87.2 74.6..7;♥4 ♣J;♥9 ♥Q;3
W;NT;N:9.8.K5.6 .K7.A.Q4 84..T.82 7.4.86.;♣3;♣6;1
N;NT;N:.2.Q8.J6 ..2.AQ54 T..JT.32 76.A7.6.;;♦8 ♦Q ♥2;3
E;NT;N:3.J8.Q.6 5..T.A4 64.5.9. T.9.74.;♦2 ♥K ♠7;♦Q;3
W;NT;N:K9..K.A6 54..7.Q9 .63.Q5.5 6.J.3.T;♥T;♣6 ♠9 ♠K ♦K;3
W;NT;N:2.4.K8.4 .QJ5.96. 653.K..J .2.AT.T;♠8;♠2;3
S;NT;N:K5.7.6.7 A.4.T.KJ .KJT6.. .82.Q.8;♦A ♥5;♦6;5
N;NT;N:K.J5..A3 A7.3.9.7 T54...J2 .K82.3.6;;♣3 ♣A ♠K;2
S;NT;N:7.K5.Q.7 A.76.6.J 5..J8.5 9.T.2.K;♦4 ♦K;♦Q;1
N;NT;N:KQ.7..32 .AQ8.A.A J.93..98 4..986.7;;♠Q ♠K;2
S;NT;N:Q.3..Q73 ..T853.J 5..A7.9 A.2.J6.;♣6 ♠8;♣Q ♣3 ♣7;4
S;NT;N:7.97.96. 6.862..5 8.K53.. 32..J3.;♣Q ♠K;♥7 ♦6 ♦9 ♠7;4
S;NT;N:9764..8. T8..543. .32..A9 .A5..72;♣4 ♦7;♠4 ♠6 ♠7 ♠9 ♦8;3
S;NT;N:QT..7.K3 6.T.6.J5 .5.J8.A 5..K43.;♦2 ♦5;♦7;5
W;NT;N:K8.K8.A. 2.AT9..Q .54.3.T9 5..9.AJ;♣5;♠8 ♠K ♦A;2
W;NT;N:9..6.AK2 .K42.KT. .QJ5.A.J 53...96;♦7;♦6;5
N;NT;N:KT4.K.A. .A.J.AJ8 .3.7542. 96.76..7;;♦A ♠T ♠K;4
E;NT;N:.J82..Q7 .K5.AQ. 2.7..32 A9..6.9;♣K ♦3 ♦4;♣7 ♣Q;1
N;NT;N:.53.7.K9 6.8.K65. ...A8752 J4.Q4.4.;;♣9 ♣K;5
W;NT;N:3.Q.T5.4 4.J42..3 Q.AT.J.2 96.3.8.;♣5;♣4;4
E;NT;N:3.J.63.2 .AQ3.4. 6..K52. KQT.6..;♦A ♣9 ♥4;♦3 ♦6;1
E;NT;N:K.Q43.4. Q.A9..8 J8..93. 4.J6.A.;♣A ♥7 ♣2;♥3 ♥4 ♦4 ♠K;1
N;NT;N:A..K.K86 Q7.J5.Q. 854.A9.. .86.9.J3;;♦K ♠A ♣K ♣6 ♣8;4
W;NT;N:A.T4.J.3 7.2.KT.7 5432..2. .6..J65;♠6;♠A;3
N;NT;N:6.4..J92 T.K6.92. .5.A75.5 J.7.Q4.7;;♣9 ♣J;3
S;NT;N:A.6.5.J2 874..J.K 9...AQ3 .AJ.4.4;♥8 ♠6;♥6;5
W;NT;N:.54.K62. A..A4.K5 95.AKT.. .3.5.43;♠3;♦2 ♥4 ♥5 ♦6 ♦K;1
N;NT;N:K9.T.4.J .A.K85.A 2.2.63.4 T8.85..8;;♠K;1
N;NT;N:Q.4.T5.Q T.862.A. K54.J5.. A..2.J95;;♠Q ♦5 ♦T;3
N;NT;N:.953.K.2 62..Q.87 9.AQ.T.6 T8...A94;;♥3 ♥5 ♥9;4
W;NT;N:Q.T..J72 J5..J7.4 A.Q.5.T3 KT3.5..;♦3;♣2 ♣7 ♣J ♥T ♠Q;3
E;NT;N:.K.76.J2 6..3.A5 A4.J..6 8.T.A.8;♥3 ♦T ♣4;♥K;3
N;NT;N:2.A3.2.9 ..73.KJ6 76..4.T7 Q.KT.8.Q;;♥A;1
S;NT;N:T5..J7.9 8.AQ.6.7 .3..QT2 K.K7.Q.;♦4 ♥8;♦7 ♦J;4
N;NT;N:.Q92.8.2 A.J7.T.9 8.K..AQ6 JT..54.4;;♣2 ♥2 ♥9 ♥Q;4
E;NT;N:86.A.8.5 4.Q5.K. .3.Q2.8 ..T5.K6;♠3 ♣3 ♠9;♠6 ♠8;1
E;NT;N:2.8.T.42 6..98.6 .KQ.J.3 AK..75.;♦A ♠9 ♠J;♦T;1
N;NT;N:.T4.6.T3 KJ.97.Q. A3..3.A7 4.Q2.A.5;;♦6 ♣3 ♣T;3
W;NT;N:.K7.2.JT T9..A9.4 Q65.8.J. 4.Q.3.A;♠2;♦2 ♣T ♣J;3
S;NT;N:73.8..62 862.K.9. ..K.954 .T6.T.Q;♥4 ♥3;♥8;1
E;NT;N:J4.K.A2. Q.A3.K. 2...K72 97.5..8;♦8 ♦9 ♥6;♦2;4
E;NT;N:J3.J..32 Q.Q.A2. A97.A.. .9.97.9;♣5 ♥3 ♦T;♣2 ♣3;1
S;NT;N:A92.Q.8. 6.J.Q4.J .5.5.K8 K.7.T2.;♣7 ♣9;♠2 ♠9 ♦8;2
S;NT;N:J2.8..K9 65...852 .9.A3.7 43.T7..;♣Q ♥A;♣9;5
S;NT;N:.53.3.73 AK.T4..K 9..65.2 5..K2.8;♥K ♥7;♥3 ♥5;1
S;NT;N:QT4.92.. J.5.Q9.8 9.3..QT 7.K.5.9;♥4 ♥7;♥9;4
S;NT;N:2.J6.9.3 Q..652.2 7.42.J. J65.8..;♦K ♣J;♦9;5
S;NT;N:4..98.T4 J.4..AJ7 K6.A..9 2.T5.2.;♠Q ♥K;♠4;4
S;NT;N:.T5.K.T2 94.A.87. 6.63.5. 3..4.73;♠A ♠Q;♣2 ♥5 ♣T ♥T;3
N;NT;N:T92..QT. K..92.J5 7.2.84.3 Q..K63.9;;♠2 ♠9 ♠T ♦T ♦Q;1
N;NT;N:5.Q.A3.4 4.J5.84. 6.82.2.9 ..K.KJ76;;♦A ♠5 ♥Q;3
S;NT;N:98.K.8.4 .87.T2.J .4.96.Q .QJ.K.8;♦5 ♥2;♦8;3
E;NT;N:.KQ.6.Q8 Q5.5..2 A64...4 7.8.K.9;♦3 ♠3 ♠2;♦6;5
W;NT;N:.3.92.Q6 T8.9.5.8 J.AT.83. 9.Q5..9;♣K;♣6;4
E;NT;N:.K5.A6.6 Q.9.3.T .2.T9.8 ..Q72.4;♣5 ♦4 ♥4;♣6;4
W;NT;N:6.A6.93. KJ9...98 7.J7.QT. T..52.J;♥3;♥6 ♥A;4
S;NT;N:.Q2.9.K3 6.4.AJ.8 .7.5.Q9 K.K.T8.;♣7 ♦2;♣K;3
S;NT;N:4.2.5.Q5 .T9.Q.K4 .Q87.A. .6.73.J;♥K ♥A;♥2;3
W;NT;N:.4.6.Q53 A7.5.Q8. 5..AJ.64 .72.K9.;♥3;♥4;2
W;NT;N:98.Q.K3. K42.K2.. T73.5..T Q.A.8.7;♣5;♦3 ♠8 ♠9 ♥Q;2
E;NT;N:86.7..92 .5.A3.6 Q..T4.A JT.T.2.;♥4 ♥Q ♦7;♥7;3
N;NT;N:.92.KQ7. ..94.T93 K6.Q.8.6 52.85.J.;;♦Q ♦K ♥2 ♥9;5
S;NT;N:.KJ7.7.K 9.6.KJ9. 2.A9..J ..62.T5;♠K ♣6;♥7 ♥J ♥K ♦7 ♣K;5
S;NT;N:Q.Q.5.Q6 3.T8.K6. A9.9.9. 76..A7.;♦Q ♥2;♦5;2
W;NT;N:962.K.4. 5.32.6.2 A.A..JT7 T.QJ.T.;♠J;♠2 ♠6 ♠9;5
W;NT;N:QJ6...63 7..4.Q95 K3.T32.. .94.32.;♠4;♠6 ♠J ♠Q;4
N;NT;N:9.J9..72 K.A.T8.6 T2...AJ8 A.K.Q76.;;♣2 ♣7;3
W;NT;N:J.A.K.52 8.62..J4 7.KJ.J.A .T.8.76;♥4;♥A;5
E;NT;N:T65..KJ. 9.Q6..T .43.83. 8.T7..8;♦4 ♦A ♣6;♦J ♦K;5
E;NT;N:.T7..Q92 6...A53 .3.A52. .K4.T6.;♠T ♠J ♥9;♣2 ♣9 ♣Q;3
E;NT;N:.T43.K5. .AJ2.3. 9..Q9.K 5.8.A.J;♣T ♠2 ♣A;♦5 ♦K;1
W;NT;N:..K6.Q94 2.T4.2.7 3.53.AJ. ..T3.K8;♦9;♦6 ♦K;3
W;NT;N:7.7.5.T9 9.KQ.8.A K4..7.63 3..93.4;♠J;♠7;2
E;NT;N:4.K.5.76 QJ6..K. 72.6.9. AK..82.;♥Q ♥A ♣J;♥K;2
N;NT;N:84.2.6.2 Q.A6.K4. K.K.Q.Q9 A7..AT9.;;♣2;2
W;NT;N:T5.6..42 .Q.AJ6.6 J6.A5..8 .42.Q.5;♦9;♣2 ♣4 ♥6 ♠5 ♠T;2
S;NT;N:J9..98.9 3.9.73.8 6.A6..6 Q.T.Q5.;♦6 ♣Q;♦8 ♦9;2
W;NT;N:98.5.6.8 6..J.K65 A54.T.7. T..AQ.A;♦9;♦6;1
N;NT;N:K5.Q.6.K A.K9..J3 .63.Q85. .J.KT92.;;♠5 ♠K;2
N;NT;N:.3..J862 T4.2.9.K 9.87.Q4. QJ.6..QT;;♥3;4
S;NT;N:K.Q.752. Q95.2.4. J62...8 4.T.9.K;♥6 ♥A;♥Q;1
N;NT;N:AK..Q.A6 .Q8.8.J3 3.K.J9.K 6..A6.Q8;;♣6;5
E;NT;N:Q6.K3..9 T.Q8.A. 9.5.T.5 .J.72.6;♠K ♦3 ♥2;♠6;3
W;NT;N:64.K.T.2 8.2.92.8 .Q5..K76 9.8.QJ.;♠2;♠4 ♠6;1
N;NT;N:62.J.Q7. .K42..J2 9.76.5.K 7..T96.T;;♠2 ♠6 ♥J ♦Q;4
E;NT;N:A9.QJ.J. J.A6..K .7.A6.J 2..85.9;♦3 ♥2 ♦Q;♦J;2
E;NT;N:K.K7.K.K T6..6.2 5.Q.J.J ..32.T6;♣3 ♠7 ♣9;♣K;5
E;NT;N:.643.5.3 .7.Q43. 3.9.K.4 Q76..9.;♦A ♠T ♠8;♦5;3
S;NT;N:J762..7. 85..5.K3 3.AT.2. KQ.J9..;♣7 ♥2;♠2 ♠6 ♠7 ♠J;1
S;NT;N:.T2..JT3 A.95..95 75.8.T. 9.J6.7.;♣4 ♦3;♣T ♣J;3
E;NT;N:7.T32..9 2..765. KQ..T.K 9..3.Q6;♣3 ♣J ♦4;♣9;5
N;NT;N:K3..AJ.J 8.74.3.9 96.T.52. Q.K9.96.;;♠K ♦J ♦A ♣J;5
N;NT;N:A8.4.K.A 4.KQ..64 Q.J75.T. T..642.T;;♠8 ♠A ♣A ♦K;4
S;NT;N:.AJ.K.87 T6..5.Q3 9.9..92 .6.2.KJ;♦T ♠2;♦K;3
S;NT;N:8.A986.. T..T64.9 5.52.J. 9..A.K4;♥K ♣T;♥6 ♥8 ♥9 ♥A;4
N;NT;N:Q7..A4.T 8..T7.QJ 2.J.2.95 4.9..K42;;♠Q ♦A;3
W;NT;N:6..QT.K8 8.K8..74 7.Q.9.AJ 9.72.8.;♠T;♠6;1
S;NT;N:97.K65.. AT3..A8. 4.3.K5. .7.J.86;♣2 ♠5;♠7 ♠9;4
N;NT;N:.AQ7..84 73.5.6.6 62...KJ7 .T9.Q8.9;;♣4 ♥Q ♥A;5
S;NT;N:6...AJ98 JT9..6.4 5..KJ.5 Q4.4.5.;♠8 ♣Q;♠6;1
S;NT;N:T4.5..K3 .A.K875. J.2..J7 5.J9.J.;♣6 ♥Q;♣3 ♣K;4
S;NT;N:K.4.A5.A JT97.A.. 5.65.6. 2..K.Q5;♣3 ♣J;♣A;4
W;NT;N:75.K.Q8. A.83.65. 3.54.7.8 8.2..Q7;♦3;♦8 ♦Q;4
S;NT;N:A.Q9.5.3 3..94.Q2 ..AKJ.T J4.2..6;♦2 ♦Q;♦5;2
S;NT;N:Q.A.75.K 6543...7 .J8.T8. .97.4.8;♣Q ♣6;♣K;5
W;NT;N:5.9.6.Q5 3.6.T.93 8.4.74.A ..9.KJT;♦8;♦6;3
W;NT;N:.4.97.J7 J.5.2.AQ .872.8.T A6.K.K.;♦6;♦7 ♦9;1
W;NT;N:Q6.Q.A3. A4.3.KJ. .T8.Q.93 5.J96..;♥4;♥Q;3
E;NT;N:K.AT.63. .J4..97 ..K.AJ8 6.Q5..5;♠5 ♦Q ♥9;♠K;5
N;NT;N:.3.K76.8 2.6.9.KT 3.K9.J.4 T.JT7.T.;;♦K ♥3;4
E;NT;N:.5.AJT3. 7.T.K.2 .Q3.2.6 K.A.5.J;♦9 ♦Q ♠2;♦3 ♦T ♦J;4
E;NT;N:.73.Q63. A.2.T9. 3...QJT 4.K.K.9;♠2 ♣K ♥4;♦3 ♦6 ♥3 ♥7;1
N;NT;N:J.T.7.T6 8.KJ.3.5 .62.T.A4 53.Q7..3;;♣6 ♣T ♠J ♦7;4
S;NT;N:8.987..4 632.2..6 5.3.9.3 Q.QJ..8;♦3 ♣2;♥7 ♥8 ♥9 ♣4 ♠8;2
W;NT;N:AK.8.52. 9.K65..7 .Q7.QT.3 T6.J.6.;♠2;♠K ♠A;4
S;NT;N:.5.A.JT4 Q.8.T7.A A3.3..9 .7.Q.86;♠K ♥T;♣4 ♣T ♣J ♥5 ♦A;3
S;NT;N:T97..8.A Q.T7..75 .6..Q63 .J.J92.;♦A ♣J;♦8;2
S;NT;N:K.K.5.J7 32.9.3.3 .6.AK.8 J.4..T4;♦6 ♣A;♦5;5
N;NT;N:K.98.9.7 7.3.T2.5 A.6.Q.T8 .J75.4.9;;♣7 ♦9 ♥8 ♥9 ♠K;4
E;NT;N:K9.76.5. ..J.KQ9 .J.QT.4 6.KT.2.;♥8 ♠T ♠8;♥6 ♥7;1
N;NT;N:4.T.K.76 A5.5.98. 96.9..AQ .74.7.K8;;♠4;4
S;NT;N:K..T8.K9 .Q52.J.7 5.KT.9. 3.4.2.5;♠4 ♥J;♠K;4
E;NT;N:2..65.98 K.T..Q7 .72..AJ 64.8.K.;♥5 ♥3 ♣T;♠2 ♣8 ♣9 ♦5 ♦6;2
E;NT;N:J.52.6.J .6.93.K 84.8..7 K72...2;♥3 ♣9 ♦8;♥5;2
E;NT;N:4..J.J98 Q.4.AQ. .Q53.K. 63..2.A;♦3 ♠9 ♣7;♦J;2
N;NT;N:8.6..QJ5 3.Q.7.92 .KT7.J.A .93..T86;;♥6 ♣5 ♣J ♣Q ♠8;5
W;NT;N:.T94.K.6 J6.Q.Q5. Q53..3.A A.3.8.2;♠4;♥4 ♥9 ♥T ♣6;3
S;NT;N:Q5..6.74 T.32.J.8 K4.Q.9. ..A.K93;♥K ♦K;♣4 ♣7 ♦6 ♠5 ♠Q;4
E;NT;N:97..K2.T .84.7.6 J..4.98 ..J.J42;♠K ♥7 ♠2;♠7 ♠9;1
E;NT;N:T2..J.T9 .T9.A.J .Q2.K5. 3.J.6.Q;♣5 ♦9 ♠5;♣9 ♣T;3
N;NT;N:T..J9.A5 .K54.84. .J.2.T82 72.Q8..J;;♣A ♦9 ♦J ♠T;5
N;NT;N:T8.9..AQ J..863.9 4.A..K74 K.T7.Q5.;;♣Q ♣A ♥9;4
S;NT;N:.J.J6.84 72..T9.7 .T4.A7. .6.8.KJ;♣2 ♠J;♣8;5
S;NT;N:AQ5..3.A 32.J5..5 64...96 .7.AQ.3;♥3 ♠7;♠5 ♦3 ♠Q ♠A ♣A;1
W;NT;N:J6.7.2.2 7.JT..J5 .K.T3.Q9 3.2.6.4;♠4;♠J;5
W;NT;N:Q7.7.J.K .Q.854.T T.K.K7.6 82...AJ;♣3;♣K;5
E;NT;N:54.2.K6. J.76.5. .93.2.A T.T.93.;♣7 ♠8 ♠6;♥2 ♠4 ♠5;2
W;NT;N:AQ.Q94.. J6..3.32 T.6.865. 5...T96;♣Q;♥4 ♥9 ♥Q ♠Q ♠A;1
S;NT;N:42..KT3. T9..2.97 8..4.A6 .2.9.QT;♦A ♣J;♦3 ♦T ♦K;4
W;NT;N:QT4..2.A K5.Q3..8 6.K.9.J4 7.A86..;♣3;♣A;3
N;NT;N:94.8..Q5 2..72.T4 QJ.T4..K 7.3.65.7;;♠4 ♠9 ♣5 ♣Q ♥8;5
E;NT;N:J8.J3..J 3.AT.2. AT.K..4 5.86.K.;♠4 ♣3 ♦8;♠8 ♠J;4
N;NT;N:KQ..AT.K .J.8.943 3..94.86 97.3.7.7;;♦T ♦A ♣K ♠Q ♠K;5
N;NT;N:.942..87 KQ.A6.7. .KT..J93 J94.J..4;;♣7 ♣8;3
E;NT;N:J6.54..6 94.2.3. KT..K6. .86.4.7;♣K ♥7 ♠2;♣6;1
E;NT;N:Q.J.53.J J2.AT.. 8...K32 A3..9.4;♠6 ♦K ♣7;♠Q;4
S;NT;N:6.J7..J5 Q..865.4 8..9.Q3 9..QJ.2;♥T ♠2;♥J ♥7;4
W;NT;N:AQ.96..A J8..T.K4 653..8.8 9..J3.Q;♠T;♠Q ♠A;5
W;NT;N:..JT.K32 7.6..QJ4 J3.T.2.T .Q3.54.;♦9;♦T ♦J;3
N;NT;N:4.J74.9. A9...KQJ .8.KJ8.4 JT5.K9..;;♦9;3
S;NT;N:Q64...82 A.2.JT.K .T8..T7 .73.76.;♣3 ♦8;♣2 ♣8;1
W;NT;N:.Q.AKQ.2 ..J6.AJ4 T96.J.8. .A9.2.T;♠5;♣2 ♦Q ♦K ♦A ♥Q;5
S;NT;N:Q..52.62 2.5.Q8.9 4.9.4.4 .3..QT8;♣7 ♦A;♣2 ♣6;1
E;NT;N:K7...T32 T5..8.J 2.T.T7. 6..653.;♦A ♣6 ♦Q;♣2 ♣3 ♣T;3
S;NT;N:K3.72..J 5.3.42.T ..AKQ.8 T..5.52;♣7 ♦6;♣J;5
W;NT;N:JT..2.A9 .QJ7.73. Q2.A.K.5 .3.Q.KJ;♠A;♠T ♠J;4
S;NT;N:T.T5.A.4 ..Q6.K32 .92.73. 4.3.82.;♠A ♠K;♠T;4
N;NT;N:7.4.Q9.5 AKJ..75. .3.T2.QJ 632.K..T;;♣5 ♦9 ♦Q;4
E;NT;N:.T9..JT6 Q3..7.A .5..432 .K8..Q7;♣9 ♦5 ♦4;♣T ♣J;1
W;NT;N:A.T8.2.7 T.J73.6. .A5.53.T 2.K..Q6;♠J;♠A;3
N;NT;N:T8..Q.52 5.K3.73. .8.K.984 J.Q96.9.;;♦Q ♣2 ♣5;4
E;NT;N:42.K6.K. 96..76. 8..T.A5 5.J.3.2;♥4 ♠Q ♣7;♥6;3
S;NT;N:2.QJ.A.5 .3.6.JT2 7.AT6.. T9..9.6;♠5 ♣4;♠2;5
S;NT;N:5.KJ.2.5 8..73.63 3.83..J 7.Q.6.K;♦Q ♠K;♦2;3
N;NT;N:.Q..AKQ8 Q.9.Q.94 32.J.98. 5.87.3.J;;♥Q ♣Q ♣K ♣A;5
S;NT;N:7.2.A8.K Q3..7.72 K96.Q.. .K.K4.J;♠A ♦T;♠7;4
E;NT;N:K4.A.A8. 762.7.. 9.6.5.6 8.5.62.;♥K ♥8 ♥9;♥A;5
W;NT;N:63...K96 K.K4.A3. .A96..72 7.73..4;♥2;♠3 ♠6;5
N;NT;N:K9.5.J.K 5..42.JT 6.K.Q.83 4.J4.8.5;;♠9 ♠K ♦J ♣K ♥5;5
E;NT;N:AQ5...76 .T.AT3. 3.K2.Q. T...982;♠9 ♥3 ♥7;♠Q ♠A;3
N;NT;N:K.K54..K J8.Q9.9. 2.7..852 T63..Q8.;;♠K ♥K ♣K;3
N;NT;N:97.K.4.K 2.84..J4 5..82.Q9 J.3..765;;♣K ♥K;5
N;NT;N:63...T52 .Q2.A7.8 92.J.53. T.A976..;;♣T;3
N;NT;N:K5...982 QT.7.2.Q 63.A5..J 98.T..T6;;♠K ♣2 ♣8 ♣9;2
W;NT;N:J7.Q7..7 .2.6432. A85..J.2 .9..AJ8;♠T;♠7 ♠J;5
S;NT;N:.J..QJ96 K3.K2..5 ..Q8.82 6..AJ5.;♦2 ♣7;♥J;5
E;NT;N:Q5.K3.T. A..Q42. T.96..7 94...63;♥2 ♦7 ♦6;♥K;4
E;NT;N:9.A.32.K T.63..2 K.7.A.A .852.Q.;♠A ♦K ♥9;♠9;4
S;NT;N:.T73.5.A K6.9.Q6. 53...87 ..A.JT3;♦J ♠9;♦5;1
E;NT;N:K96.AT.. .6.5.AJ .K7.4.5 QJ...T7;♥2 ♣Q ♥3;♥A;4
N;NT;N:2.62.J.2 .9754.8. K4..9.95 A.8.52.7;;♦J ♣2;3
W;NT;N:KT..T5.2 9.42.4.Q .8.9.AT5 J.T.86.;♣K;♣2;5
N;NT;N:9.QT.5.Q 6.97.6.K .J6..942 3.K.K32.;;♠9 ♥T ♥Q;1
N;NT;N:8.4.A6.8 4.K.T.KJ 9.96..Q5 J..32.96;;♥4 ♦A ♣8 ♠8;2
S;NT;N:.K32.7.Q J.9.A.JT 4.7.6.5 32..9.2;♥5 ♦2;♥K;4
N;NT;N:KT4..6.5 6.AK..A8 QJ.4..KT 3.J.T7.3;;♠4 ♠T;3
S;NT;N:8.K6..Q6 AT..84.5 .J.962. .87..T9;♠7 ♥4;♠8;3
S;NT;N:9.T7..54 3.6.A6.A J...976 ..Q73.3;♠7 ♥4;♠9;3
E;NT;N:.7.T92.J 9...962 A.86..8 J63...K;♠T ♦Q ♣A;♦2 ♦9 ♦T ♥7 ♣J;3
S;NT;N:T.Q9.87. 874.J..4 A6.K.J. 5..Q.K2;♣Q ♦2;♦7 ♦8 ♥9 ♥Q;4
N;NT;N:.Q.Q962. 5.92..93 .6.8.J76 732.4..4;;♥Q ♦2 ♦6 ♦9 ♦Q;5
W;NT;N:.K4.87.A 85.52..8 K..K65.9 93.T..J;♥3;♥K;5
N;NT;N:Q3.74..T 8.8.A8.6 .93.T.AK AT..K.Q3;;♣T ♥4 ♥7;4
E;NT;N:.J.64.Q3 8..3.82 6.Q8.J. .K2..T4;♥4 ♦2 ♦5;♥J;4
S;NT;N:J9..3.A8 6.32..62 2.AJ.5. T.4.82.;♥7 ♣3;♦3 ♠9 ♣8 ♣A;5
N;NT;N:A97.A3.. .752.5.J .K6..AK7 54.8.7.Q;;♥3 ♥A ♠7 ♠9 ♠A;5
W;NT;N:J87.2..6 T3.8.A2. ..QT.AQ9 Q.6.97.;♥7;♥2;1
W;NT;N:2.95..74 J95.K.A. 63.3.43. QT..J8.;♣2;♣4 ♣7;2
E;NT;N:8..85.J4 43.KJ.. 7.64..5 .2.T2.2;♥5 ♥A ♦7;♦5 ♦8 ♠8;4
S;NT;N:3.7.942. Q8.62.3. .Q..K73 ..7.654;♠K ♦T;♠3;4
S;NT;N:9..A9.T4 73..32.A Q..87.8 .J7.6.3;♥3 ♠J;♣4 ♠9 ♣T ♦9 ♦A;4
W;NT;N:3.A2.K7. .KJ3.6.J .T.42.A4 842...8;♥6;♥A ♥2;3
E;NT;N:J2..6.J3 .A4.Q4. .8.8.72 ..A95.9;♠4 ♠A ♠T;♠2 ♠J;4
S;NT;N:.4.AT.A5 9.5.J6.J 62..K.T T.KJ..2;♣7 ♣3;♣A;3
N;NT;N:6..Q3.J6 74..K5.2 QT.T4..K J.853..T;;♣6 ♣J ♠6;4
N;NT;N:K.76..K8 T98.5.A. ..74.AQ6 6.32.J.T;;♥6 ♥7 ♣8 ♣K ♠K;5
E;NT;N:.KQ.K2.9 ..T8.J3 Q.3.3.T ..AQ.A2;♦4 ♦J ♥9;♦2;4
E;NT;N:76.T.Q.3 .5.K6.2 8.94.9. .KQ6..4;♦T ♣Q ♥8;♦Q;2
E;NT;N:85.Q.74. 4.A.83. .J.AT.J AK.8.K.;♥K ♣9 ♥5;♥Q;1
E;NT;N:9..KT2.9 7.K3.J. K8..8.3 6.AJ5..;♠Q ♣A ♠3;♠9;1
N;NT;N:7.J985.. 3..T75.K .AQ42.3. AT..A4.T;;♥5 ♥8 ♥9 ♥J;4
W;NT;N:J.2.T7.K A5.Q5.8. K743..K. T8...J5;♦4;♦7 ♦T;2
S;NT;N:3..K.KQ8 92.92.T. ..AQ83. 6.5.6.3;♥7 ♥6;♠3 ♣8 ♣Q ♣K ♦K;1
E;NT;N:.JT9..AQ 3..6.94 64..2.3 K.Q..T2;♦7 ♠A ♦T;♥9 ♥T ♥J;2
W;NT;N:T65..K2. ..Q83.75 4.T4.9.4 K.Q.5.2;♥9;♦2 ♠5 ♠6 ♠T;2
N;NT;N:AK8.64.. 2.T.3.K6 ..98.JT2 J6.KQ..8;;♠K ♠A;3
N;NT;N:4.K.T.JT T6.4.3.9 AJ...632 Q82.2..8;;♥K ♣T ♣J ♦T ♠4;5
S;NT;N:AQ.J.3.A 85.T.7.J J4.4..3 .52.4.7;♦2 ♥7;♦3;4
W;NT;N:K.6.7.AK 9.KQ..T2 742.87.. Q8.J..8;♥A;♥6;3
N;NT;N:86.5.J.6 A5.AJ2.. .94.43.T 42.K.T.2;;♦J;3
W;NT;N:7.A8.5.4 AQ.5.9.K J4.3.Q7. .2.AKT.;♥7;♥8 ♥A;2
N;NT;N:63.A.Q7. K.J.6.J6 4.7.T3.Q 8..J5.83;;♥A;4
S;NT;N:986...97 .A8.Q4.K T..KT.Q Q.9.J.4;♥T ♦7;♠6 ♠8 ♠9 ♣7 ♣9;1
S;NT;N:QJ8.3.8. A7.AK..5 9.Q.3.7 T.6.7.A;♣Q ♥5;♠8 ♥3 ♠J ♠Q ♦8;2
E;NT;N:.AJ.7.82 53..A4. 84.T..7 6..96.J;♥7 ♥5 ♥9;♥J ♥A;2
E;NT;N:Q.A.8.T2 5..K9.3 2...AQ9 7.5.Q2.;♥J ♥8 ♦A;♥A;5
S;NT;N:K4.9..T5 82.3..J3 .5.Q5.6 .K.6.K9;♠9 ♥A;♠4;3
S;NT;N:.5.K54.9 .6.JT7.4 A2.A.8. 6.K.A.5;♦2 ♥T;♦K;5
W;NT;N:.K8.42.J J2.4.83. 5.7.K.A6 Q9.5.6.;♥T;♥K;5
S;NT;N:T4.4.4.8 97.5.3.9 5.2..A7 ..A8.K6;♣Q ♣2;♣8;3
E;NT;N:4.T8..93 Q.Q.Q.T A6..62. 9..J4.5;♣Q ♠3 ♠7;♣3 ♣9;1
W;NT;N:74.QJ..7 .2.AKQJ. 98..4.T2 .T.87.4;♣5;♣7;5
S;NT;N:.A.Q4.T2 64.K8..6 Q..J.AJ 75..6.7;♦K ♥J;♦4 ♦Q;5
E;NT;N:6..T.J54 982.T.. K.7.J.2 .J.5.63;♦K ♥4 ♥9;♦T;3
S;NT;N:QT.8.J6. .A3.73.9 5.2.A.6 K3.5.Q.;♠7 ♣Q;♠T ♠Q;2
N;NT;N:.J9.K9.J K98..T.T 5..A73.8 6.75.2.3;;♣J ♦9 ♦K ♥9 ♥J;5
E;NT;N:K.T.53.9 J.A.AK. 4.4.6.3 T2.K..7;♣8 ♣Q ♥6;♣9;2
S;NT;N:76.8..T7 5.KT..J9 3.Q.T5. ..3.Q42;♠A ♥2;♠6 ♠7;4
E;NT;N:J.J.8.87 Q.7.Q.9 8.K5.J. K.T.2.A;♠3 ♦3 ♥2;♠J;3
W;NT;N:T..64.52 9.AJ.32. AQ.2.T7. 82.Q6..;♠J;♠T;4
N;NT;N:.85..KT6 4.2.KT.J 3.A3..84 5.K6.76.;;♣K ♥5 ♥8;4
W;NT;N:T53.2..7 J.93.A7. Q9.A..Q2 .T.Q2.T;♠2;♠3 ♠5 ♠T;5
N;NT;N:.6.AK4.T .9874..K 6.K.2.AQ Q3.A.8.6;;♣T ♦K ♦A;5
N;NT;N:A94..T.J 8.53.A.2 .K9.65.7 .T.Q9.A8;;♠9 ♠A;3
E;NT;N:JT6.7..9 8.J.8.J .K5.T.6 K..5.32;♠7 ♥A ♦A;♠T ♠J;4
E;NT;N:Q8.3.63. 5.65..2 A.9..AK .4..543;♦5 ♦9 ♥A;♦3 ♦6;5
N;NT;N:T7..54.7 .42.3.J3 Q8.5.76. 5.AT9.8.;;♠7 ♠T;2
E;NT;N:A52..3.T ..Q98.9 .3.K4.6 74.6..Q;♠9 ♦5 ♥T;♠A ♠2 ♠5;2
E;NT;N:K.K6.J.6 Q.A..A3 2.3..52 A.4.K.4;♦2 ♣Q ♠9;♦J;1
N;NT;N:86.T9..Q .KQ6.J8. QT.4.T.8 97..A.K4;;♠6 ♠8 ♣Q;2
E;NT;N:A.42.Q4. T.86.J. 4.AQ..Q 9.9..KJ;♠2 ♥J ♦T;♠A;5
W;NT;N:9.Q87..K KT63...4 J.2.J6.T .9.942.;♣7;♣K;4
E;NT;N:..A54.KT T9...73 3.8..A2 AKJ...6;♣5 ♠6 ♦3;♣T ♣K;5
E;NT;N:Q8..T.J8 ..43.97 65.8..K 2..Q.A6;♦9 ♥9 ♦2;♦T;3
S;NT;N:86..KT2. 9.8..Q43 .Q.J94. A.A6.A.;♥T ♦8;♦2 ♦T ♠6 ♠8 ♦K;1
S;NT;N:.AT..876 A5..3.43 .98.T.A 982...J;♦5 ♠J;♣6 ♣7 ♣8 ♥T ♥A;5
N;NT;N:5.J3..83 2..A.J74 9..843.Q JT6.7.7.;;♥J;3
S;NT;N:972.2.3. 83.85.T. J.7..J3 4.K.6.Q;♦5 ♥6;♦3;1
W;NT;N:6.7.AK.2 .532.T8. Q4.6.95. 2.98..5;♣Q;♣2;1
E;NT;N:.Q6.T65. .A.8.43 Q.9.93. .2.J2.9;♥3 ♠2 ♥4;♥6 ♥Q;2
W;NT;N:3.7.7.T8 .985.6.2 .4.AKQ9. QJ5...7;♣K;♣8 ♣T;1
E;NT;N:J64.3.5. .T.96.T .AJ.T.3 K83..8.;♣5 ♣K ♦K;♠4 ♠6 ♥3 ♠J ♦5;4
E;NT;N:7.AJ.J.K ..QT96. A.87..J 6.2.3.Q;♣2 ♥K ♥T;♣K;4
N;NT;N:2.64.96. .T.73.43 A..KT2.T J9.5..82;;♦6 ♦9 ♠2;5
W;NT;N:J2.K..94 Q86..8.T A..Q43.6 ..K76.2;♥9;♥K;2
N;NT;N:J2.3..73 A.542.8. .Q.J.KT5 .A87.K.2;;♣3 ♣7;3
W;NT;N:.8.A98.Q 75.QJ3.. .T2.62.4 .A.JT.K;♣T;♣Q;2
W;NT;N:.Q32.Q.4 K4.T9..7 A9..T.K5 ..A2.J3;♦5;♦Q;4
E;NT;N:T.K.54.8 965..7. 3..KT.T .93..Q7;♣5 ♣K ♣3;♣8;5
S;NT;N:T4.K8..4 Q.AT.Q.Q ..42.K5 5.7.8.6;♦J ♦T;♣4 ♠4 ♠T;2
W;NT;N:K7.3.J2. 5.9.T85. .J..KQJ6 .8..754;♠3;♠7 ♠K;5
N;NT;N:J4.7.Q3. K.Q9..T4 8.4.8.Q9 9.3.4.K7;;♦Q;2
N;NT;N:AKJ...T4 8.5.96.2 5.Q.2.53 .8.A74.9;;♣T ♠J ♠K ♠A;5
N;NT;N:752.4..9 6.8.QT.2 A.K93.8. .A7.7.75;;♣9;4
N;NT;N:3.JT..75 K.K7.K.9 T2..Q.Q2 AJ.Q5..J;;♣5 ♣7;2
E;NT;N:A.2.4.AT T.76..4 8.8.A.5 5.5.K7.;♠Q ♣3 ♥K;♠A;5
W;NT;N:K.K.2.K4 Q5.95..T 4.AQ.K.3 J..A5.5;♥6;♥K;5
S;NT;N:.K5..642 KQJ8...3 4.A..95 .Q3.T.8;♠T ♥J;♣2 ♣4 ♣6 ♥5 ♥K;1
N;NT;N:.AT.JT.4 K95..A.3 J6.K6..J 4.4.64.8;;♣4 ♥T ♥A ♦T ♦J;3
E;NT;N:9..J7.Q9 2.K2..5 .Q.A3.2 3..52.4;♥3 ♣T ♦8;♦7 ♣9 ♦J ♣Q;2
W;NT;N:J9.2.Q.9 T2..JT8. 6.K4.63. .T.K.A6;♠8;♠J;3
N;NT;N:6.4.Q98. T.2.A4.T J3.T9..4 .73.T6.A;;♥4 ♠6;4
N;NT;N:A.KJ.3.6 8.3.9.83 .5.6.AT4 .Q9.J8.Q;;♣6 ♠A ♥K;5
N;NT;N:A.8.5.93 J97..7.J .Q.A.KQ7 8.A72..T;;♣3 ♠A;5
N;NT;N:K5.43..8 .Q.AQ9.4 2..2.J32 J.AJ..T7;;♠K ♣8;3
N;NT;N:..KT5.T2 A4.Q4.A. T3...AJ4 .2.Q762.;;♣2 ♣T;3
N;NT;N:K7.A.9.J 5.654.T. 982..5.4 .J3.3.85;;♠K ♥A ♣J;5
S;NT;N:K.5.K64. 6..T753. 8.3..Q5 .94..AT;♠7 ♥T;♠K;2
E;NT;N:T..65.83 A..K.J6 K.83..A .4.42.9;♠3 ♠9 ♦9;♠T;4
E;NT;N:3.Q94.T. T.T85.. 96.2.2. ..J3.K7;♦K ♠K ♣8;♦T;2
E;NT;N:.AK6.3.6 3.T.4.3 K5..Q.Q .J.87.7;♠J ♥5 ♦J;♥6 ♦3 ♣6 ♥K ♥A;4
E;NT;N:2.KJ7.T. 9.6.Q.7 T7.9.9. A..K7.2;♦2 ♦6 ♣4;♦T;4
N;NT;N:5.Q5.A8. .T76.9.5 2.J.K.T9 K.K3.Q.J;;♦8 ♦A ♠5 ♥5;2
E;NT;N:4.9.QJ.5 T3..6.8 .K6.T.A 9...QJT;♦4 ♥J ♠2;♦J ♦Q;5
W;NT;N:.973.5.Q A6.J.7.6 3.6.A98. T4...J8;♠J;♥3 ♥7 ♥9 ♦5;1
S;NT;N:Q2.6.A8. .JT.2.T2 7..Q7.6 T.7.6.A;♦T ♦9;♦A;5
E;NT;N:Q4.2.K.5 AJ.7..K 8.43.A. 2.K.T.3;♣4 ♠T ♠9;♣5;2
N;NT;N:Q..K943. 8.Q.A.98 T.2.7.A6 K..Q6.T5;;♠Q ♦3 ♦4 ♦9 ♦K;1
S;NT;N:A2...KQ8 4.A92.2. ..A6.42 .73..T5;♠5 ♠7;♠A;5
E;NT;N:.J82..AQ .T6.K4. ..A982. .7.6.72;♠7 ♦T ♠6;♥2 ♣Q ♣A;4
N;NT;N:A.2.765. 72.J..T4 5.53.A4. .9.T.A95;;♦5 ♦6 ♦7 ♠A;4
N;NT;N:QJ.2.T.4 85.87..3 .9.86.A2 .J6.5.KQ;;♦T ♠J ♠Q;5
W;NT;N:8.8.7.Q9 64.J64.. .3.K42.2 .A5.98.;♥2;♥8;2
E;NT;N:Q..A73.6 A.K43.. .T76.Q. 3.9..93;♠9 ♣T ♣8;♠Q;4
W;NT;N:2.AJ3.J. .T7.T.83 AK8.2.6. 9.K.9.K;♥9;♥J ♥A;5
N;NT;N:32.A86.. .73.5.J7 85.4..64 QT.QT.4.;;♥A;1
S;NT;N:.Q6.A4.6 4..T73.3 93..9.8 T.A4..Q;♦6 ♠5;♦A;2
E;NT;N:.Q9.T8.6 .T2.9.7 .54..T2 A.6.4.8;♦6 ♦5 ♣A;♦8;5
E;NT;N:J7..5.82 .53.2.K 32.7.8. 84.9..3;♦6 ♦3 ♦9;♦5;1
N;NT;N:8.J2..92 .K.Q.J76 K.A..AK8 T9..85.3;;♣2 ♣9;5
W;NT;N:2.Q.9.J6 JT.J5..K 8.7.A5.5 974...3;♥2;♥Q;3
W;NT;N:Q3.3..94 7.J82..2 .A.AKJ6. 9.4..73;♥7;♥3;5
E;NT;N:Q.Q85..8 .J32..J 85..A.2 9.4..AQ;♣K ♣3 ♦Q;♣8;2
W;NT;N:4.J.K5.3 72..98.7 KT.62.A. 5..Q.QT;♣A;♣3;2
E;NT;N:.3.83.94 2.7..32 K..A2.T 9.Q2.K.;♥A ♠5 ♠4;♥3;2
N;NT;N:97.6..KQ Q43...52 K.74.A.8 62.KQ..J;;♣Q ♣K ♠7 ♠9;4
S;NT;N:Q5.96.7. 8.A.93.6 T.5..A7 .J8.54.;♠J ♣9;♠5 ♠Q;4
N;NT;N:4..9853. 9.6.A6.J 73.KJ9.. T8.8..32;;♠4;1
S;NT;N:A.K.K.K3 93.8.6.4 K..T.A8 J.3..92;♦8 ♠Q;♦K;5
N;NT;N:T.T3.A4. J.6.KQ.6 5.A2.2.3 ..5.Q954;;♦A ♥3 ♥T;3
N;NT;N:5.KJ7.T. 8.2..AK8 J2..5.J4 K74.4..6;;♥7 ♥J ♥K ♦T;4
W;NT;N:9.A.4.64 4.2.83.9 K.6.J.K2 .9.T9.A;♦A;♦4;1
S;NT;N:94.5.Q.8 Q7.8..A4 K.T3..2 .7.2.T7;♠3 ♠2;♠9 ♠4;2
N;NT;N:4.9.T2.T QT.6..96 2.J.76.K .8.4.J82;;♥9 ♦2 ♦T ♣T;4
W;NT;N:.J2.7.T9 Q.8.A98. A.3.J3.A K4.A..J;♥7;♥J;4
E;NT;N:3.Q4.A2. T..53.3 72.3.J. Q95...2;♥7 ♥5 ♥T;♥Q;4
W;NT;N:3.AK.54. .3.T.843 6.J.6.A7 Q.Q9.3.;♦A;♦4 ♦5;3
E;NT;N:K6.J3.3. .T.Q.Q2 82.A.J. T.5.2.3;♦T ♠5 ♣K;♦3;1
N;NT;N:J.6.2.AJ QT.KJT.. .A2.T.Q8 K65..6.7;;♦2 ♣J ♣A ♥6;4
N;NT;N:8.7.93.4 K5.QJ.7. 6.3.K65. AQ.2..T5;;♦9;3
E;NT;N:K.9.A94. 74...76 T92...5 ..85.KQ;♠3 ♥8 ♠6;♠K;5
E;NT;N:.K873.J. 93..7.T AK.Q.3. ..T4.84;♥A ♦2 ♥9;♥3 ♥7 ♥8 ♥K;3
S;NT;N:5.A7.J3. .543.A.J 9.Q.72. J2..9.K;♣8 ♣T;♠5;3
S;NT;N:A3.A7..K .862.6.3 .K.K.A6 K5...84;♦4 ♣5;♠3 ♥7 ♠A ♥A;4
W;NT;N:.A9.84.4 54.Q8.J. J.J2..A5 ..A9.T3;♥4;♥A;3
N;NT;N:82.A5..3 T.4..J84 .QJ82.2. 3.7.4.A7;;♥A;4
E;NT;N:.7.K43.2 3..Q.QT A..9.J7 QJ2..7.;♥K ♣K ♥J;♥7;3
S;NT;N:Q3..J.J3 K2.T4..Q 5.62.4. 9.85.3.;♣8 ♦2;♣3 ♣J;1
S;NT;N:7.J5.5.3 KT.2.A.A .94.Q.2 8..7.KT;♥T ♦6;♥J;3
S;NT;N:9.97..82 .AT2..53 A2.3..K T...A74;♦2 ♦A;♥7 ♥9;2
W;NT;N:8.Q7.Q.9 .J4.A62. 7.KT.9.4 942.2..;♦T;♦Q;2
S;NT;N:.Q6..J95 A.5.3.KT 7.4.AK. .A.Q.A8;♠T ♣4;♣5 ♣9 ♣J ♥6 ♥Q;1
W;NT;N:J.6.4.87 .QJ3..J5 T3.4.2.K 2.52..4;♠6;♠J;4
S;NT;N:.6.5.654 K.542..9 T4..7.3 .Q.6.KJ;♠A ♦8;♣4 ♣5 ♣6 ♥6 ♦5;4
W;NT;N:4.A82..Q K9.4..86 J3..84.3 .T.QT.2;♣5;♣Q;4
N;NT;N:KJT8.5.. .6.K82.K 72.J4.6. 5.T9.A.3;;♠8 ♠T ♠J ♠K ♥5;5
W;NT;N:5.5.5.74 93.7.T.8 Q6.96..Q J.K8..9;♣3;♣4 ♣7;2
W;NT;N:KJT.43.. 96.5.A.T 3.QJ86.. .9.K.J2;♠5;♠T ♠J ♠K;5
W;NT;N:7.A.97.3 ..5.AK82 AJ..AQ.4 93..3.T;♠6;♠7;4
E;NT;N:8.A2.97. 94..8.4 J.9.4.J ..AQJ.2;♥3 ♠3 ♣3;♥A;4
E;NT;N:Q..K4.92 .J.A3.6 6.A..Q7 ..75.54;♦8 ♣K ♠7;♦K;5
S;NT;N:76.T..43 Q.Q.2.96 K.9.4.7 .73.T8.;♣A ♣K;♣3 ♣4;2
N;NT;N:A.K.Q6.8 K.A3..K3 .8.K52.5 T3.T.A.9;;♠A ♥K;1
E;NT;N:4.T9..62 .8.85.A 8..AT.T A..6.K4;♦9 ♣9 ♠9;♣2 ♣6 ♠4;2
S;NT;N:...AQJ32 .Q.7.987 82.2.8. J.6.2.4;♠5 ♦A;♣2 ♣3 ♣J ♣Q ♣A;3
N;NT;N:.9.3.A63 A.Q.AJ7. 84.J.6.Q J.8..J97;;♣3 ♣6 ♣A;1
W;NT;N:7.A2.5.A A.J..975 .7.T.J43 8.65.9.;♣8;♣A;4
W;NT;N:A8.T.K.5 J5.2.Q9. 2..7.JT2 T3..6.Q;♥K;♥T;2
E;NT;N:2.3.AT.A .J2.Q2. 76..J.7 .K8.4.9;♣3 ♥5 ♠5;♣A;4
S;NT;N:.Q4.74.T .3.A.983 62.65.. Q..T98.;♥9 ♥J;♥Q;4
N;NT;N:A4.9.A.T 8.AJ4.K. T..5.Q63 ..QJ2.J2;;♦A ♠4 ♠A ♣T;4
N;NT;N:.32.A.T9 7.T4.9.5 AK.6..J8 T86.9.Q.;;♦A ♣9 ♣T;5
S;NT;N:754.A.Q. .9.J.T85 2..A7.Q AJ3..3.;♥4 ♥3;♥A;4
E;NT;N:Q.2.Q.J4 .3.J3.2 4..8.T5 8.K6.K.;♦2 ♣3 ♠K;♦Q;4
S;NT;N:A..973.2 96.T..86 .765.5. Q2...A5;♦Q ♠8;♦3 ♦7 ♦9;4
W;NT;N:984..4.6 72.2.J.K J6.T5..2 .K.AK.Q;♥6;♦4 ♣6;4
E;NT;N:8.QJT.7. K.73.K. Q6.6.T. J2.K.2.;♣6 ♣5 ♣3;♥T ♥J ♥Q ♦7 ♠8;1
W;NT;N:A7.AK.Q. T52..9.9 J64..2.K ...AT65;♠Q;♠A;5
W;NT;N:2.Q2..86 .A5.AK8. Q7.3.6.9 J.86..T;♣5;♣6 ♣8;3
W;NT;N:Q.T98..7 3..73.84 K8.K.Q.9 7.5.8.Q;♣J;♣7;3
W;NT;N:3...T652 6.T.Q2.7 T7.Q.5.Q .4.J.AJ;♥7;♣2 ♣5 ♣6 ♣T ♠3;3
W;NT;N:63.A.T4. AK2.6..8 .K.QJ.A4 5.4.5.J;♣3;♠3 ♦4 ♠6 ♦T ♥A;4
S;NT;N:A.T.KT7. J.Q86.A. 84.9..4 .J.J4.K;♦6 ♠K;♦7 ♦T ♦K;1
N;NT;N:8.K9..85 52.6..JT 7..AK5.A 4.QT.7.9;;♠8 ♣5 ♣8 ♥K;5
N;NT;N:Q..743.K 3..6.JT6 9.T.5.82 J.9.9.93;;♠Q ♦3 ♦4 ♦7;4
W;NT;N:K3.6.6.8 7.4.9.A4 .T8.43.2 ..AQT.T;♠2;♠K;4
N;NT;N:4...AJ84 A.43..Q3 Q2.K.T3. K5.7..72;;♣A ♠4 ♣4 ♣8 ♣J;3
N;NT;N:72.72..2 .5.J4.Q7 K.T9.K.J A98.3..A;;♥2 ♥7;3
S;NT;N:A.873.T. J..J43.Q ..9.K82 Q5.6.K.;♣7 ♠3;♥3 ♥7 ♥8 ♦T;3
W;NT;N:9.Q.J.87 .6.72.KT A7.T.A.3 K.7.3.6;♠J;♠9;3
S;NT;N:3.A7.A.9 J6.Q.6.5 2.K.K.K 7.9.Q.3;♣2 ♣A;♣9;2
N;NT;N:84.J84.. K.6.4.JT Q.7.K3.6 9.53..94;;♥4 ♥8 ♥J;3
E;NT;N:5.K..A97 A.A..K3 9.8.T.T J..82.5;♠T ♦3 ♠2;♠5;2
E;NT;N:654.8.K. .K2.5.8 92..T.J 8.7.9.5;♣3 ♦A ♣A;♠4 ♠5 ♠6 ♥8 ♦K;2
W;NT;N:64.87.6. ..4.AK52 .T5.J7.T .9.K53.;♠9;♠4 ♠6;3
S;NT;N:JT8.A.Q. K2.Q.7.5 ..86.J8 .9.K2.4;♥8 ♥5;♥A;3
W;NT;N:3..75.74 T.65.8.J .9432..A 8..2.K9;♠7;♠3;2
N;NT;N:9.J9..A4 4.K.J94. J6..85.2 .A7..QT5;;♠9 ♣A;3
E;NT;N:K.J73..9 3.A.J.8 ..T87.A 4.4.5.T;♣4 ♣3 ♣2;♣9;3
N;NT;N:QJ..87.Q T.Q5.2.A .432.9.T 2.AT.4.7;;♠J ♠Q;4
N;NT;N:9876.2.. 5.KT6..T K.8.T3.A 3.94.82.;;♠6 ♠7 ♠8 ♠9;3
W;NT;N:Q.J.Q54. .K96..T7 T7.32..J A.5.J.8;♣2;♦4 ♦5 ♦Q ♥J ♠Q;1
S;NT;N:.K.9.J43 82.6.AT. T9.Q..T .J3.2.5;♥8 ♦7;♥K;5
S;NT;N:7.96.4.Q Q6.7..63 .K5.9.4 .Q2..J7;♣2 ♠K;♣Q;4
W;NT;N:A4..4.98 J.2.Q52. T76..A.5 .K7.98.;♣T;♣8 ♣9;2
S;NT;N:9.52.6.J J5.4.3.K AT.J6.. .T8.8.6;♦7 ♠3;♦6;3
S;NT;N:4.T.2.84 6.6.93.A 2.5.K.9 K.Q9.5.;♣6 ♣J;♣4 ♣8;1
E;NT;N:.A.T95.4 3.5.7.7 J96.3.. Q..K3.K;♣8 ♣9 ♦6;♣4;2
N;NT;N:6.K3.54. 43.8.A.J 8.6.T6.K J5..987.;;♦4 ♦5 ♥K ♠6;2
W;NT;N:54.A.3.6 .J2.QJ.2 3.5.A7.3 7.7..A4;♣8;♣6;1
W;NT;N:Q.AQ.J8. 64.3.Q.3 .64.AK6. .8.4.98;♣K;♦8 ♦J ♥Q ♥A ♠Q;2
N;NT;N:T3.A.5.A 9.KT.T9. 6.42.A.7 4.J9..43;;♠T ♥A ♣A ♦5;5
E;NT;N:J9.T..82 5.Q9.6. T.85.7. .32..94;♦T ♣5 ♦A;♠9 ♠J ♥T;1
S;NT;N:63.A8..6 ..J9.J85 Q..3.A3 8.T2.T.;♣2 ♣7;♣6;2
N;NT;N:T7.4.95. .73..863 843..63. 5.T.Q.52;;♠T;3
E;NT;N:.T43..72 K.2.T8. Q.8.J.5 A3..Q2.;♥K ♥A ♠9;♥3 ♥4 ♥T;5
E;NT;N:A93..T6. J5.32.. 7.T..AJ KQ..A.2;♥7 ♥6 ♣Q;♠3 ♠9 ♦6 ♦T;2
W;NT;N:T.9.A3.7 Q.T8.Q.Q .J.T8.T5 K96.K..;♥3;♥9;3
N;NT;N:QJ.Q6..9 .J..JT64 2.9.4.K3 .K84.T6.;;♣9 ♠J ♠Q;3
N;NT;N:.8.Q.J75 63.J63.. 5..T2.32 A.K.76.Q;;♦Q ♥8 ♣5 ♣7 ♣J;2
E;NT;N:954.8.J. KT..Q.7 8.2.94. A.53..K;♦5 ♣9 ♠J;♦J;2
E;NT;N:6.K8.A9. .A.K.87 KQ.3.7. .T.Q2.T;♣5 ♥4 ♠T;♠6 ♦9 ♥8 ♥K;1
W;NT;N:.K.94.J4 K.Q..AK3 543..5.9 .5.A.T2;♦8;♦9;2
W;NT;N:8.K.Q.A9 K7.A6.3. T.Q.A.Q5 ..JT9.8;♣J;♣9 ♣A;3
S;NT;N:A9.5.J.6 63.8.5.7 2.J6..Q .T.8.J9;♣K ♠4;♣6;5
E;NT;N:A6..AK.8 .K8.9.5 KQ83... .J2..72;♦2 ♠T ♣6;♦K ♦A;5
E;NT;N:T.Q4.A.J K.92.3. 6..K5.9 4.T3..8;♥7 ♥6 ♣Q;♥Q ♥4;3
E;NT;N:3.4.62.4 .6.A8.3 .JT..KJ 9.2.97.;♠7 ♦J ♦4;♠3;1
N;NT;N:..Q2.753 3.98.4.2 8..873.J AK.2.T.8;;♣3 ♣5 ♣7;5
S;NT;N:2.9.9.Q8 .4.52.64 95.Q5.. Q.2..T2;♥7 ♣J;♥9;4
E;NT;N:..K7.Q97 .Q.4.T2 .J.A82. 87..3.4;♠Q ♠A ♠J;♣7 ♣9;5
W;NT;N:AK6...96 .54.Q7.4 4.T9.94. 3.62..7;♣5;♣6;5
W;NT;N:.A.92.A5 A.Q7.T.6 Q6.2.Q.T T7.K..8;♥6;♥A;5
W;NT;N:J8.2..Q3 K.97.K.9 T.3.A9.6 9.A..K7;♣T;♣Q;1
S;NT;N:.6.Q73.3 7.72.8.6 A.3.9.5 KT.J..2;♦K ♥T;♦3 ♦7;4
W;NT;N:..K4.A96 K.2.T3.Q 8.84.J.8 9.T5..J;♠4;♦4 ♣6 ♣9 ♦K;1
W;NT;N:Q83.K.5. 9.8.8.A9 KT.2.T.Q .J3.A7.;♥T;♥K;4
S;NT;N:83..8.T3 T7.72.Q. Q..KT9. .JT..Q4;♥4 ♠6;♠3 ♠8 ♦8;1
W;NT;N:8.J.K7.Q .32.A6.J Q.98.4.6 4.T.JT.;♣9;♣Q;4
E;NT;N:76.9..T7 .A.A8.K T2.K..9 .T87.7.;♥2 ♦K ♠3;♥9;3
S;NT;N:7.7.AJ.2 3.2.85.6 .T.K9.3 T9.3..5;♠Q ♥6;♠7;4
N;NT;N:.AJ85..6 842.T.A. A.3.9.J2 K.K9.J.3;;♣6;5
N;NT;N:7.3.642. .74.9.A5 Q9.9..93 62..Q.T4;;♠7 ♥3;3
N;NT;N:A.T.K9.5 7.Q9.4.J .6.6.T83 Q.3.7.96;;♦9 ♦K ♠A;3
N;NT;N:Q8.3.J.4 .K65..J6 A54..Q.A 3.A8.4.T;;♣4 ♦J ♠8 ♠Q;5
E;NT;N:6.6.K.A3 .87.9.6 2..3.T4 T4..T.9;♣7 ♣8 ♣K;♣A;4
W;NT;N:.JT.Q8.5 43..K.73 T8.2.9.8 5.9..J6;♦3;♦8 ♦Q;2
S;NT;N:.64.75.A J.T7..97 ..2.JT3 K7.Q5..;♠Q ♦J;♣A;5
W;NT;N:AKQJ..6. 9.84.8.6 3.AJ.J.8 .Q.7.Q2;♥3;♠J ♠Q ♠K ♠A ♦6;5
N;NT;N:Q9..T5.8 6.AQ..96 .95.A7.Q KJ8.J..3;;♣8 ♦5 ♦T;3
N;NT;N:K42.8.6. .A5.A2.A T3.2..72 Q.J.5.T5;;♠K;3
S;NT;N:AT4.7.T. Q.A.AQ2. K.Q4.4. 3.6..65;♣2 ♥3;♥7 ♦T;4
S;NT;N:8..AQ4.K K.83..92 4.J..85 Q..T5.Q;♠9 ♣6;♠8;4
E;NT;N:3.Q.54.J QT7...5 J.6..97 6..96.Q;♥5 ♥7 ♦7;♥Q;1
E;NT;N:A.74.74. .K.K.K8 4.A.QJ. J...AQ5;♦6 ♠5 ♠T;♦7;4
E;NT;N:Q3..42.4 8.3.KJ. T.97.A. .4..862;♠9 ♠J ♦3;♠3 ♠Q;5
S;NT;N:T3...876 Q.J9.64. .75.2.A 6..T5.T;♦7 ♥3;♣6 ♣7 ♣8 ♠3 ♠T;2
N;NT;N:.J953.A. 7432.K.. JT..96.Q 9.2.Q5.8;;♥3 ♥5 ♥9 ♥J ♦A;4
E;NT;N:4..J632. ..T.J32 .3.Q.QT AK..K.8;♣6 ♥4 ♥Q;♦2 ♦3 ♦6 ♦J ♠4;1
W;NT;N:.965.T.6 K3.4.2.T 7.K.65.8 ..84.AJ;♠2;♥5 ♥6 ♥9 ♣6;1
W;NT;N:K98...J9 T2.T9..A 43.Q5..Q .87.AK.;♦8;♠8 ♠9 ♣9 ♣J;2
S;NT;N:..AQ83.9 8...AQT4 6.T.2.2 72.Q..7;♠T ♦K;♣9;5
E;NT;N:98.52..K .Q..Q84 K.8..93 .K.A5.5;♥9 ♠6 ♣A;♥2 ♥5;1
N;NT;N:52.J..K9 J43...T6 A98.2.Q. ..A9542.;;♠2 ♠5 ♣K ♥J;5
S;NT;N:.5.KQJ.9 A3...T84 5..6.Q5 J..82.3;♥6 ♦5;♥5;5
N;NT;N:J83.6.6. KT2.2.8. 5..AJ3.Q Q..95.K5;;♥6;4
W;NT;N:.A.5.962 J.42..73 K4.J.A.K A7.Q.K.;♦3;♦5;5
E;NT;N:98.3.J.6 5.2.86. A2.4.Q. .T.2.QT;♠K ♦T ♦9;♠8 ♠9;1
S;NT;N:AQ.A9.8. 3.QT..A9 K..JT.7 .73.5.8;♦4 ♠9;♦8;5
S;NT;N:K85..85. .6.Q.T52 9.3..AK 3.87..9;♥5 ♠Q;♠5 ♠8 ♠K ♦5 ♦8;3
N;NT;N:765..K.7 4.K.QT.5 .T.AJ9.T Q2.4.52.;;♦K;4
E;NT;N:.T.T4.AQ .3.98.9 9.8.K.7 5..7.J5;♦Q ♦2 ♦6;♦4 ♦T;4
W;NT;N:7.87.6.8 2.A.54.A T5..3.53 K..KQT.;♦2;♦6;1
W;NT;N:7.86.T.7 3.A.J2.3 .K42.A6. J.J.Q.5;♦3;♦T;2
W;NT;N:K.T.42.9 T5..K.Q3 Q.K.J8.2 7.6..AK;♠9;♠K;2
E;NT;N:7.J4..Q4 43..K.6 9.Q..A3 J.5..K2;♥T ♣7 ♠5;♥J;4
E;NT;N:K..7.A43 7.5.K4. J.42.6. 52.9..2;♣6 ♥A ♥T;♣A;4
S;NT;N:4..AJ.Q9 .6.84.K7 K.7.2.6 6.8.96.;♠9 ♣A;♠4;4
E;NT;N:.QT.2.Q2 A7..Q.3 3..5.K7 Q6.J3..;♣J ♣A ♦4;♣2 ♣Q;3
N;NT;N:8...QJ65 3.A.Q7.K A..A.A93 KT5.T..T;;♣5 ♣6 ♣J ♣Q ♠8;5
W;NT;N:..J92.A6 A..K7.Q2 J3..T6.J 654.4..;♥Q;♦2 ♣6 ♦9 ♦J;1
W;NT;N:Q865...A .9.A65.J ..T84.K6 .KQ3..5;♠J;♠Q;5
N;NT;N:765.Q.T. 2.7.4.K8 A8.2.5.T T.K.Q7.J;;♠5 ♠6 ♠7;2
W;NT;N:QJ..6.64 .A.3.982 T52.J..K .9.4.T5;♠9;♠J ♠Q;5
S;NT;N:73.J4..4 2.K8.Q.J ..J63.9 AJ.7..A;♠4 ♥T;♠3 ♠7;1
E;NT;N:4.3.J84. .5.K.J4 6.94..3 .A8..96;♠2 ♥7 ♥6;♠4;1
W;NT;N:.A3.Q5.K .97.T6.7 6.J5..64 .Q.84.A;♠A;♦5 ♣K;3
E;NT;N:Q.83.8.A J.T7.3. 2..2.Q3 T..J.84;♦4 ♦7 ♣K;♦8;3
W;NT;N:AQ.5..K5 97.8.J.8 63.T.9.4 .K..QJ9;♥A;♥5;3
E;NT;N:.K.932.2 .A.A5.6 T2..6.K 85.3..5;♥9 ♥T ♣8;♥K;3
W;NT;N:Q.A.J7.9 J.4.A5.K 53..4.62 .9.92.5;♠6;♠Q;3
E;NT;N:A.T82.A. 9.Q.8.K 54...Q3 ..65.52;♥9 ♣7 ♣T;♥T;3
N;NT;N:.43.K54. T5.J2.7. 2.T.A9.3 .A5.T.A9;;♦4 ♦5;3
S;NT;N:KQ..6.92 .AT.A.K6 T.93.7. 4.K7..4;♠3 ♠7;♠Q ♠K;2
W;NT;N:.Q.J65.6 94.K.98. A3..T4.9 .873..T;♥5;♥Q;4
S;NT;N:.4.7.T86 KQ.75.T. .6.6.AJ 2..A.Q4;♣K ♠8;♣6 ♣8 ♣T;2
W;NT;N:KQJ.4.Q. .KJ..KJT 7.8.A6.7 .A.954.;♦8;♦Q;4
S;NT;N:94..AQ8. .K8.62.A K..J9.T Q.73..9;♠6 ♣7;♠4 ♠9;5
W;NT;N:A4.A.Q.8 2.95.7.K T87.T..2 K3.6..4;♦4;♦Q;3
W;NT;N:Q.93.8.Q 82..53.7 5.4.JT.J A..Q74.;♥T;♥3 ♥9;2
W;NT;N:5..3.K84 6.K974.. J8.J.8.2 .Q.6.T9;♠T;♠5;4
E;NT;N:K8..J.KQ 7.J3.6. Q2..5.6 .Q9.3.2;♥T ♦4 ♥2;♠8 ♠K ♣Q ♣K;2
S;NT;N:3.9.Q.74 Q.J7..QJ T7.K4.. J2.6.T.;♠A ♣K;♠3;3
W;NT;N:97..A.T5 .5.8.973 K5.KT.3. A2.9.2.;♥8;♣5 ♠7 ♠9 ♣T;4
N;NT;N:42.Q..AK T9.J2.K. 6.95.T.4 Q7.3.A4.;;♥Q ♣K ♣A;3
W;NT;N:..643.Q8 84.2.A.7 5.5.J5.2 J.K8.9.;♦2;♦3 ♦4 ♦6;1
W;NT;N:.K8.94.T 9..6.J74 T..QT.92 K.75.J.;♦7;♦4 ♦9;4
E;NT;N:7.Q..JT5 .AKT.9. T86...6 93..8.2;♦2 ♦A ♣A;♠7 ♥Q;5
S;NT;N:8.2.4.J5 T4..T6.T Q7.9..2 J2.T.J.;♦9 ♠3;♦4;2
W;NT;N:.5.5.Q53 2..K7.J4 3...KT62 A.3.9.7;♣A;♣3 ♣5 ♣Q;1
S;NT;N:6.7.T.J9 7.A4.62. A4...K2 .9.54.8;♦K ♦8;♦T;5
S;NT;N:4..AK72. 9.2..T93 .93.Q3. 8.K..Q2;♣J ♥8;♠4;5
N;NT;N:96..A7.J .K86.K4. 2.A.Q2.K 5.J4.J.T;;♦A ♣J ♠6 ♠9;5
N;NT;N:.K8.9.T5 .JT.3.42 T9.64..3 8..K5.K7;;♥K ♦9;2
S;NT;N:T.42.A.7 .Q.J5.K5 ..T.AT4 Q.7.2.6;♠6 ♥8;♠T;5
E;NT;N:K2.6.K.6 .5.2.A3 .J8..K7 J5..6.J;♦Q ♥3 ♦J;♦K;4
E;NT;N:K..KT7.4 42.6..5 Q..4.T7 6.A.A3.;♣J ♦5 ♣9;♣4;2
W;NT;N:Q.T4.8.T .K.KJT.A J.8.A4.3 .3.7.42;♦Q;♦8;2
S;NT;N:K.8.9.32 T.4.82.9 .AQ.Q.4 63..7.J;♦4 ♣6;♦9;5
N;NT;N:K.A7.3.6 T84..4.7 .8.T97.4 A6.3.82.;;♦3 ♥A;5
S;NT;N:2.6.9.K3 T.Q2.5.5 .4.7.J8 3..Q2.6;♥5 ♠Q;♥6;1
S;NT;N:J9.8.K.K Q2.Q6..A ..T6.J9 .A.A4.4;♠A ♣2;♠9 ♠J;1
S;NT;N:.KJ4.A9. T974...3 K..QJ.Q 8.3.4.A;♣T ♠2;♦9 ♥4 ♥J ♥K;5
N;NT;N:K.7.2.A7 AJ2...Q9 T..AK9.6 .4.85.T4;;♣A ♦2 ♥7;5
N;NT;N:.8.J.KJ6 2.T..975 J.4.T93. 7.2.K8.8;;♥8 ♣J ♣K;3
S;NT;N:6.862.Q. J.T9.J.8 .KJ.4.3 .Q4.K2.;♦3 ♥3;♦Q;2
E;NT;N:A5.4.7.7 J8..A.4 .T.T93. 6.J3.5.;♣K ♠7 ♥9;♣7;1
S;NT;N:Q3.K9.J. .A4.65.8 .3.Q2.A 9.2.3.4;♠2 ♣J;♠3;4
N;NT;N:T2.K5..A A6.3.J3. J7.9.AT. .A..Q963;;♠2 ♠T ♥5 ♥K;3
E;NT;N:T7.9.K.T Q.3..Q4 2.AT..A 96..95.;♦T ♣3 ♠5;♦K;4
E;NT;N:7.Q2.K6. .J.AJ3. 3.T8..Q J85..7.;♦Q ♣9 ♠T;♦K;4
E;NT;N:5.53..83 K43...2 62.2..K 9.76.7.;♣6 ♦4 ♣7;♣8;2
N;NT;N:.T8.Q.J7 6.Q6.95. 3.95..QT J92..T.K;;♣7 ♦Q ♣J;1
N;NT;N:2.A7..42 .Q6.7.Q9 A73..J.8 J.2..J75;;♥A;5
E;NT;N:K8.T.T.3 4..732. .A.6.K5 6..A.Q2;♦4 ♥5 ♠2;♦T;5
S;NT;N:.A54.A.4 52.2.9.2 J..J76. Q..8.J5;♦K ♣8;♦A;4
N;NT;N:.AJ.Q.65 K8.74..7 J52..4.K .T32.65.;;♣5 ♣6 ♥J ♥A;5
N;NT;N:8.K.A.J7 3.T.KT.5 7.7.76.K Q.3.J.93;;♥K ♣7 ♦A ♠8;4
E;NT;N:3.QT2.9. ..QT.KQ .A..753 KQ.7..T;♥8 ♠T ♣6;♥T ♥Q;2
N;NT;N:8.2.J73. .6.A8.54 3.T3.4.8 .J5.96.T;;♠8;1
W;NT;N:.T543.J. .K86.KT. KT..98.A 86..A7.;♣5;♥3 ♥4 ♥5 ♥T ♦J;3
E;NT;N:6..8.K63 .J964.. K7.8.4. ..K62.9;♣Q ♠3 ♠J;♣K;3
W;NT;N:T5.4.J9. J74.K.2. 2.Q5.K8. ..A7.Q4;♦4;♦9 ♦J;2
N;NT;N:.64.A.Q9 Q.975.9. 853..T.4 62.83.7.;;♦A ♣9 ♣Q;3
W;NT;N:K2.4.6.2 T..85.Q7 .AQ.4.K4 53.T2..;♥8;♥4;3
N;NT;N:J9..A64. 5.Q4.2.T .JT9.8.J 86..Q93.;;♠9 ♠J;4
S;NT;N:A4.T.Q6. ..KJ.J95 9.7..K4 5.3.4.7;♥Q ♥J;♥T;5
N;NT;N:7.KJ..Q3 KJ98.6.. ..7.T642 Q3.83..K;;♥J ♥K;2
S;NT;N:T4.5.8.2 Q.2.Q9.Q ..T.KJ7 83..7.4;♦3 ♣6;♦8;2
S;NT;N:T..63.T8 93..92.3 Q..4.J6 42..A8.;♣5 ♣2;♣8 ♣T;4
E;NT;N:J8.93.9. .A6.K.4 .42..98 3..5.J6;♦8 ♦Q ♥7;♦9;2
E;NT;N:K8.4..53 3.9.4.8 Q..72.J T.87.6.;♣7 ♦3 ♦T;♣3 ♣5;3
N;NT;N:94.K8..9 Q6.6.8.T 3..62.KJ ..54.Q72;;♥8 ♥K;3
N;NT;N:2.2.64.A A85.9.A. 9.4.2.T3 3.7.KT8.;;♣A;1
S;NT;N:T5.J..43 96.43.8. A3..J4. .KQ.2.K;♠J ♣T;♠5 ♠T;5
E;NT;N:A..954.8 .8.6.74 632..T. .5.A.Q2;♣5 ♥9 ♥4;♣8;2
N;NT;N:.J4.9.84 T..T75.6 AJ2...97 84.5..K3;;♣4 ♣8 ♥J;4
E;NT;N:J97.7..T T.J9.2. 3.5.K9. Q4..Q8.;♣K ♥Q ♣7;♣T;1
E;NT;N:.762.Q.T 7542... .Q83.3. 8.K..85;♣2 ♠T ♥5;♣T;2
E;NT;N:.9.Q6.Q7 5.6..92 A86.T.. 3.5.T.J;♣5 ♠4 ♦A;♣7 ♣Q;5
S;NT;N:9.8.AT.4 T2.T7.Q. K5...86 .42.4.Q;♣J ♥3;♣4;2
N;NT;N:7.J4.6.J KQ8.3.8. T.T98..A .6.4.T64;;♥4 ♥J ♣J;4
S;NT;N:42.Q..75 85.5..32 9.T6.3. ..Q7.Q8;♦8 ♦2;♠2 ♠4 ♣5 ♣7 ♥Q;4
E;NT;N:94..Q9.7 3.95..Q .K2.87. .8.6.A9;♦2 ♠7 ♠5;♦9 ♦Q;4
W;NT;N:..543.93 T7.K8..8 J.2.2.75 2.A.8.6;♥7;♦3 ♦4 ♦5 ♣3;2
N;NT;N:3.K5.32. .A9.Q54. 7.2..962 Q2.8..AT;;♦2 ♦3;1
S;NT;N:7..A6.K3 .7.K5.Q6 .8.T4.T JT...42;♦Q ♠4;♦A ♦6;3
E;NT;N:74.T2..7 .8.Q.K4 .Q7..AQ 5.J3..T;♦K ♥9 ♣2;♥2 ♠4 ♠7 ♣7 ♥T;2
N;NT;N:2.AKJ.K. 93.4.2.3 5..QJT.Q QT8...K7;;♦K ♥J ♥K ♥A;4
E;NT;N:J.4.T6.8 T7..2.Q 3..83.4 .Q7..J2;♣5 ♥9 ♦J;♣8;4
E;NT;N:6.85..J7 ..84.43 A.T.Q.5 T.A2..T;♥K ♣2 ♥4;♥5 ♥8;4
W;NT;N:A..542.6 .86.Q.J3 765.T..A J..83.K;♥J;♦2 ♦4 ♦5 ♣6;2
E;NT;N:.AQ2.K6. .4..Q54 2..3.J9 3.87..3;♠J ♣7 ♥6;♥2 ♥Q ♥A ♦6 ♦K;3
E;NT;N:K8..KT.K 7.T5..Q .J.82.9 3.4.4.7;♠4 ♦3 ♣T;♠8 ♠K;5
E;NT;N:.74.9.Q3 62.T.6. 8.5..95 ..J5.62;♠J ♠A ♦2;♣3 ♥4 ♦9 ♥7;4
S;NT;N:2..KQ6.9 9..A4.62 .3.3.Q8 8..T9.K;♦J ♥J;♦6;2
N;NT;N:J.AJ..96 AT2..AJ. 63.9..Q8 Q9..93.7;;♣6 ♣9 ♥J ♥A;4
N;NT;N:AQ6...Q5 T.53.97. J.2..T63 .4.KQ3.8;;♠6 ♣5 ♠Q ♠A ♣Q;5
W;NT;N:.6.9.KT6 Q4..3.Q3 96.A.Q.J 52.2.K.;♠8;♥6 ♣6 ♣T ♦9;3
W;NT;N:A.3.A3.2 .5.T82.8 T..KJ64. 7.K92..;♦Q;♦A;5
S;NT;N:K4..T6.A .742.8.8 JT...32 97..9.T;♦2 ♥A;♦T;5
N;NT;N:4..A.JT9 Q..9432. K97.4.6. .8.J7.65;;♠4 ♣9 ♣T ♣J ♦A;5
E;NT;N:K4.A..64 .J.AQ.T 2..76.K 6..KT8.;♣2 ♠A ♥K;♣4 ♣6;5
S;NT;N:Q84.3..8 .KJ.KT.9 AK..8.K 3.7..54;♦Q ♥9;♥3 ♠4 ♠8 ♠Q ♣8;1
N;NT;N:87.2.A7. A.8.96.T 4.9.32.Q Q.5.QT8.;;♥2 ♠7 ♠8;4
N;NT;N:.K3..JT9 K.A4..K6 74..J6.A 5.7.K5.4;;♣9 ♣T ♣J;2
S;NT;N:..A93.T5 4.7.J.J8 T.T6..3 53..K.A;♣2 ♦6;♣T ♣5;3
N;NT;N:4..82.94 6.9.AJ.A 8.A2..KT K..975.2;;♠4;1
E;NT;N:93..7.65 .4.3.J2 .Q75.J. 85..6.8;♣7 ♦5 ♦A;♣5 ♣6;2
N;NT;N:..9.Q852 5.62.A.4 T.Q.K8.9 .873.Q.6;;♦9 ♣2 ♣5 ♣8 ♣Q;4
W;NT;N:984..8.K Q..Q3.Q5 .K.K42.6 T63...T;♣A;♣K;1
N;NT;N:..KT95.5 7.A.Q4.4 8.Q3.3.8 A.2.8.A9;;♦K ♣5;1
W;NT;N:9.98.A.A A52.5..Q .Q3.32.3 Q..7.64;♦9;♦A;4
N;NT;N:T.K5.T.5 Q7.8..74 .97.5.KT 962.2.A.;;♥5 ♥K ♣5;4
E;NT;N:6.A.2.K5 ..Q.T86 .4..J93 K.2.T4.;♣7 ♥8 ♦8;♣K;4
E;NT;N:.865..Q8 .92.QT. A.4.K.T 2.T3.A.;♥7 ♣J ♣2;♥8;3
E;NT;N:KJ.Q73.. 52..9.K T97...4 8..J2.3;♦4 ♥6 ♥8;♥3 ♥7 ♥Q ♠J ♠K;1
E;NT;N:.984.T.A AK.5.7. 95.T.J. .J6.K.T;♠8 ♣8 ♠T;♥4 ♥8 ♥9 ♦T ♣A;1
N;NT;N:6.5.QT.T T.Q3..42 Q87...86 J.9.K.J7;;♠6;3
S;NT;N:5.7.76.5 432.J.5. 7.T.2.7 .K98.T.;♠A ♦4;♠5;3
E;NT;N:4...Q972 A..T.63 3.6.Q.5 K.84.6.;♣K ♠J ♦5;♣2 ♣7 ♣9 ♣Q;3
E;NT;N:T.9.T.65 ..A3.43 ..Q86.J 5..J5.9;♠8 ♠4 ♥4;♠T;4
N;NT;N:4..Q4.83 9.T54.7. A7..KT.K 3...A976;;♠4 ♦4 ♦Q;4
N;NT;N:Q4.54.2. 3..Q.962 6.A2..73 .K976.J.;;♦2 ♠Q ♥4 ♥5;3
E;NT;N:J2...T65 7..82.J 43..T4. 9.K.6.3;♠5 ♥J ♦5;♠J ♠2;2
S;NT;N:K..AKQ4. 5.T93.2. 4.6.T9. Q2.7..A;♣3 ♥A;♦4 ♦Q ♦K ♦A ♠K;5
N;NT;N:8.K82..5 73.7.T.Q .AJ3..J4 .T.AQ.A8;;♥2 ♥8 ♥K ♠8;4
E;NT;N:9.QT.Q9. K..A52. A.93..4 Q..3.A8;♦T ♣9 ♣6;♦Q;4
N;NT;N:KT8..T6. 95.A.8.A .Q97.3.6 4.4.94.4;;♠T ♠K ♦T;4
E;NT;N:T.8.4.A7 J8..K.5 6.97.9. .KQ.3.2;♣4 ♦5 ♠5;♣7 ♣A;2
S;NT;N:.53.8.K4 7.AK.Q.Q 2.J8..J A.4..96;♦T ♥7;♦8;1
E;NT;N:2.Q5..53 .J.8.J9 983.8.. T..A6.Q;♣4 ♥K ♦9;♣5;3
N;NT;N:.Q43.K.6 .K97.43. K7.T6.9. 4.A.8.Q8;;♦K;2
E;NT;N:5.8.K.AK T.752.. 2.Q..Q5 ..54.43;♥A ♥3 ♣7;♥8;3
S;NT;N:.A.7.K87 K72.T..9 .Q7.T.A Q5..3.2;♦2 ♦A;♦7;1
W;NT;N:A7.K.A.8 T5.T2..Q 3.Q5..T9 .J7.J.3;♣4;♣8;3
S;NT;N:64.J.J9. AKJ...T4 3.A.Q3. 7..54.8;♥2 ♠5;♥J;4
S;NT;N:9.9.Q83. 4.754.5. QJ.6..5 87..J.4;♣7 ♦9;♦3 ♦8 ♦Q ♠9;5
N;NT;N:9.K..KQ7 5.5.K7.5 .J3.A.A3 .8.8.942;;♥K ♣7 ♣Q ♣K ♠9;5
E;NT;N:.J.6.874 .72.2.J 4.Q..AK J.T.K.T;♦9 ♠T ♦Q;♦6;2
W;NT;N:.Q96.A.9 .52.JT.A .83.K.53 6.T.7.8;♣Q;♣9;4
N;NT;N:.Q.AT5.4 QT3..32. A.85.7.J 5..K.763;;♦A ♥Q ♣4;5
N;NT;N:.J.86.J4 J3.K4.K. A8.2..AQ .A95.32.;;♣4 ♣J;3
N;NT;N:753..T.4 4.K75..2 .A96.54. J..Q3.AQ;;♠3 ♠5 ♠7 ♦T ♣4;1
E;NT;N:6.T542.. .8..T93 A.A6.7. QT..43.;♦5 ♥Q ♦T;♥2 ♥4 ♥5 ♥T ♠6;4
N;NT;N:K.86.6.5 843.7.A. .AQ.32.6 A.J..KJ3;;♥6 ♥8;2
S;NT;N:T.963.A. Q7..43.A 4..2.Q7 K.7..42;♥4 ♥J;♥3 ♥6;1
E;NT;N:9.7.K.52 K.Q3..9 32.92.. 7..5.T6;♣J ♣Q ♠Q;♣2 ♣5;1
W;NT;N:A64..A4. .AKJ.7.T KJ2..J.7 3.9.6.9;♣5;♠4 ♠6 ♦4 ♠A ♦A;1
S;NT;N:J74.6..J K6.9.6.T 3.A2.Q. 9.87.9.;♥5 ♠T;♥6;2
N;NT;N:.92.Q7.7 .87.K9.A .5.J.KQT 98..A4.8;;♥9;1
E;NT;N:Q.87.A9. 2..K.54 .J.5.T8 43.A.3.;♠6 ♠A ♥9;♠Q;5
N;NT;N:Q76.A..5 .97.T3.7 A.4.J.T3 K842..7.;;♣5 ♥A ♠6 ♠7 ♠Q;5
W;NT;N:.J9.T7.2 4.Q.Q2.9 76..8.Q7 T...J64;♦6;♦T ♦7;1
N;NT;N:A7.K43.. 86..A.98 .985.5.6 Q..983.J;;♠A ♥3 ♥4 ♥K;4
S;NT;N:Q.AQ..T9 .62.Q2.3 .KJT..Q A.4.K5.;♦6 ♦8;♥Q ♣9 ♣T ♥A ♠Q;1
N;NT;N:A92.AT.. .J4.K.K6 Q5.8.7.5 6.KQ.J8.;;♠2 ♠9 ♠A ♥A;4
N;NT;N:2.2.AK9. .Q5.3.J5 Q.6.4.AK 6..QJ8.8;;♦K ♦A ♠2;5
N;NT;N:K2.9..T9 8.T7..87 J65.K..2 T.85.6.6;;♠2 ♠K ♣9 ♣T ♥9;5
S;NT;N:3.5.AQ.4 .63.K4.8 KT...K5 8.8..J9;♥9 ♣3;♥5;4
W;NT;N:4.8.985. T3.3.Q.Q AQ.A4..8 ..AK7.A;♣9;♠4 ♥8;1
N;NT;N:.A.984.T 4.Q9..A6 .J.K.K83 2.86..Q4;;♦4 ♦8 ♦9;4
W;NT;N:J.6.Q32. .JT9..A4 .K75.4.3 .3.A.K8;♠A;♠J;1
E;NT;N:.Q8.Q9.A 85.5..8 .4.3.53 T..72.K;♥9 ♠2 ♥2;♥Q;5
N;NT;N:T.9.7.A4 75.72.Q. 642.K..7 KJ.8.J3.;;♥9 ♣A;3
N;NT;N:A..QJ.J7 7.T.43.Q 2..6.864 .A6.A8.K;;♠A ♣7 ♣J ♦J ♦Q;1
S;NT;N:J5.6.2.K KT2.Q.3. 3..54.T 4.5..65;♠9 ♥2;♠J ♠5;1
E;NT;N:3.6.6.J5 K.4.4.3 42.8..Q 6.A9..6;♣4 ♠Q ♥Q;♣5 ♣J;3
N;NT;N:.JT3.Q4. 76.5.63. A.K.J.65 942..A.9;;♥3 ♥T ♥J;3
N;NT;N:.K.5.532 83.8.K2. J9..Q4.J KT4.9..K;;♥K ♣2 ♣3 ♣5;2
W;NT;N:7.2.2.Q4 2.J.Q98. 5.5.5.J9 J9.6..T;♠3;♠7;3
S;NT;N:43.Q3..J T86.K6.. 5..K8.3 .7.T5.4;♣A ♣5;♣J;2
E;NT;N:.85.98.6 .T6.J.4 Q3.K.Q. ..KT2.3;♦5 ♠8 ♠2;♦8 ♦9;5
W;NT;N:.Q.K93.6 J.K9.J.T T.2.52.5 4.3..93;♠3;♦3 ♦9 ♣6 ♥Q;1
W;NT;N:8.63..J4 K.8.T3.Q Q.9.KQ.K 7..8.A3;♦5;♥3 ♥6 ♠8 ♣4 ♣J;3
W;NT;N:2.K.9.75 73.763.. JT.98..6 .2.J.T4;♠Q;♠2;2
N;NT;N:.K3.Q85. 82..4.T9 J6.Q.6.5 5.76.9.J;;♦Q ♥3;5
W;NT;N:A3..Q8.Q 87.94..T 9.T.A7.K .J2.6.8;♦3;♦8 ♦Q;5
W;NT;N:6.4..542 8..A5.97 AK3..T.K JT5.9..;♦Q;♣2 ♣4 ♣5 ♥4 ♠6;3
E;NT;N:4.J5..K9 3...543 K.Q63.. .A.A.T2;♥2 ♦2 ♦Q;♥5 ♥J;3
N;NT;N:2.5.93.4 T.QT.J2. Q3.J8.K. .9.84.86;;♥5;4
W;NT;N:K7.43..7 .J.J8.K3 .KT.7.J5 T62.Q..;♥8;♥3 ♥4;3
E;NT;N:6.K4..Q8 3.32..6 .Q8.8.2 .AT.2.9;♥J ♠4 ♠2;♥K;4
S;NT;N:Q.T8.92. 4.9..K63 .4..T85 87.A..A;♠3 ♠6;♠Q;3
W;NT;N:.T2.82.A KJ6.95.. T3.A..K8 4.3.J3.;♠Q;♥2 ♥T ♣A;1
S;NT;N:.A.7.K98 8.2.8.54 .KQ8.2. K94.T..;♥5 ♣7;♥A;4
S;NT;N:9.7.AJ9. A..2.T96 .4.5.A8 8.J.83.;♥6 ♠3;♥7;4
N;NT;N:J.K2.3.3 3.Q.8.T4 T9..9.K6 Q8.54.Q.;;♥K ♣3;3
E;NT;N:Q.Q7.K.3 7.J85.. J.A.A.6 9.K6.J.;♥2 ♣5 ♠8;♥7 ♥Q;5
W;NT;N:.974.Q.7 AJ..73.Q K3.2.T.5 .KQ6.9.;♦4;♦Q;2
E;NT;N:.KT7.7.Q K...KJ2 A...T74 5.5.54.;♦J ♥6 ♦6;♦7;2
N;NT;N:96...K75 2.Q.2.T2 Q..A9.J3 T8.4.5.Q;;♣K ♠6 ♠9;5
E;NT;N:QT.K.2.3 4.9.9.7 A.AQ.7. 8.J.8.J;♣4 ♦4 ♠J;♣3;2
S;NT;N:9..J8.A2 3..AT.T8 AKJ..4. 4.2.Q.9;♥3 ♥7;♣2 ♦8 ♦J ♠9;1
W;NT;N:J.97.9.5 93..62.2 A.43.Q.3 8..75.6;♥J;♥7 ♥9;3
N;NT;N:.QJ5..98 J.A76..T 6.2.T.K4 8..K7.J3;;♣8 ♣9;2
N;NT;N:8.3.KT2. .A8.AQ.T A.2..K96 9.54.3.7;;♠8;4
S;NT;N:2.83.5.9 5.2.QT.2 T4..4.6 7..A.54;♥5 ♦J;♥8 ♥3;5
E;NT;N:93..73.J .T2.84. 86...K7 2.6.J.6;♣4 ♣T ♠J;♣J;5
N;NT;N:.K52.AQ. 6.J..AQ2 T..2.J65 975..4.T;;♥K ♦Q ♦A;5
E;NT;N:A9.T7.T. 2.K.6.K K.5.AK. 5..75.6;♣A ♣5 ♠T;♠9 ♦T ♠A ♥7 ♥T;2
E;NT;N:4..76.86 2.J98.. T8..A.2 .7..Q97;♣5 ♦5 ♦J;♣6 ♣8;4
W;NT;N:3..96.73 AT9...J4 ..4.AK52 ..KQ.96;♥K;♣3 ♠3 ♣7 ♦6 ♦9;2
N;NT;N:A.6.QJ.A 4.K82.T. .Q95.86. T3..9.K3;;♦J ♦Q ♥6 ♠A ♣A;4
S;NT;N:.K.84.T5 J6.J4..J 4..7.32 .T32..9;♠9 ♥6;♦4 ♦8 ♣5 ♣T;2
S;NT;N:.542..AT K72.T.8. 64.Q.J. 5...K32;♥6 ♠9;♥2 ♥4 ♥5;1
E;NT;N:..J765.J .A.4.62 ..A.Q83 83.KT..;♣9 ♣A ♠A;♣J;5
E;NT;N:J4.QT.T. A.J.J7. 73.A7.. 95..4.T;♠8 ♠K ♣J;♠4 ♠J;3
W;NT;N:6...8532 75.2.AJ. KQ.Q5..6 4.864..;♥T;♣2 ♣3 ♣5 ♠6;5
E;NT;N:.864..QJ .T7.4.7 87.Q.A. 93.5.6.;♦K ♣A ♥9;♥4 ♥6 ♥8 ♣J ♣Q;3
E;NT;N:A2.T.7.A 65.8.8. 4...KQT J..KQ.9;♠K ♣8 ♦2;♠A;3
W;NT;N:A..4.J53 8.5.K5.6 7.Q6..42 J..7.K7;♦9;♦4;1
N;NT;N:7..J.T32 J.T6.5.5 9.75.K.Q Q864.9..;;♣2 ♣3 ♣T ♦J;2
S;NT;N:.6.A.T93 2.7.J2.A K65..5. 8.KJ.7.;♣4 ♥5;♣3 ♣9 ♣T;2
N;NT;N:6.AQ.8.K J..KT.95 .J3.Q5.3 3.6.A.42;;♣K ♠6 ♥Q ♥A;3
W;NT;N:82.J4.T. Q95.5..A 7.A2.A.9 .Q..872;♠T;♠2 ♠8;1
E;NT;N:65.A7..J Q.T6..K 8.Q3.K. .9.32.7;♠J ♣5 ♠4;♠5 ♠6;2
N;NT;N:.KJT.4.8 .6.652.K 82.9.9.A 7..AK3.4;;♣8 ♥T ♥J ♥K;5
E;NT;N:.3.5.AJ5 7.J.2.8 J4.2.9. K.8.A.3;♣9 ♥6 ♦T;♣J ♣A;3
N;NT;N:2.62..97 A.A3..J2 4.KJ.A.T 97..JT3.;;♥2 ♥6 ♠2 ♣7 ♣9;2
N;NT;N:K.T9.K.4 J..Q6.62 .KQ72.8. 2.J.A.QJ;;♠K;5
N;NT;N:Q5.94..A .A8.J.72 2.6.T8.3 6.3.4.J6;;♠Q ♣A;3
W;NT;N:5..73.94 4.9.4.T7 3.A.QJ.2 ..T.AQ5;♣8;♣9 ♣4;1
E;NT;N:93.3.A.5 5.7.Q.3 K.98.K. .6..AJ2;♦8 ♦6 ♠6;♦A;5
E;NT;N:.5.J.QJ3 2..K.85 T7.6.8. .T7.4.4;♠5 ♠6 ♣T;♣3 ♥5 ♣J ♣Q ♦J;4
E;NT;N:5.JT2.8. 3.6.4.5 T.5.92. A7..5.A;♣Q ♣4 ♦6;♥2 ♠5 ♥T ♥J ♦8;1
W;NT;N:A.9.K2.T 43.4.4.Q 8..9.AJ8 .3.5.76;♦3;♦2 ♦K;5
N;NT;N:.A.73.AJ T4.84..9 .K76.A8. Q.T5..84;;♥A ♣J ♣A ♦3 ♦7;5
E;NT;N:A.AK.42. .76.K7. T2.J.6. 7.T.8.6;♥Q ♥4 ♠9;♥K ♥A;3
N;NT;N:Q.9..KT7 5..K6.96 8.J2.3.A 2.7.A5.5;;♠Q ♣7 ♣T ♣K ♥9;5
W;NT;N:9.QJ2..J .64.A4.Q J..KT.94 A6...32;♦5;♥2 ♥J ♥Q ♠9 ♣J;2
N;NT;N:T9.5.Q.Q KQ.43.K. A7..5.J9 3.72.8.7;;♣Q;3
N;NT;N:.875.A.9 87.A.7.5 6...QT43 K2.T4.Q.;;♦A;5
N;NT;N:K2.T4..2 T..8.AT3 87.A.9.K 65.2.K7.;;♥4 ♥T;4
S;NT;N:Q.Q.43.4 AT4...53 .3.K6.A 6.K.QT.;♥6 ♥4;♥Q;3
W;NT;N:KT74.A.. .3.K742. .J.8.Q63 Q9.95..;♥T;♥A;2
E;NT;N:.T63.K7. 2.K..A3 ..8.QJ6 J.J.94.;♣8 ♥7 ♠A;♥3 ♥6 ♥T ♦7;1
E;NT;N:J2.86.3. T.5.98. ..AQ6.T A84..7.;♣Q ♥T ♣6;♦3 ♥6 ♥8;3
N;NT;N:3..754.3 AJ.J3..A .Q54..T6 5..JT3.8;;♣3 ♠3;2
W;NT;N:K.A6.4.3 6.3..J65 Q.Q8.T.4 8..J.98;♣2;♣3;1
W;NT;N:.83.Q54. 53.9.K.7 4.AJ.J3. AQ...42;♥4;♥3 ♥8;2
W;NT;N:9.J.92.6 .A43.83. 2.K2.Q.8 Q.8.6.4;♣T;♣6;1
S;NT;N:A.QJ.3.2 .KT6.K6. 76...JT T.4..A8;♦2 ♣Q;♦3;2
S;NT;N:7..T2.A7 J6.9.9.4 9.Q.3.9 4.J.6.Q;♥2 ♦8;♦2 ♣7 ♠7;2
N;NT;N:76.6.Q.K 4.754..8 9.2.K9.T T.J.32.4;;♣K ♠6 ♠7 ♥6 ♦Q;3
W;NT;N:6.A63..Q 5.KT.J4. ..982.A6 T..6.K5;♣9;♣Q;2
S;NT;N:Q2.8..93 96..8.54 75.Q..8 A.6.J.6;♣J ♦2;♣3 ♣9;3
S;NT;N:932.8.K. 6.6.7.A7 Q..AQ6. J.QJ9..;♦2 ♦4;♦K;5
E;NT;N:T8.T.7.T .J2.4.5 .K86..2 ..K6.KJ;♠2 ♣4 ♣Q;♠8 ♠T;3
N;NT;N:.K8.8.K5 943.2..3 JT7..5.T .AQ7..98;;♣5;5
W;NT;N:2.8..K43 .J95.T.8 5.Q.J2.6 Q.32.5.;♥A;♥8;1
W;NT;N:63.5.4.8 K75..9.9 ..A53.T4 .AK..J6;♦T;♦4;3
E;NT;N:.54.AJ.J .JT6..4 Q4...KQ A.983..;♦2 ♦9 ♠J;♦J ♦A;4
S;NT;N:9.A74..6 75...Q87 4.3.9.9 83.9.T.;♦5 ♠A;♣6;5
E;NT;N:.4.Q.J85 2..972. 7.KJ..K .8.54.3;♠9 ♣9 ♠3;♣5 ♣8 ♥4 ♣J;4
N;NT;N:.KQ..AK3 A9.5.AQ. 2.T84.4. K6.6..95;;♥Q ♥K ♣K ♣A;5
N;NT;N:.Q9.2.85 Q.J3..J4 4.T.3.K2 T62..65.;;♣5 ♣8 ♥Q ♥9;3
S;NT;N:8..63.A4 J.J.QJ2. A7..9.K Q4.6.8.;♥Q ♠3;♦3 ♦6 ♠8;4
S;NT;N:5.5.3.KJ Q..654.Q .94.A.4 .K62..6;♦T ♦Q;♦3;2
E;NT;N:J4..865. 8.7..K2 9.Q2..9 .J53.T.;♣J ♣7 ♦J;♠4 ♦5 ♦6 ♦8 ♠J;2
E;NT;N:6..2.JT7 4.T9.Q. .J.A.65 9.73.8.;♦6 ♣K ♣2;♦2;3
N;NT;N:.5.T8.T4 72.T9.4. 4..QJ9.9 J.3.A.83;;♣4 ♣T;1
N;NT;N:K.7.T3.3 A4.K.7.6 3..Q8.T8 6.862.J.;;♦3 ♦T ♣3;4
S;NT;N:7.J9..A2 AT9..T8. J432... .K4.5.Q;♣5 ♣9;♣A;2
N;NT;N:..A9.A74 94.9.3.2 J7.KQ.5. Q6.T8.2.;;♦9 ♦A ♣4 ♣7 ♣A;5
E;NT;N:.6.KQJ2. .2.43.8 64...Q9 7.8.5.K;♥5 ♥3 ♠T;♥6;5
S;NT;N:.987.4.7 JT.4.9.6 .K.J.T2 73.6.5.;♠4 ♠6;♥7 ♥8 ♥9 ♦4 ♣7;3
E;NT;N:7.AK.5.A ..2.K65 .T.K.Q8 4.7.A.J;♠3 ♠Q ♠8;♠7;4
S;NT;N:A7..A.KJ 8...Q743 Q3..8.6 KT.4.4.;♣2 ♠9;♣K ♣J;3
S;NT;N:82.8.4.8 7.K7.3.K K3.3..6 .5.9.54;♠4 ♥J;♠8;3
E;NT;N:T7.762.. J.3..T3 .K.93.Q K9...K2;♦2 ♦6 ♣A;♥2 ♥6 ♥7 ♠7 ♠T;4
N;NT;N:Q652..Q. A3.7.K5. 8..A3.Q8 J.2.7.42;;♦Q ♠Q;3
E;NT;N:A..Q5.92 K..K7.4 .63.9.J J6.T.4.;♥K ♥9 ♠Q;♣2 ♦5 ♣9 ♦Q;2
S;NT;N:Q4..42.4 K.J.J7.9 A7..9.2 9.5.3.Q;♦K ♥8;♦2 ♦4;3
N;NT;N:A75.3..4 T6..K9.3 .K4.52.J 8.Q.T8.Q;;♠A;3
W;NT;N:A..Q65.9 .975.4.A QJ.K3..J .T8.8.6;♠T;♠A;4
S;NT;N:7.6.9.A8 .8752.8. 2.A.T.T 6..6.Q4;♦2 ♥9;♦9;5
S;NT;N:A.4.K8.7 .873..KQ 2.Q.7.3 .2.4.A5;♦Q ♥9;♦8 ♦K;4
S;NT;N:T..K8.85 J97.K.7. 4.5.4.J A.9.6.7;♥A ♥4;♠T;5
E;NT;N:Q..972.8 .KQ86.. 3.J.8.7 8..JT.9;♠2 ♦6 ♥T;♠Q;1
E;NT;N:QJ.9..82 .A.A4.5 .T53.9. 4.42.7.;♦2 ♣3 ♠A;♣2 ♥9 ♠J ♠Q;1
E;NT;N:2.2.9.Q4 AQ.T..9 ...AJ53 4..J7.8;♠9 ♠6 ♣T;♠2;1
N;NT;N:.3.986.Q .A6.A5.T T2.J7..8 8.Q.Q.97;;♣Q ♥3 ♦6 ♦8 ♦9;1
E;NT;N:A.4.8.85 9.QJ9.. 5.8.7.3 K8..K6.;♦2 ♠4 ♠7;♦8;4
E;NT;N:5.A.KJ.Q A.9..J7 .J3.4.8 .T.53.3;♦2 ♥5 ♥K;♦J ♦K;4
N;NT;N:8.8.J.64 T4.J.9.3 2.K.4.95 KQ97.Q..;;♥8 ♦J ♣4 ♣6;4
S;NT;N:82..KT.6 A3.7.6.3 Q..32.5 .A9.8.T;♦7 ♠J;♦T ♦K;2
E;NT;N:Q63.J.4. T8...T7 94...A4 J.94..Q;♦K ♣K ♣8;♦4;3
E;NT;N:A..J94.7 K6.J.Q. 73...AJ 8.Q3.T.;♣9 ♥T ♥7;♣7;1
W;NT;N:.5.K5.K4 .A32.J6. T3..Q9.A K..4.85;♦8;♦5 ♦K;4
N;NT;N:5.Q.K86. 3.A.42.5 7.9.7.Q2 A.62.5.8;;♦6 ♦8 ♦K ♠5;3
S;NT;N:2.J6.J.6 J.7.K.Q7 9.K.T7. K.8.32.;♥T ♦A;♥6 ♥J;2
E;NT;N:6..T3.Q2 .AJ.Q6. J43...A .Q5..K4;♥6 ♦4 ♦7;♣2 ♠6 ♣Q;1
S;NT;N:.QJ.8.65 5..Q.T42 K3..97. Q..6.QJ;♠6 ♣A;♣5 ♣6 ♦8 ♥J ♥Q;3
W;NT;N:9..542.A .8.A6.93 J3.7.J.J 4..9.Q5;♣T;♣A;3
E;NT;N:A93..4.6 T.6.T8. .4.QJ.9 .7.32.T;♦5 ♥A ♦A;♦4;2
E;NT;N:.QJ.2.85 7..6.K4 Q..KJ5. 6.T.73.;♣6 ♣3 ♠2;♣8;5
W;NT;N:3..J54.A K98.7..J 6..Q7.K2 Q7..2.5;♥T;♦4 ♦5 ♠3 ♦J ♣A;1
W;NT;N:T..Q7.KQ K965.3.. Q2.T..A3 .K.2.42;♥7;♠T;5
N;NT;N:65.5.73. .3.T6.K7 ..AJ.AJ5 K.T.4.93;;♦3 ♦7 ♥5 ♠5 ♠6;3
N;NT;N:5.8.86.7 .T.AK.52 8.AQJ..4 Q9.9..Q6;;♥8;3
E;NT;N:A.J652.. Q8..Q7. 93.9..9 2.8..A6;♦8 ♣5 ♥Q;♥2 ♥5 ♥6 ♥J;2
N;NT;N:5.J.A.74 T.A8.Q3. J6..84.K Q7.4..Q6;;♦A ♠5 ♥J ♣4 ♣7;2
E;NT;N:7.T.Q.JT J.K4.8. ..K9.AQ .Q3..94;♦5 ♦T ♦6;♦Q;5
W;NT;N:3.J.AJ7. 7.T.4.72 86..T.53 T4.9.8.;♦6;♦J ♦A;4
N;NT;N:T6.7.A.J J5..T65. A7.4.9.6 .QT.8.K8;;♦A ♠6 ♠T;3
N;NT;N:Q.A64.6. 532.T..2 .J32..T6 4..KQJ.9;;♥4 ♥6 ♥A ♠Q;5
S;NT;N:4.K2..J5 K.A.K7.8 A.6.9.2 92...Q6;♦5 ♣T;♥2 ♠4 ♥K;1
S;NT;N:.KQ5.A.7 Q..54.A3 .832.8. T9..Q2.;♥4 ♣8;♥Q ♥K;5
N;NT;N:8.7.32.5 A.Q3.T8. .K4.4.63 T95..K.4;;♥7;4
E;NT;N:J6.92..5 5.4.7.Q .Q.T54. .7.3.73;♦2 ♠2 ♦A;♣5 ♥2 ♥9 ♠6 ♠J;3
N;NT;N:Q..A92.7 .AJ3.T4. J54.8..K 8.75.Q.9;;♦A ♠Q;5
S;NT;N:9.A63.T. .K9..432 .J.6.65 5..Q.87;♥2 ♥Q;♥A;2
S;NT;N:62.K4.8. Q8.Q.J.Q J.3.AT. K.J9.4.;♥T ♠A;♥K;3
W;NT;N:97..7.K8 .3.T92.4 .76.K.J2 2.AK..3;♥4;♣8 ♦7 ♠7 ♠9 ♣K;5
W;NT;N:A5.Q7.J. 83.8.2.9 2.A.6.J2 76.2.9.;♣A;♠5 ♥7 ♥Q;4
N;NT;N:A.Q.AK.8 3.2.J8.7 K.6.Q2.5 T42.K..2;;♣8 ♠A ♥Q ♦K ♦A;4
N;NT;N:.8.8.Q63 J.A3.A7. K.7.Q5.K A6.T94..;;♣3 ♣6 ♣Q;1
S;NT;N:7.2.84.4 Q53..T.9 4.5.9.2 .A.K5.K;♠A ♣6;♠7;1
N;NT;N:Q.72.KT. T8.A..J4 97.4.8.7 32.T.4.Q;;♥2 ♥7 ♠Q ♦T ♦K;3
N;NT;N:J7.73.5. .5.AQ6.5 9.T4..AK .AK.43.8;;♠7;3
S;NT;N:AQ9.J.Q. 3..82.K4 T.8.K3. 8.4.6.J;♥9 ♣2;♥J;5
E;NT;N:3..A.K96 Q.T4.2. 9.Q.J.4 7..T9.T;♠6 ♥8 ♣J;♠3;3
W;NT;N:2.652.A. Q..Q2.Q8 T.4.K83. 4.3.6.J;♥8;♥2 ♥5 ♥6;1
N;NT;N:73.K2..5 .98.3.94 6.T.972. A9..Q6.K;;♥2 ♣5 ♥K ♠3 ♠7;1
S;NT;N:82.2.J.Q K5.7.QT. J7.9.6. .8.8.J2;♣5 ♥6;♣Q;2
W;NT;N:AT4.4.2. 3.A8.5.7 9.T.K.A8 7.6.8.T;♦9;♦2;5
W;NT;N:7.5.9.Q4 A3..62.7 4..T.A95 QJ.A.8.;♠2;♠7;1
E;NT;N:.9854.3. 2.Q.9.K K6..6.8 53.3.J.;♣9 ♥J ♣J;♥4 ♥5 ♥8 ♥9 ♦3;1
N;NT;N:7.9.Q74. 3.T.6.K9 .3.A32.A J2...Q75;;♦4 ♦7 ♦Q;4
W;NT;N:7.J9.J4. 8.4.6.J4 T54.6..9 6.Q.7.7;♦Q;♦4;1
E;NT;N:.K6.A2.8 K8..43. J7.5.9. .Q.5.J3;♥9 ♥7 ♥8;♥K ♥6;3
S;NT;N:52..QJ.8 T8.K5.8. 9..3.T3 6.76..4;♠3 ♦7;♠2 ♠5;1
N;NT;N:6.54..76 853.3..K .J.K8.J3 KQ.AQ.5.;;♥4 ♥5 ♠6;1
E;NT;N:6..T3.Q4 KJ...83 92.J..T .T8.KQ.;♠3 ♦5 ♠T;♠6;2
S;NT;N:AT.95.8. .J2.K.32 96..9.T 7.7..A9;♠3 ♦T;♠T ♠A;2
W;NT;N:A3.63..J .5.JT9.2 Q7.KT.6. J.A4.3.;♠5;♠3 ♠A;3
N;NT;N:4.9.A7.7 75.Q.98. 6.K7.K.A JT8..4.4;;♦7 ♦A ♥9 ♣7;4
N;NT;N:..KT.AK5 .J4.4.J2 983.9.8. JT..Q9.9;;♣K ♣A ♦K;4
N;NT;N:K.J.AJ7. JT.2..T3 .K7.Q4.K 9.T.9.J4;;♥J ♠K ♦7 ♦J ♦A;5
S;NT;N:.85.6.J3 .A3.4.94 985.6.. T.Q4.J.;♣K ♠2;♣3 ♣J;1
S;NT;N:92..Q97. .K.K5.KJ K85..T. 4.93.6.;♠3 ♥T;♠2 ♠9;4
N;NT;N:K5.AK..4 .7.Q2.87 .T.K76.3 986.2.3.;;♥K ♥A ♣4 ♠K ♠5;3
S;NT;N:Q3.7.Q.8 A..8.T92 6.53..A 8.K..43;♦4 ♠J;♦Q;3
S;NT;N:Q54.Q.7. 32.J.J4. .2.6.T9 9.K8..5;♥5 ♥T;♥Q;4
S;NT;N:2.Q7.J.J QT.2.T.2 6.T.Q6. .9.3.63;♠8 ♣7;♠2;3
E;NT;N:3..9.AK4 5.A4.K. 9.Q..T6 .3..Q87;♦2 ♠K ♠T;♦9;4
N;NT;N:6.A.J.KT K7.KT.2. 3.5.T98. Q54...A7;;♦J ♥A;2
E;NT;N:K..4.852 QT5.T.. 3.6..63 9.A.9.K;♦Q ♦J ♥3;♦4;1
W;NT;N:.4.Q.AT7 .A2.K.63 83.Q3.A. A..4.K9;♥6;♥4;3
W;NT;N:AK..Q32. J.A4..T5 6.7.84.Q 9.9.9.J;♠T;♠K ♠A;5
E;NT;N:8.A5.J9. A.KT..4 73.86.. 4.J3..Q;♣3 ♣6 ♥9;♥5 ♠8;4
N;NT;N:.6.2.JT6 9.KQ.K7. Q.AT9.A. 42.4.9.3;;♣6 ♣T ♣J;5
E;NT;N:.Q5.K9.T J.J6..Q .7.6.76 .A..A92;♥T ♣K ♠9;♥Q;3
S;NT;N:7..T72.3 Q.95.Q.9 82...AT 6.J.3.Q;♥3 ♥A;♦2 ♣3 ♦7 ♦T ♠7;1
W;NT;N:Q.A87..T 8.K.J.J8 .QJ65.9. JT..83.;♥4;♥A;5
E;NT;N:..J54.A2 5.K.6.4 7.A.32. 6.764..;♠2 ♣J ♠8;♦4 ♦5 ♣2 ♣A;4
E;NT;N:J.T.9.T6 8.83.K. 3.A.2.J .65.3.8;♠5 ♠9 ♥9;♠J;3
N;NT;N:AJ.6.6.4 K97..J.2 62..T.Q8 54.542..;;♥6;5
S;NT;N:6.K.J.J6 987.J.3. 2..Q82. AK..A9.;♠J ♠4;♠6;2
E;NT;N:2.KJ.97. 94.9.T. K..A.84 .765.4.;♠3 ♠J ♦Q;♠2;5
W;NT;N:T5..875. ..JT.J62 6.T.Q6.5 93.5..K;♥3;♦5 ♦7 ♦8 ♠5;3
N;NT;N:A.97.2.Q .AJ3.4.A .2.K5.53 T4.Q.QT.;;♠A;2
S;NT;N:95.K3..7 .Q6.85.J 3.J..A6 AJ..6.K;♣4 ♣3;♣7;1
W;NT;N:6..6.J63 A7.94.9. 2.6.J7.Q J..T8.5;♥8;♣3 ♦6 ♠6 ♣6 ♣J;1
N;NT;N:.J6.J.64 .4.8543. J2..6.75 T7.K2..Q;;♣4 ♣6 ♥6 ♥J ♦J;3
W;NT;N:K7..9.86 .A5.J7.7 .K76.AK. A.843..;♣9;♣6 ♣8;2
N;NT;N:J.4.Q.JT 6.J2.J9. T83...74 94.AQ..Q;;♠J ♣T ♣J ♦Q ♥4;2
S;NT;N:.8.2.Q86 8.KQ.9.7 3..865. 4.T3.A.;♠A ♣K;♣6 ♦2 ♣8 ♣Q ♥8;1
W;NT;N:AK9..63. .7.75.84 Q4..2.J2 8.J65..;♣K;♠9 ♦3 ♠K ♠A ♦6;1
W;NT;N:9..K5.K9 8764...5 5.6.AJ.7 J3.Q..4;♦3;♦5 ♦K;4
N;NT;N:84.86..5 J..J6.AQ 5.7.92.8 .53.73.K;;♥8;2
N;NT;N:AT.6.Q.3 7.A.T2.7 84..3.QT 5..J7.A5;;♠T ♠A ♣3 ♦Q ♥6;3
E;NT;N:T5.K8.J. 3...AJ6 A.6.2.K 4.QJ.5.;♥T ♠Q ♦A;♥K;4
S;NT;N:K9.T.Q.4 T4.5.8.T .A.K9.2 3.Q6.5.;♠6 ♣A;♠K;4
N;NT;N:87.K.KT. A2.Q85.. T93.7..K Q..A7.A3;;♠7 ♠8 ♥K ♦T ♦K;1
S;NT;N:K...J432 J4.J4..8 .75.92. Q3.A.5.;♦T ♦8;♣2 ♣3 ♣4;4
E;NT;N:A5.Q.8.J ..T.AK2 J.6.7.7 .AK53..;♦4 ♠T ♠3;♦8;3
N;NT;N:Q.T2..Q8 T4.A.A.2 AK7.7.2. J..Q5.T7;;♣Q;4
N;NT;N:Q.K.96.3 3.8.K3.Q JT..2.85 6.2.4.A9;;♥K ♠Q ♦6 ♦9 ♣3;2
N;NT;N:2.83.J5. .5..KJ86 9.J.3.A9 .7.Q7.42;;♥3 ♥8 ♠2 ♦5 ♦J;3
N;NT;N:T.3.2.A6 .K.J63.4 KQ2..T.J A7.98..2;;♣A;2
W;NT;N:8.7.3.K4 KJ..Q96. QT.AQ..A 72.5.5.;♣Q;♣4 ♣K;3
S;NT;N:A.4.K.J4 KT2.7.2. 3.9.AJ. .8..AK6;♥A ♦6;♥4;5
W;NT;N:3.9.K.64 .T7.Q7.3 K95..J.7 A8.2..K;♥J;♥9;1
W;NT;N:2.7.T.AT K.J53..5 93..7.98 6..A4.3;♠4;♠2;1
E;NT;N:5.2.43.2 Q72.8.. A9.5.5. T.Q..53;♠J ♦Q ♦9;♠5;1
E;NT;N:QJ3.A.7. .K2.43. .8.A2.A 4.Q7.5.;♣7 ♣T ♣J;♠3 ♠J ♠Q ♦7;4
E;NT;N:3.KQ7.9. 2.8..A6 9..2.32 Q.T.3.J;♣9 ♠4 ♣K;♥7 ♠3 ♥Q ♥K;1
N;NT;N:.A.9754. 9..3.KJT T4.6.K.Q .JT42..7;;♦4 ♦5 ♦7 ♦9;5
S;NT;N:83.7.7.8 7.4.94.2 .AT..QT 9.Q8.8.;♣J ♠A;♣8;4
E;NT;N:JT7.K..T 4.3.54. .A.7.72 .97.63.;♣K ♥2 ♠9;♣T;4
S;NT;N:A.52.J9. 3.JT4..5 T.86..3 J.K.2.8;♦8 ♠Q;♦9 ♦J;3
S;NT;N:3.J7.KQ. .86.A4.7 5.Q.2.9 .4.J.KQ;♥T ♣T;♥7 ♥J;3
W;NT;N:QT.K2.6. K.JT3.9. A6.6.85. .A9..K2;♣3;♦6 ♠T ♠Q;1
E;NT;N:AJ.8..83 ..76.Q6 73.75.. T.K2.Q.;♥3 ♦9 ♦2;♥8;3
W;NT;N:.K.87.42 4.A.4.Q5 52.64.A. 6.T8.9.;♠3;♣2 ♣4 ♦7 ♦8 ♥K;2
W;NT;N:83.K9..6 9.A8.8.A 75.2.Q2. 2.6.9.Q;♥7;♥9 ♥K;2
W;NT;N:9.4.3.K2 A6.865.. .J.A.Q74 7.97.7.;♦6;♦3;5
E;NT;N:.Q83.Q.7 .75.42. 9.K.7.5 85..86.;♠4 ♠T ♥9;♥3 ♥8 ♥Q ♣7 ♦Q;5
W;NT;N:T83..6.2 9.3.AKT. 4.97.9.8 .Q.Q2.5;♥8;♣2 ♦6;5
E;NT;N:A72.T.2. 63..A3. .5.4.52 T8..Q.9;♣3 ♥2 ♣K;♠2 ♠7 ♦2 ♥T;1
S;NT;N:9..JT5.J JT4.7..3 A.KT.2. 2.A..Q4;♣K ♠5;♣J;5
W;NT;N:.J6.6.84 Q.8.543. K65.A..6 .Q7..KQ;♣2;♣4 ♣8;5
E;NT;N:86.4.9.6 .J3.3.Q A5..4.5 KT.9..J;♥8 ♥2 ♥K;♥4;1
E;NT;N:2.J.4.KJ .K4..A4 T..J75. .6.3.82;♥9 ♦T ♥Q;♥J;1
E;NT;N:T.6.A.J8 A2..Q6. .9.84.6 75...K5;♣3 ♣Q ♥8;♣8 ♣J;3
S;NT;N:98.9..A8 4..A93.K 7.7.8.7 A3.K..T;♠Q ♣9;♠8 ♠9;3
S;NT;N:2.65..A5 K3.2.4.7 7..9.J3 8...K42;♠9 ♠4;♠2;3
S;NT;N:92.J.9.K .A3.63.8 .Q95..3 QT..8.9;♥7 ♦Q;♥J;2
N;NT;N:T.Q3.J7. 87.K.A9. 5..KQ4.J .J.T.972;;♦7 ♦J;3
E;NT;N:52.K2..4 .4.J9.J Q..A4.T .85.2.K;♦T ♦6 ♣A;♥2 ♠2 ♠5 ♣4;2
W;NT;N:KQ7.A..9 .765.AT. 95.82.Q. T84...5;♣T;♣9;3
N;NT;N:T4...JT8 2.A5.T.A 9.KQ.A.Q 83..82.2;;♠4 ♠T ♣8 ♣T ♣J;3
W;NT;N:2..QT.T3 AT.K3..6 83..J3.Q ..A.J98;♠5;♠2;1
E;NT;N:4.6.A3.9 .95.J.5 2.A.8.8 .8.42.J;♣A ♠9 ♣6;♣9;3
E;NT;N:K5..5.JT 7.T.42. 3...986 A96.3..;♥8 ♥K ♦Q;♠5 ♠K;4
W;NT;N:.QJ6.A.8 .987.93. 86..KQ2. J9.K.T.;♣2;♣8;2
S;NT;N:Q.8..AQ4 96.53.Q. ..5.T72 A4..A2.;♣J ♦9;♣Q ♣A;5
N;NT;N:AQ.K.2.A .QJ2.K.9 J62.T..J K..J.753;;♣A ♦2 ♠A ♥K;4
E;NT;N:652..QJ. 9..5.T7 A.9..AQ .T4.72.;♠T ♠K ♣9;♠2 ♠5 ♠6;4
W;NT;N:.KT6.J.9 8.2.A2.A ..Q97.J3 6.8.8.2;♣Q;♣9;2
N;NT;N:T9.8..K2 72.95.A. .64.97.6 J5.T.64.;;♣2 ♣K;2
N;NT;N:6.K3.J8. 4.2.Q9.4 KQT..A.T 7.A5.6.7;;♠6 ♦8 ♦J;5
N;NT;N:.Q7.J3.8 K...QJT5 .8542..6 J74.9.T.;;♥Q ♦J;5
E;NT;N:A53.95.. Q.AQ4.. .62.6.6 ..K8.K2;♣J ♣4 ♠K;♠3 ♠5 ♥5 ♥9;1
W;NT;N:74.7.9.8 9.T95.2. T.K8.7.4 .42.4.5;♣9;♣8;3
N;NT;N:74.4.9.Q 5.A6..85 Q.82..K7 .5.J2.J6;;♥4 ♣Q ♠4 ♠7;4
S;NT;N:..Q863.9 5.J5.K.K T.AT3.. A.7.92.;♥9 ♠7;♦3 ♦6 ♦8 ♣9;1
W;NT;N:.Q4.A.KQ T.7.52.J Q.6.4.A3 .853..4;♥T;♥Q;5
W;NT;N:T.9.J7.2 .J2.Q.85 75..82.6 96.8.K.;♠8;♠T;1
N;NT;N:AQ..9.98 .K73.5.K .A98..J5 T..K8.A6;;♠Q ♠A ♦9;2
S;NT;N:97..32.3 6..9.KT6 A.6.A.J 4..7.82;♣5 ♥3;♣3;2
N;NT;N:.2.K75.6 4.J8.6.3 J72.Q.2. Q.93..KJ;;♥2 ♦7 ♦K;4
E;NT;N:K.T.Q8.3 92..2.9 .K5..K6 8.Q.6.7;♥3 ♥9 ♣T;♥T;5
W;NT;N:A4.8.Q.8 J.A9..63 9.T2.4.A .5.J7.J;♠K;♠A;4
N;NT;N:9.A6..A5 ..Q652.4 AQ.5.7.K 2.Q3.3.8;;♣5 ♣A ♠9 ♥A;5
N;NT;N:AT..J43. 82..T9.8 53.8..K3 J6.54..7;;♠A ♦J;4
S;NT;N:5.9.Q4.3 872.Q6.. .87.7.A K..A.64;♣Q ♠9;♣3;2
N;NT;N:5.873.7. .2.KJ3.A A9.6.A.J 4.Q.Q5.2;;♥3 ♥7 ♥8 ♦7 ♠5;3
N;NT;N:J.A.2.62 AQ..6.K9 5.2..Q83 .9.5.J54;;♣2 ♣6 ♦2 ♥A ♠J;1
E;NT;N:3..865.3 KQ.A..Q .5..KT8 .Q.Q.72;♣9 ♥9 ♦3;♣3;1
E;NT;N:5.32.9.3 8.9.Q.Q A4.K..A 73..4.6;♦8 ♣J ♦7;♦9;4
E;NT;N:A3.AQ8.. J.5.T.2 9..92.5 4..6.AK;♥4 ♥3 ♠7;♥8 ♥Q ♥A;5
S;NT;N:9.AQJ..6 87.42..9 T.6.5.5 Q.8.4.7;♥T ♦A;♥J ♥Q ♥A;3
E;NT;N:.8.A6.87 .4.KT.A .Q5.8.3 Q8...KT;♠4 ♦2 ♣4;♦6 ♣7 ♣8;3
N;NT;N:T.AQ..73 .K94.J4. 9.T.5.A6 .8.T2.Q9;;♥A ♠T ♣3 ♣7;3
S;NT;N:Q5.6.6.2 KT3.4.3. 9.Q.K.6 .JT.J.K;♦4 ♥9;♦6;3
S;NT;N:.9.4.AQ4 AT8..Q.T 3.7.7.6 2.T3.8.;♣8 ♠7;♣Q ♣A;3
W;NT;N:.2.7.T53 .K93.2.6 A.Q5.3.J J..9.K9;♣2;♣3 ♣5;3
W;NT;N:A..93.52 K.973.5. 4.Q.4.A8 .2.6.QJ;♦Q;♦3;4
S;NT;N:.K6.A98. T5.Q.5.5 2..T6.9 .3.QJ.3;♠J ♦3;♦8 ♦9;5
W;NT;N:2.T.Q8.T .9863.K. T3.74.3. K..A.86;♠9;♠2;3
W;NT;N:943..5.A ..K2.K53 5..J.642 .764..J;♠T;♠3 ♠4 ♠9;1
W;NT;N:4.7..QJ2 AQ..AK4. 6.83.7.A 98.4..8;♣4;♣2 ♣J ♣Q;4
N;NT;N:9..AT.65 .4.J2.QT K4.Q.4.4 T3.965..;;♠9;4
N;NT;N:3.2.64.5 4.Q4.5.T 9.83.93. J.A9.2.K;;♦4 ♦6;2
E;NT;N:83.8.J.7 .65.9.5 ...KQJT J..KQ.3;♥7 ♥J ♠A;♥8;5
E;NT;N:AK3..8.2 .A74..9 52.K5.. 6.8.7.3;♠J ♣K ♥3;♠K ♠A;4
S;NT;N:Q7.2.43. 4.A.A2.4 5.83.T. J.97.5.;♣9 ♥T;♦3 ♦4 ♥2 ♠7;3
N;NT;N:AK.2..43 8.74.84. 2.KJT.6. T5..AT.9;;♠K ♠A ♥2;5
E;NT;N:8.T853.. QJ..Q3. 94.Q..T A..5.KJ;♥9 ♠5 ♥4;♥T;2
W;NT;N:K.AJ.Q5. J8.5..A7 T.7.K.53 6.K..Q8;♦8;♦5 ♦Q;5
S;NT;N:.AJ.7.T6 93.K4.K. A..6.A2 4.82.T.;♦2 ♦8;♦7;4
W;NT;N:Q2.J7.5. 86.T8.T. 7.A..QJ9 A.3.83.;♥6;♥7 ♥J;4
W;NT;N:T9.5..T8 4.4.5.J3 73.J.T7. 5..Q94.;♣4;♣8 ♣T;1
N;NT;N:32.Q.9.4 J4.5.52. T.2.K3.7 .A76..KQ;;♦9;1
W;NT;N:94.8.K.8 .J5..AT6 7.7.AQ.5 QT63...;♠8;♠9;3
W;NT;N:Q8..2.QT 2.QJ3..A .542..63 J6.9.7.;♠7;♠8;2
S;NT;N:3.J.4.KQ J.9.5.J9 .432.2. Q52..A.;♥T ♦7;♥J;3
N;NT;N:95.Q.2.9 Q.4.6.KT 3.73..Q7 72..954.;;♥Q;1
E;NT;N:.95.Q.K4 95..4.8 6.A.A7. AQ.T.8.;♦9 ♥6 ♣6;♦Q;5
S;NT;N:86..A54. 5.7.T.62 7.K6.Q. 4...KJ8;♣T ♥9;♦4 ♦5 ♠6 ♠8 ♦A;5
N;NT;N:5.KJ.K.8 7..AT2.K 3.QT8..7 .73.96.9;;♥K;3
S;NT;N:4.KQ8.T. 7.3..JT7 62...54 Q.2.8.2;♣K ♦A;♠4 ♥8 ♥Q ♥K;2
W;NT;N:K..63.54 7.954.A. .AT8.T.6 4..Q9.J;♠2;♠K;4
N;NT;N:.T4.6.54 52.KJ..K K.8.87.9 64.5.A.6;;♦6 ♣4 ♣5 ♥4 ♥T;1
E;NT;N:.8.AQ8.K ..9.QJ4 .KT.T5. J8.7..7;♥9 ♠K ♠T;♥8;4
E;NT;N:7..Q65.A 4.54.K. 3.8.A4. T.2.2.7;♠8 ♠A ♠6;♠7;5
N;NT;N:4.5.Q7.4 .96.98.6 A..543.7 .Q43.2.K;;♦Q ♠4;2
W;NT;N:8653.4.. .J.92.J5 KJ..5.K8 9.6.K.9;♦J;♠3 ♠5 ♠6 ♠8 ♥4;2
E;NT;N:.93.K.42 2..87.5 .QT.Q6. 85..93.;♥5 ♠A ♦J;♥9;5
S;NT;N:4.J5.2.K 97..AK.8 2.4.96. .8.JT.Q;♣3 ♦4;♣K;3
S;NT;N:9.9.T9.T QT8..3.J J.Q.Q.3 K3..A.2;♥2 ♦K;♥9;1
E;NT;N:.4.AJ.A6 97..4.2 K.T3..8 .5.T8.9;♠3 ♦2 ♥9;♥4 ♣6 ♦J ♦A;4
N;NT;N:J9.J.4.9 Q4.5..86 K87..KJ. ..95.AKQ;;♥J ♠9 ♠J;5
N;NT;N:K..AK9.2 5.AJ2..8 6.K3..73 .875.J2.;;♠K ♦K ♦A;4
N;NT;N:AK8.AT.. .94.A3.K J6.8..Q4 .J.98.J7;;♥A ♠8 ♠K ♠A;5
W;NT;N:A5.Q3..J 4.8.J.62 Q72.J.A. J3..6.9;♣Q;♣J;3
E;NT;N:.6.3.Q96 86..7.7 .K.A2.8 5..Q5.J;♣A ♠7 ♣5;♣6 ♣9;2
N;NT;N:T.J7.J.A Q4.T54.. 985.6.4. .8.7.752;;♥J ♦J ♠T ♥7 ♣A;3
N;NT;N:Q.65.6.9 .2.J752. AK..AQ3. 9.AK.4.A;;♦6 ♠Q;4
N;NT;N:K9.5..J8 76.T.3.Q .8.Q87.K T.A.4.54;;♠K;5
N;NT;N:A.542..K KQ.T.5.A 5.98.Q.2 2.7.KJ.Q;;♥2 ♥4 ♥5 ♠A ♣K;1
N;NT;N:2.J.3.K9 K..5.J32 94.32.K. ..QT2.T5;;♠2 ♣K ♥J;4
N;NT;N:.72.Q54. 74.AT..6 J.64.K3. Q.Q9..74;;♦4 ♦5 ♦Q;3
N;NT;N:.7.A8.65 J54.2..2 92..93.A 7.6.QT.K;;♣5 ♣6 ♥7;4
S;NT;N:J.A.62.8 .QT2..AJ 42..T8. Q..J.95;♦K ♠6;♦2 ♦6;1
S;NT;N:3..AT5.2 K..QJ7.6 94.2..4 .T.6.KT;♣Q ♦K;♣2;3
W;NT;N:7.76.8.2 .Q5.5.K4 KT3...T8 9.8.4.7;♥2;♥6 ♥7;2
N;NT;N:94.J4.3. ..2.K962 J75.A.7. 3.T6.4.4;;♦3 ♠4 ♠9 ♥4 ♥J;5
S;NT;N:.84.T5.8 97.A9.K. 8.KQ5.. 6.6..T3;♦9 ♣5;♦5 ♦T;1
S;NT;N:8.JT3.4. .6.8.763 Q3..5.9 5.4..K8;♣4 ♠6;♥3 ♦4 ♥T ♥J ♠8;1
E;NT;N:86.A8..A 2..A.83 Q.76.7. 9.J..Q9;♠5 ♣J ♦5;♠6 ♠8;5
S;NT;N:8.5.KQ.A Q3.4.A.8 A.9.J.5 5.J6.7.;♣6 ♠9;♣A;3
N;NT;N:Q9.763.. .QJ.83.4 T..KJT.Q .K8.7.95;;♠9;5
E;NT;N:97..Q7.2 .Q5.98. .A84..3 J2.7..J;♠4 ♣7 ♣9;♠7 ♠9;4
E;NT;N:J84...82 9..3.KQ 7.J6..7 .2.5.T4;♦K ♥5 ♣9;♠4 ♣2 ♠8 ♣8;1
E;NT;N:J6.654.. K.J.J9. 53..4.K 4..A.Q2;♠9 ♠A ♣T;♠6 ♠J;2
N;NT;N:T..A96.5 .T85.4.3 A85..Q3. .J.5.KQT;;♦6 ♦9 ♦A ♠T;5
S;NT;N:.A2.QJ.K 6.J.5.52 K93...7 5..9.43;♠4 ♥8;♥2 ♦J ♦Q ♣K;4
S;NT;N:54.Q4..T 9.53..63 .A9.J.4 2.K6..7;♠6 ♠J;♠4 ♠5;4
E;NT;N:A42..2.T .A4.6.Q ...AJ95 6.J9.7.;♦J ♦5 ♠9;♦2;1
W;NT;N:K92..J5. 85.2.K8. 7.KQ6.A. .J8..54;♣6;♠2 ♦5 ♠9 ♠K ♦J;2
E;NT;N:6...KQT6 K.J..A5 .K.J64. J72...J;♠Q ♠8 ♥T;♠6;2
S;NT;N:.5..KQ97 JT2...54 7.76.T. .KJ8.4.;♥9 ♥A;♥5;1
S;NT;N:4.7.6.QT 832..T.5 .8.7.K9 7.3.52.;♠6 ♥Q;♠4;1
E;NT;N:4.K.JT.7 .97..64 QT2.6.. 85..Q5.;♣8 ♣Q ♦2;♣7;5
W;NT;N:.AJ.3.T8 ..AK54.3 9.K..K64 J.32..2;♦Q;♦3;1
W;NT;N:T97.6..A 4.7.95.8 .A.J.T94 J.2..KJ;♠8;♠9 ♠T;4
E;NT;N:5.T96.2. A9.J4.. .K5.3.2 .87.Q.6;♣Q ♦5 ♣K;♥6 ♦2 ♠5;2
N;NT;N:.T.K7.AK 9543.2.. A2..2.87 Q.A.J.T2;;♥T ♦K ♣K ♣A;4
N;NT;N:2.965..K .T.K3.Q3 KJ.4.2.5 6..T9.84;;♣K ♠2;3
N;NT;N:T..5.975 862..K.2 7..2.AQ6 4.7.A84.;;♠T ♣5 ♣7 ♣9;4
W;NT;N:.73..873 J96.T..5 K..A8.K6 5..92.Q;♣4;♣3 ♣7 ♣8;4
N;NT;N:K..T9.93 .AT72..T 73.K.K.Q T.64..K2;;♠K ♦9 ♦T;3
E;NT;N:42.A.K.2 9.4..Q5 T..5.64 Q.65..K;♣J ♦7 ♠A;♣2;2
E;NT;N:.4.Q3.42 J5.6.7. K.Q92.. .J.J.J3;♦6 ♠7 ♠4;♦Q;5
E;NT;N:T82.A.2. 4..AK.9 ..T9.KQ Q.3.6.4;♠7 ♠5 ♥Q;♠8 ♠T;2
S;NT;N:..T.KQ65 Q.52.A.2 5.A96.. T..9.94;♠8 ♥4;♣5 ♣6 ♣Q ♣K ♦T;3
N;NT;N:Q8.4.J3. ..AQT8.8 J4.7.6.3 9.8..KJ9;;♠8 ♠Q;2
W;NT;N:Q.AQ4.3. 65..4.J6 9.9.J.32 KT...A7;♦8;♦3;4
N;NT;N:.6.Q2.J5 ..J3.T72 75..K.A3 93.93..8;;♣5 ♦2;4
N;NT;N:K7...832 J.AK4..6 ..AKQ86. A8.76.2.;;♣8;3
E;NT;N:64..8.98 T.4.J6. .Q8.A.4 A..KT.3;♦Q ♦4 ♠5;♦8;3
W;NT;N:7..63.T6 6..J5.74 .63.4.82 .5.T.K9;♠T;♠7;1
E;NT;N:QT2.4.3. 5..8.53 3.8.T9. 8..Q5.A;♥5 ♣Q ♥K;♥4;2
S;NT;N:3..QT3.8 .J83..T4 J..8.K2 4.4.2.Q;♥A ♥K;♦3 ♠3 ♦T ♦Q ♣8;5
S;NT;N:.7.Q53.5 .Q9.42.Q 43.5..8 A.AK.7.;♣J ♣4;♣5;1
N;NT;N:8.63..98 .Q.AJ.53 K2.K.86. A.52.5.4;;♥3 ♥6 ♣8 ♣9;3
E;NT;N:2.743.5. .2..Q52 Q63...A .6.973.;♣T ♣J ♠8;♥3 ♥4 ♥7 ♠2 ♦5;5
N;NT;N:.9.KJ8.4 4.43..K6 2.T.95.2 .Q8.7.83;;♦8 ♦J ♦K;3
N;NT;N:T.K.J.94 J.2.A5.8 .63.9.JT 73.T.8.K;;♣4 ♣9 ♥K;1
N;NT;N:..76.AKT .K8.Q.97 Q.9.K8.3 A.2.2.J8;;♦6 ♦7 ♣K ♣A;5
N;NT;N:.7.63.J9 .K9.7.AT 974...K8 .83.K52.;;♣9 ♣J ♥7 ♦3;1
E;NT;N:Q.2.Q2.A 2.8..J9 A.Q.3.4 KJ.3.K.;♣8 ♦J ♦A;♣A;3
W;NT;N:.5.AK3.4 J.9.98.K A7.2..73 T.7..Q9;♣J;♣4;2
S;NT;N:84.A9.Q. 7.Q3..Q4 .J.4.K2 T3...AT;♦A ♣9;♦Q;3
W;NT;N:.5.Q2.43 A7.T6.3. .AQ7..J5 .J.T9.8;♣T;♣3 ♣4;4
S;NT;N:A9.AJ3.. 5.Q2..T8 6.9.A6. K3.7..9;♣Q ♥4;♥3 ♥J ♠9 ♥A;5
E;NT;N:4.85.6.K .J3.3.T 9..A74. .T..A72;♣3 ♦Q ♣5;♣K;5
S;NT;N:Q5.J8.6. 63.9..AJ ..95.Q8 ..J74.T;♦8 ♣5;♦6;3
S;NT;N:.J75.8.9 J97.9..2 84.K..J 2.6.AK.;♣6 ♠3;♣9;3
S;NT;N:J3.5.A.2 T.8.8.74 95.K..J 4..J5.6;♣9 ♣T;♣2;4
S;NT;N:AJ75..4. .85.73.2 83..T.Q 6.J..K4;♦8 ♣8;♦4;5
E;NT;N:4.84.Q.5 963...A K.965.. .Q.8.K4;♦J ♠A ♠J;♦Q;2
S;NT;N:T7..K.75 5..QJ6.9 3.K9..3 .A.9.A6;♥4 ♥2;♣5 ♣7;4
S;NT;N:.842.A.A A.3..543 J2..Q7. Q.T..QT;♥9 ♣8;♥2 ♥4 ♥8;3
S;NT;N:9.6.Q8.Q .T73.3.9 7.K8.5. 43...K4;♦A ♣T;♦8 ♦Q;5
W;NT;N:A.A87..7 K9.2.4.A T5.T.5.5 J..63.K;♣6;♣7;1
E;NT;N:J6.9.2.2 .2.4.75 .4.J6.J .K6.8.6;♥T ♣9 ♥A;♥9;2
E;NT;N:Q2.K98.. ..54.42 .A5.3.K .J2.K.8;♠8 ♠6 ♣3;♠Q;5
S;NT;N:7.75.J.2 93.KT3.. A5..3.7 .92..93;♦Q ♦8;♦J;3
N;NT;N:K3.9..85 5.QT.8.3 A42.K4.. ...A9762;;♠3 ♠K ♥9;4
W;NT;N:85.A7.3. Q.84.T.T K94.5..9 AJ.Q..3;♠6;♠5 ♠8;2
E;NT;N:Q..95.43 8.K2..J 7...A97 .3.72.6;♥Q ♠9 ♥5;♣3 ♣4 ♦5;2
N;NT;N:6..3.Q65 K.7.2.98 Q.93.A.2 4..Q74.T;;♦3;5
W;NT;N:K..J8.85 2.3.74.3 7.975.Q. 4.A4..6;♣2;♣5;5
N;NT;N:.732..42 J5.4.6.J 98.Q9.A. Q4.A8.3.;;♥2 ♥3 ♥7;1
S;NT;N:32.6.5.3 ..JT9.JT K.T3.4. 9..A.A4;♠A ♣6;♠2 ♠3;4
S;NT;N:Q.5.87.2 T..AK4.Q .2.3.98 4..J6.7;♣J ♠A;♣2;1
S;NT;N:KT.J.6.2 32.2.J.9 ..975.7 8..84.J;♣3 ♥K;♣2;3
E;NT;N:J.T.Q.Q2 .3..987 2.85..6 T.7.K6.;♠5 ♠Q ♥2;♠J;3
W;NT;N:Q2..7.AJ 5.4.2.64 J8.6..75 T.53.8.;♠3;♠2 ♠Q;5
W;NT;N:T..8.974 A4.A3.A. K5.9..T5 76..5.8;♦2;♦8;1
W;NT;N:754.3.K. 6.987.T. Q.A.A.A5 .6..762;♦2;♦K;4
N;NT;N:7...9654 J4.65.4. Q..Q73.2 .T9.5.KQ;;♠7;4
S;NT;N:97.A.6.A 4.95.9.6 K..8.92 ..QT5.4;♥7 ♥J;♥A;4
E;NT;N:.54..JT5 2.T.3.K ..Q6.96 .J8.74.;♠9 ♠J ♦T;♣5 ♥4 ♥5 ♣T ♣J;2
W;NT;N:4.93.A6. K6.2..T2 A9..85.8 5.76..K;♦K;♦A;5
S;NT;N:T..A52.A .J63.J8. 3..K.94 .K.3.63;♥9 ♣8;♦2 ♦5 ♦A ♠T ♣A;3
E;NT;N:..93.J64 987.2.. A2.T.4. .7654..;♥A ♣K ♦T;♣4 ♣6 ♣J ♦3;4
N;NT;N:5.A.Q.85 4.4.2.72 T.82.T3. J8.T..J9;;♥A ♦Q;2
N;NT;N:6.AQ4..7 K8.2.K.8 Q..A94.J 7.KT3.6.;;♥A;5
S;NT;N:J..82.96 62.T8..T T.75.J. K.96.3.;♠5 ♠7;♠J;2
N;NT;N:Q75.3.Q. .6.72.T9 .J7.8.62 6.T4.5.5;;♦Q ♥3 ♠7 ♠Q;5
W;NT;N:T.J6.K.5 2.2.T.T4 .9.A.A87 J3.8.8.;♦J;♦K;5
N;NT;N:J5..T3.J 86.5.A9. .T.K64.Q T...AK92;;♦3 ♦T ♠J;3
N;NT;N:.2.875.6 J72.A6.. AK..JT.K 9.9.Q93.;;♥2 ♣6;3
E;NT;N:62..A3.T 9.2.Q7. .A84.6. .Q5..J2;♣K ♣9 ♦8;♣T;2
S;NT;N:A94.8..J ..K8.T42 T7..9.Q 52..Q3.;♣6 ♥2;♣J;5
E;NT;N:84..K2.T J.K4.Q. A6...Q7 KT..8.9;♣A ♠3 ♥A;♣T;2
E;NT;N:JT4..2.7 95.T8.. 3.A5.6. 87..Q.K;♣9 ♦T ♥9;♣7;3
W;NT;N:K84.9..9 AQ..Q9.Q .7.74.K2 952...J;♥5;♥9;3
W;NT;N:A5.J2.9. 4..87.KQ 9.64.6.7 J.5.J3.;♠8;♠5;4
W;NT;N:3..J83.T K.T6.K6. .Q8.A.J5 QT4..4.;♦5;♦3 ♦8 ♦J;4
N;NT;N:83.K5..A 2.A4.A.3 KQ..8.J2 5.3.52.4;;♠3 ♠8 ♣A;4
E;NT;N:2.8.QT5. T.JT..2 86.K.6. 7.5..AQ;♥4 ♠K ♠Q;♥8;4
E;NT;N:4.KJ.A4. 9.5.J.T 63.4..K K7.Q.8.;♠J ♣6 ♣3;♠4;2
E;NT;N:K2.6.7.4 ..QJT8. 7.T92.. 4.73..2;♠8 ♥4 ♣8;♠K;5
W;NT;N:AJT3.K.. .J982.J. K.T.A8.K 2.A.43.;♦5;♠3 ♠T ♠J ♥K;5
S;NT;N:T.K8..KQ Q..AT.43 3.5.Q9. J.J7.2.;♣J ♥3;♣Q ♣K;3
E;NT;N:7.A.9.T4 3..4.73 A..8.J8 J95..2.;♠8 ♦A ♦5;♠7;4
N;NT;N:.942.A.T .6.54.J2 .KJ.76.7 763.A.J.;;♥2 ♥4 ♥9 ♦A;1
N;NT;N:6.K76.5. .T53.9.K J2..T43. T4.AQ..Q;;♦5 ♠6;4
W;NT;N:K8.A.KT. 4.T.6.JT J.42.A.8 2.Q.2.9;♣3;♠8 ♠K ♦T ♦K;3
S;NT;N:.4.9842. A63.T7.. T...KQ4 .5..A86;♥K ♣5;♥4;1
N;NT;N:5.T7..K8 3..93.72 .K42.74. 98.98..4;;♣8 ♣K ♥T;5
E;NT;N:2.QJ.A.K .K7..Q5 .65.J3. 4.8.6.6;♣7 ♣2 ♣J;♣K;2
S;NT;N:6.4.Q8.T J.8.T7.A Q.62.A. .J.KJ2.;♣5 ♥3;♣T;2
E;NT;N:Q6.QJ8.. 3.5..K7 T..A2.4 4.T.7.J;♠9 ♠5 ♠8;♠Q;5
W;NT;N:T.6.9.J6 8..KT.T5 .JT.832. 4..AQ.7;♠Q;♠T;1
E;NT;N:AQJ.4.K. 62..J2. .3.T.A8 4.K.94.;♥J ♦7 ♣K;♥4;4
S;NT;N:9.A.73.T 4.3.A2.3 .6.K.J8 3.J.T5.;♣5 ♣2;♣T;3
W;NT;N:.3..T984 2.5.76.5 AK.Q.5.2 Q.T2..A;♥9;♥3;3
W;NT;N:Q4.4.4.9 KT2...J5 73.72..7 .KQ.75.;♣6;♣9;1
E;NT;N:3.983.5. 7.K.J.3 A..7.JT .5.8.Q6;♦3 ♠8 ♠4;♦5;2
N;NT;N:.873..A6 5.J.52.2 A9.K.T.8 82.T.Q.K;;♥3 ♥7 ♥8 ♣A;5
S;NT;N:T.7.8.T4 8.Q5.J.J Q.6..85 4.A.T2.;♣9 ♥8;♣4 ♣T;1
S;NT;N:7.2.T32. ..K.QT72 Q.T3.8. .6.7.64;♥Q ♠6;♥2;4
N;NT;N:43.5.8.5 9...AT96 .K.Q72.2 J82..K.7;;♥5;1
W;NT;N:.K9.A8.4 KJ..65.Q 2..KJ.T3 86.Q..7;♣6;♣4;2
E;NT;N:6.A.J7.A 7.8..72 83.Q.K. .52.AQ.;♥4 ♠9 ♣8;♥A;5
E;NT;N:Q.42..J6 4.Q.T2. .J.4.A8 T..8.92;♠J ♦9 ♥K;♠Q;3
E;NT;N:.2.9.J62 9.J3.7. ..Q6.AT 82..5.4;♥5 ♣8 ♥8;♥2;1
N;NT;N:.J.T4.K8 .93.2.A5 8.2.5.92 A9.5..T6;;♦4;4
E;NT;N:.82.73.4 .K4.J9. .7.5.KQ T.6.T.T;♣2 ♠J ♠3;♣4;2
N;NT;N:..A75.72 .42.4.KQ .Q9.T8.J J9.A3.6.;;♦5 ♦7;3
S;NT;N:Q74.7..J K.J.9.Q5 .AT.6.8 T2.9.5.;♦A ♣6;♠4 ♠7 ♠Q ♥7 ♣J;4
S;NT;N:A53...Q2 96..76.A 87.J4.. .96.J9.;♦K ♣3;♠3 ♠5 ♣2 ♣Q;3
N;NT;N:4.7.A.KT .J4.65.5 T92..2.A .Q.J74.Q;;♣T ♣K ♦A ♠4;5
W;NT;N:Q.T5.64. 9..KQ2.J .K6.7.A5 62.Q3..;♦3;♦4 ♦6;2
N;NT;N:AQT.8..6 9.K2.3.7 5..T72.4 K3.3.K.Q;;♣6 ♠A ♥8;1
N;NT;N:Q.2.75.5 .A6.3.73 2.Q..QT6 A3.T.A2.;;♣5;3
N;NT;N:6.K7.9.6 7...KQJ9 J3.AQ.2. 2.3.63.7;;♠6 ♥7 ♥K ♦9;5
S;NT;N:6.AK.K.6 JT.Q42.. .7.Q7.9 9.8.3.J;♣K ♥T;♣6;4
S;NT;N:Q.4.A.82 8.J8.9.6 T92..4. ..63.74;♣5 ♠6;♣8;3
S;NT;N:K.K4.5.A .87.98.5 A.65.J. 4.J.T.7;♣Q ♥9;♣A;4
N;NT;N:T32..T.3 4..A753. J.A.42.7 Q8.6..AJ;;♠2 ♠3 ♠T ♣3;1
W;NT;N:A54.3.4. 6..AJ8.T .Q.96.AK .T..J87;♥8;♥3;3
N;NT;N:Q..Q652. ..J.A872 4.KQ.9.5 A.A3.8.J;;♦Q;4
N;NT;N:A.5.3.K9 4.32..A6 J3.J..J8 8..KQT.3;;♠A ♣K;4
S;NT;N:K.42.2.7 5.A.Q9.9 76..J8. Q.QT..T;♣8 ♦5;♣7;1
N;NT;N:.J98.K.J AK.T..86 .3.J7.72 9..T64.5;;♥J ♣J ♦K;5
N;NT;N:3.K.75.T QJ..8.QJ K8..J3.5 9.AT53..;;♠3 ♦5 ♦7 ♣T;3
S;NT;N:AT6..J8. Q7.A.6.Q J.K6..8 2...K92;♠5 ♣A;♠A;3
W;NT;N:.76..T75 76..983. .T82.T6. Q..752.;♣8;♣T;5
N;NT;N:7.KT.8.J 65.9.7.4 9.75..82 8.6.T53.;;♥T ♥K ♣J;5
N;NT;N:.J.J3.A4 J5.A3..9 42.K4.9. T6.96.8.;;♣A ♦J;4
E;NT;N:5.T.J.T4 .5.86.K 9.82.9. Q...AQ8;♣9 ♦T ♦Q;♣T;3
S;NT;N:A8.K.A.3 Q7..K.62 T.T.T.J 94..J.4;♦5 ♥5;♦A;4
W;NT;N:A.K2.Q.5 4.7.32.Q K.4.K.T2 J.Q6..3;♠2;♠A;4
E;NT;N:...KJT85 5..A.93 .3.4.A6 QT..Q.7;♥2 ♥A ♣2;♣5 ♣8 ♣T ♣J ♣K;5
E;NT;N:A7.Q.5.8 2.A.J6. 3.T.T.4 .95.A.J;♥J ♥K ♥3;♥Q;3
W;NT;N:J7.6..93 8.Q3.53. K52..7.K 3..J6.5;♥4;♥6;1
S;NT;N:T3.J.6.9 .K965..4 .8.72.2 6.2..Q7;♦Q ♦8;♦6;3
E;NT;N:4.43.5.A .5.84.2 Q.9.KQ. 5.2.6.Q;♥8 ♣J ♦3;♥3 ♥4;4
W;NT;N:T3.A..Q8 .J743.4. J85.Q..5 .6.AK6.;♣3;♣8 ♣Q;5
N;NT;N:.9863.3. 876.Q.2. ..54.K85 T.J.T.A3;;♥3 ♥6 ♥8 ♥9;1
W;NT;N:.2.JT8.8 8.A.6.A5 Q2.98.3. J.T3..J;♣T;♣8;1
W;NT;N:KQ.5..K3 5.A4..J8 8.J8..A7 T..7.42;♦Q;♥5 ♣3 ♠Q ♠K ♣K;3
N;NT;N:87.J..72 .AQ9.T8. J.32.K3. Q.5.4.K5;;♥J;1
W;NT;N:K72...52 8.AK..T4 5.84.8.A 6.9.2.Q;♥Q;♠2 ♣2 ♣5 ♠7;3
E;NT;N:.AJ..A43 2..76.T 8.93.K. T.7.T4.;♣9 ♦8 ♣K;♣A ♣3 ♣4;3
W;NT;N:8.9.J2.A 7..T.T75 .KQ6.9.2 ..AQ6.4;♥4;♥9;5
W;NT;N:42..JT7. K.7.2.Q9 9..K95.3 6.A2..J;♦3;♦7 ♦T ♦J;3
W;NT;N:Q9.2.2.2 T4.AT.6. 2.93.8.A .6.Q.J7;♦5;♦2;4
E;NT;N:4.AQ7.A. .T.T.J2 3.8..KT .K.J72.;♣8 ♥9 ♥2;♥7 ♥Q ♠4;4
N;NT;N:T.KQT..9 72.5.T7. .63.AQ5. .87..KJ6;;♥T ♥Q ♥K ♠T;4
N;NT;N:KT4.J..A .6.63.T5 J9.T7.K. Q.5.87.Q;;♥J ♣A ♠K;5
S;NT;N:Q8.A.T9. A93..5.6 .T5.AJ. 62..Q.2;♠K ♣9;♠8;3
W;NT;N:.5.64.Q2 32.QJ7.. ..KQJ82. 54...65;♠Q;♣2 ♦4 ♦6 ♥5;2
N;NT;N:98.7.K.5 4.86.42. A..QJ.98 J5.52..T;;♠8 ♠9 ♦K;3
W;NT;N:974..A6. 3.A.K4.3 .T73.7.Q 86..8.2;♥Q;♠4 ♠7 ♦6;3
E;NT;N:.6.QT8.5 T.9..K8 .8..T96 A2.2.3.;♣2 ♠7 ♥K;♣5;4
E;NT;N:5.T8.5.5 94.A..T Q8..8.7 63.J..8;♠2 ♥5 ♣2;♠5;3
W;NT;N:.J87.AT. 965.T4.. K.53.96. 4..Q2.T;♦3;♦T;4
N;NT;N:6.Q986.. 94..K6.2 K82..4.4 QT.4.5.T;;♥6 ♥8 ♥9 ♥Q;5
S;NT;N:93.96..K Q842...3 .74.4.J .J3..A4;♠J ♦T;♠3;1
N;NT;N:JT6.A..8 9..4.A43 .4.A5.62 .9.9.J75;;♥A ♠T ♠J;4
E;NT;N:KQ7.Q.Q. .9.9.K4 .8..J95 85..5.T;♠4 ♦6 ♠2;♠7;5
N;NT;N:2.6.J5.7 .AK.7.42 .Q..T853 8.7.943.;;♦J;5
W;NT;N:5..QJT.7 .T3..T95 72..6.K8 .K2.84.;♠6;♠5;5
W;NT;N:.9.QJ.Q6 Q8.A3.8. AK4.4..4 76..K.J;♣5;♣6;4
S;NT;N:J.AQ7.K. Q5.8.2.T .64.Q6. .J9..97;♠7 ♠K;♠J;2
N;NT;N:.AQ.5.K3 5.5.A.T2 A.3.J98. QJ.8..Q7;;♦5 ♥Q ♥A ♣K ♣3;3
N;NT;N:AQ94.K.. .T62.5.9 8.5.A.83 .9.Q6.J6;;♥K ♠4 ♠9 ♠Q ♠A;5
S;NT;N:T52.QT.. .J8..K85 A.2.7.3 .5.5.J2;♥K ♣6;♥T;5
W;NT;N:.3.AKJ.6 953..62. J4.J..KJ .Q8..T2;♠A;♥3 ♣6 ♦J ♦K ♦A;2
W;NT;N:6.J3.8.Q .72.96.8 Q.5..T43 T.QT..6;♦7;♦8;2
E;NT;N:KQ.7.Q6. .2.AK7. .A.5.87 95.9..J;♥5 ♣A ♥8;♥7;2
W;NT;N:Q.Q4..AQ 4.A76.2. ..75.J82 K82..4.;♠T;♠Q;3
W;NT;N:4.T.J.72 Q.5.87.4 J.A.3.A6 AT.98..;♦5;♦J;4
W;NT;N:4..7.K94 9..932.5 5.7.654. 6.AK..6;♠Q;♠4;1
S;NT;N:K42.7.2. 93.K.AK. ...AKJ2 AQ.4..5;♦Q ♥2;♦2;1
S;NT;N:3.Q.T.32 .95.J.Q6 8.2.8.8 975...J;♦K ♥T;♦T;3
E;NT;N:J.Q5.3.9 T3.3..J .J7..82 .9.QT2.;♠8 ♠9 ♣5;♠J;3
N;NT;N:7..8.K86 98.Q7.T. .2.KQ3.4 4.4.74.Q;;♦8 ♣K;5
N;NT;N:.Q..AKJ3 94..74.6 KJT..8.Q 82.4..74;;♣3 ♣J ♣K ♣A ♥Q;5
W;NT;N:K7.K.J.5 4.5.K2.A 9.4.A98. 6.Q6..6;♣2;♣5;4
W;NT;N:7.T8.Q.8 4...JT63 .J976.4. 6.Q43..;♣Q;♣8;3
S;NT;N:AJ.J.Q.K K7..6.64 6.2.K.J 2.Q.4.A;♦A ♣8;♦Q;3
W;NT;N:.J43.8.3 84.QT..Q 3..J.KJ2 T.5.7.9;♣4;♣3;4
N;NT;N:4.3.A.75 AK987... Q.J2.6.K 6.A.J85.;;♣5 ♣7;3
E;NT;N:.T974..3 .Q52.6. A3..K2. K.J.A.9;♣5 ♦Q ♣T;♣3;1
N;NT;N:94.A.A.T A.8.7.97 6.7.QJ5. 8.K3..K8;;♠4 ♠9 ♦A ♥A ♣T;2
W;NT;N:K9.6..K3 QT..5.J2 5.95.J3. 4...T86;♥T;♥6;2
W;NT;N:J.K6.J4. 94.2.A.Q Q..KT9.9 K.5..T3;♣A;♦4 ♦J ♠J ♥6 ♥K;1
N;NT;N:Q62..K3. 4.75.8.5 A.T.4.A7 .82.A.KT;;♦3 ♦K ♠2 ♠6 ♠Q;3
E;NT;N:A8.2.A.8 7..742. 6.Q9.8. 4.3..A9;♥8 ♥J ♦5;♥2;5
N;NT;N:2..754.6 8.72.J.Q KJ64...4 3.9.A2.J;;♠2;4
W;NT;N:.7.932.T K4.T9.Q. 9.K2..AQ JT2...4;♦5;♦2 ♦3 ♦9;1
N;NT;N:6.632..3 ..753.K9 .KT.T2.6 9.J.A9.5;;♥2 ♥3 ♥6;2
W;NT;N:Q7.Q2.K. T.8.Q2.4 K5.KJ7.. .T6.4.A;♣3;♥2 ♠7 ♠Q ♥Q;4
E;NT;N:43.Q..A6 KQ..43. .K.J8.2 A.A.K.4;♦A ♦Q ♦9;♠3 ♠4 ♥Q ♣6 ♣A;1
S;NT;N:.2.K.975 8.3.T.T2 4.7.7.A A.J.J.6;♥K ♥8;♥2;3
S;NT;N:62..96.5 .T42..Q9 .AJ.87. J.K8.K.;♦A ♠K;♦6 ♦9;3
N;NT;N:T.A.Q6.A 4.2.93.2 87.4..87 5.T..KQ4;;♠T ♥A ♣A ♦Q ♦6;4
N;NT;N:JT..7.76 4.85.A.3 96.Q9..A A82..6.8;;♣6 ♣7 ♠T ♠J ♦7;3
W;NT;N:K8.QT..7 Q.65..A8 T..AQ6.J .8.J8.Q;♥A;♥T ♥Q;2
E;NT;N:K2.9.7.Q T.6.9.6 J7..T.7 .K752..;♠6 ♠A ♦J;♠2 ♠K;5
E;NT;N:A.3..AK9 T.T.5.3 K92.Q.. 54.4..8;♥J ♠8 ♦Q;♥3;3
N;NT;N:KQ.K8.4. .A32.T.Q ..72.932 A82.T..A;;♥8 ♥K ♠Q ♠K;1
S;NT;N:A9.8.2.A .K9..K64 Q84.Q.. .32.Q.9;♥6 ♠J;♥8;3
N;NT;N:97.32..3 52...AJ5 4.8.Q.Q7 T.4.A7.2;;♣3 ♥2 ♥3;1
E;NT;N:.K7.J.Q4 4..52.7 86.J..9 T.9.K.8;♦8 ♦T ♦4;♦J;5
N;NT;N:A6.3.62. 8.J6.A8. 3.A.JT.2 K72.5..K;;♦2 ♦6 ♥3 ♠A;3
E;NT;N:A3.8.4.K ..82.65 T.6.AK. 7.A.3.3;♣9 ♥4 ♥K;♣K;5
E;NT;N:97.A..J6 .Q7.7.9 K.4..A8 4..K.KQ;♣7 ♥K ♦4;♣J;5
S;NT;N:K.K2.A.8 .A.QT.75 ..8.JT2 Q..974.;♦3 ♥6;♦A;5
W;NT;N:3.AK.9.J .3.T.Q83 5..J4.K2 42..3.A;♥8;♥K ♥A;5
E;NT;N:643.K..J K.J4..9 .T.T8.7 J.8..Q4;♣5 ♥6 ♦7;♣J;2
E;NT;N:Q7.4..Q5 2.Q..T4 4.2.K.6 A.AJ.J.;♥T ♥9 ♠K;♥4;1
E;NT;N:4.7..JT2 853..5. KQ..3.K 6..A.AQ;♣5 ♥8 ♦K;♣T ♣J;4
S;NT;N:4.52.2.J J.AJ.9.7 .T8..AT 7.Q.3.3;♠A ♦K;♠4;3
W;NT;N:Q.5.K2.4 7.A83..J 2.J74.8. 94..5.6;♣2;♣4;3
W;NT;N:7.A.J.52 J.7.A4.K 4.6..AT9 8.JT.K.;♦T;♦J;2
S;NT;N:KQ5...K9 2..T2.73 A9.T..J 74.5.7.;♣5 ♣Q;♣K;5
S;NT;N:K7.T6.8. 9.7.K4.K .K.T.92 AJ..J.8;♣T ♣4;♥6 ♦8 ♥T;1
E;NT;N:8.7.Q8.4 K9..7.7 43..T.A J2.3..K;♦6 ♥8 ♠A;♦8 ♦Q;4
N;NT;N:65.A4..T 9.53.64. K..QJ5.6 3..72.AQ;;♥A;5
S;NT;N:J4..A6.7 9.65.K.T A75..Q. T.J2.8.;♥K ♣Q;♦6 ♠4 ♣7 ♠J;5
S;NT;N:KJ8..8.K ..KJ.543 .4.6.J9 3.K.AQ.;♦7 ♣8;♦8;1
S;NT;N:6.42.A.2 9.7.K.K8 .T.T9.Q 84..7.A;♠K ♥Q;♠6;4
N;NT;N:5.KJ2..7 Q.4.2.92 42.Q.K4. 873.A8..;;♥2 ♥J ♥K;1
W;NT;N:K6.2.KJ. .AQ5.6.T .KJ4.2.Q T.6..J8;♣3;♥2;5
S;NT;N:K9..AQ7. .T54.2.J 643...A 5.7.9.7;♠A ♣T;♠9 ♠K;5
W;NT;N:..T32.72 ..Q4.AJ6 63.Q..K4 T.JT3..;♦8;♦T;2
S;NT;N:72.75..A A5.3.9.Q .JT4..3 .6.J.84;♠T ♣J;♠2;3
E;NT;N:T..2.J54 .4.83.9 A.3.J.A .J8.K.Q;♠K ♥T ♠J;♠T;1
N;NT;N:Q95..7.9 .Q6.3.32 2.J9.Q6. 8..T85.K;;♠9 ♠Q;5
E;NT;N:54..3.K8 73...72 .5.K8.3 ..J.Q64;♣J ♠6 ♣T;♣K;4
N;NT;N:95.3.87. J.4.J.84 T7.J7..A 8.AK.5.9;;♠5 ♠9 ♦7 ♦8 ♥3;1
S;NT;N:5.A.74.Q .5.J3.J8 6.3.T.3 .94.K.6;♠K ♥6;♠5;4
E;NT;N:Q7.T.K.T J2..42. .J8.5.5 ...AJ87;♣3 ♦3 ♠8;♣T;5
E;NT;N:.K9.K92. 4..J6.J A.84.5. ..T7.73;♣4 ♦3 ♣6;♦2 ♦9;3
N;NT;N:Q2.2.Q.6 .Q4..Q53 9.T.A5.7 .A9.842.;;♦Q ♠2 ♠Q;3
S;NT;N:Q.98.5.J .A3.6.43 JT..A8. A6.4.2.;♥6 ♥T;♥8 ♥9;2
N;NT;N:KQJ...A4 A.4.K3.T 6.T2.Q9. .A5.A54.;;♣A;2
S;NT;N:A3.J4.K. .65.A3.5 .9.95.2 T..T.Q6;♦Q ♣7;♦K;1
S;NT;N:KT8.A..9 95.4.J3. J7.K.4. 6.7.6.Q;♣2 ♥9;♣9;5
N;NT;N:.6.J8.K2 4..72.96 76.53.Q. 5.KT.A.T;;♣K ♦8 ♦J ♥6;2
S;NT;N:J7.9.K5. 92..Q3.T .A6.T6. A8.3.9.;♣9 ♠Q;♦5;3
E;NT;N:.K7.T92. Q..K.A8 .3..QT4 J9.96..;♠5 ♥Q ♦4;♦2 ♦9 ♦T ♥7 ♥K;1
N;NT;N:K2..7.62 .3.J62.Q .K..KJ98 76.7.AT.;;♣2 ♣6 ♠K;5
W;NT;N:.A4.3.K9 43.J.7.5 7.3.65.4 95..2.T;♥7;♥A;4
W;NT;N:AK4.7.Q. 5.8.53.Q .AJT.T9. .3.2.KJ;♣T;♠4 ♥7 ♠K ♠A ♦Q;4
N;NT;N:KQ..A8.T 54.7.32. .6.6.AK8 .8.54.94;;♦8 ♦A ♣T ♠Q ♠K;5
N;NT;N:T32.AQ.. .98.94.Q 9.J.Q.K7 ..7.9862;;♥Q ♥A ♠2 ♠3 ♠T;5
N;NT;N:.T3.Q.AK 4.KQ.T.6 .A.93.93 A32.8.8.;;♦Q ♣K ♣A;5
N;NT;N:K6.J.4.A 4.Q.T65. Q.7.A2.3 AJ.4.3.8;;♥J ♠6;3
S;NT;N:6.T.2.T3 42..65.J .96..Q4 Q5.7.7.;♥K ♦T;♥T;5
S;NT;N:.AJ9..A4 J4.3.6.K A..A.Q6 .7.K9.T;♦7 ♠8;♣4 ♥9 ♥J ♥A;5
W;NT;N:KJT7..4. 8.65.2.8 .J2.J95. 3.7.K3.;♦6;♦4;3
N;NT;N:32.7.8.T A54..42. J.8..Q42 87.KT..7;;♦8;4
S;NT;N:2.J.5.J6 73.9.9.Q Q.K.6.T K.85.8.;♥2 ♣2;♥J;2
E;NT;N:T.5..QJ6 53..K.T .Q3.QT. A6.J..A;♦2 ♦A ♦9;♣6 ♥5 ♣J ♣Q ♠T;3
W;NT;N:3.KQ.82. 5.T5..98 A4..T.Q3 9.84.J.;♥6;♥Q ♥K;5
S;NT;N:92.Q.75. 75.2.3.Q KQ6..J. .3.K4.7;♥5 ♣T;♥Q;4
E;NT;N:8.8.9.A9 .J..K75 9.6.7.J Q..J8.T;♠6 ♥2 ♥A;♠8;2
W;NT;N:KT.2.J.8 A.54.6.K 87..7.A4 .A.4.63;♥K;♥2;2
N;NT;N:K6.K7..8 .T.95.32 8.QJ.Q2. Q2..J4.J;;♥7 ♥K;5
W;NT;N:53.T.6.3 A9.9..65 Q2..9.K4 ..K5.QT;♣A;♣3;1
W;NT;N:8.9.T.KT .K.Q.AQ9 KT.3.5.5 .T2.J4.;♥4;♥9;2
N;NT;N:42.3.6.A KT3.K..T .7.Q3.Q7 .5.T8.92;;♣A;3
W;NT;N:.42.T7.2 A985..Q. Q.95.A3. 7..J5.T;♠2;♥2 ♥4 ♣2 ♦7 ♦T;1
N;NT;N:9.97.A.A 82..J.96 .Q5.KT.2 A5.J.6.7;;♦A ♣A;5
S;NT;N:Q8..T.A9 .KT64..8 .5.J75. 9.A..K5;♣3 ♣4;♣9 ♣A;5
W;NT;N:A.83.9.Q .QT72..8 .J.2.AT7 J2..T5.;♦8;♦9;5
E;NT;N:.K7.J6.A 2.T..K4 A86..Q. .93..97;♦9 ♥5 ♦K;♦6 ♦J;4
S;NT;N:42.JT6.. T.Q8.A.6 Q.A.T.A A7.K2..;♦3 ♣3;♥6 ♠2 ♠4 ♥T ♥J;2
S;NT;N:A2.3.A.7 3.5.T83. 9.4.4.3 Q..Q.Q4;♦2 ♠J;♦A;3
S;NT;N:A7...KJ2 ..QT75.9 .7.K8.5 .3.J.AT;♠T ♣7;♠A ♠7;4
W;NT;N:96.6.T.3 4.7.A9.J .A..A962 A8.K9..;♠J;♠6 ♠9;2
W;NT;N:Q.T.762. .92.K9.9 9.Q3.3.7 T..T54.;♠J;♠Q;3
E;NT;N:87.4.T6. .7.K.Q9 AK.A..7 .J.J9.T;♠5 ♣4 ♣3;♠7 ♠8;4
W;NT;N:T.6.K.97 2.J8..Q2 7.3.T.64 43.Q..A;♦2;♦K;2
N;NT;N:J8..QJ2. K9.7.6.5 A4.J.83. 6.T9.4.9;;♦2 ♦J ♦Q ♠8 ♠J;5
S;NT;N:5.A8.65. K..9.K82 3..Q7.9 862.7..;♠Q ♥J;♠5;1
W;NT;N:8.5.K4.5 T2..T65. 9.4.7.42 A.9.3.8;♠6;♠8;1
N;NT;N:53.AQJ.. 6.4.5.K2 94.8..A9 K..A4.43;;♥J ♥Q ♥A;3
W;NT;N:.J.86.A6 J5.3.Q4. 9.85.3.8 A.QT..7;♥4;♥J;3
N;NT;N:943.J..7 .3.T82.3 7.74..62 .Q.6.QJT;;♠9;3
E;NT;N:42.64..9 .A2.9.A 6.KT7.. K...754;♣2 ♥8 ♥J;♣9;2
S;NT;N:T975...K K42...98 .8.J9.7 .J7.K6.;♣2 ♦5;♣K;3
S;NT;N:.86.4.86 8.J3.J8. .A7..AJ ..A52.K;♠J ♦9;♥6 ♦4 ♥8 ♣6 ♣8;4
W;NT;N:84.9.62. QT7..4.K 2..Q75.J .Q74..6;♠6;♠8 ♠4;1
W;NT;N:4.J.Q.85 96.K.A.A K..7.KJT 3.T.5.6;♥4;♥J;1
N;NT;N:.A53..A3 6.J.9.92 T73...J4 2..J73.Q;;♣A ♥A;5
E;NT;N:T2..8.A9 K.7..K2 .2.K94. 7..J.QJ;♦7 ♥J ♥5;♦8;3
E;NT;N:Q.5..J85 .3.KT.9 T3.K8.. .J.952.;♦4 ♣Q ♣3;♣5 ♣8 ♥5 ♠Q;2
N;NT;N:.83.2.A2 Q.7.A87. .94.3.54 43.Q5.5.;;♣2 ♣A;2
S;NT;N:8.74..J2 4.2.3.97 Q.KT..3 J9..8.8;♣K ♥9;♣2;5
S;NT;N:.7.A93.T 3..J.965 75..K.2 9.T9..8;♠T ♣K;♥7;5
S;NT;N:.QT.K9.Q 4.54..J7 Q72...5 J6..J.K;♠3 ♣T;♦9 ♣Q ♥T ♥Q;3
W;NT;N:865.9..9 32.86..7 AQ.Q5.A. .J3..K5;♠J;♠5 ♠6 ♠8;4
N;NT;N:65.432.. .A76..42 Q4..A.KJ 3.J.94.Q;;♠5 ♠6;5
W;NT;N:A.K92..8 2.T8.AQ. K5.5.3.A 6.J.8.9;♣Q;♣8;3
S;NT;N:..T.AQ98 K6.Q8.7. A8.A.K. 9.6.62.;♣K ♥5;♣A;5
E;NT;N:.8.T94.2 .J9.5.3 Q5.T.7. T97...8;♣9 ♣T ♦K;♣2;5
N;NT;N:Q.2.6.A2 A5.K4..4 4.6.9.T3 8.8.3.95;;♣2 ♣A ♦6;3
N;NT;N:6.AQ63.. .T5.9.98 .7.3.J62 97.2..K3;;♥Q ♥A;4
W;NT;N:65..54.A Q.J8..84 .Q63.K2. .T.87.6;♠4;♠5 ♠6;3
E;NT;N:Q8.6.76. 7.J9..K 4.K..J4 A...865;♠J ♣Q ♦3;♠Q;4
S;NT;N:J.K.T.J2 8.4.A6.3 T..54.Q A3.J5..;♦Q ♣A;♦T;1
S;NT;N:5.J.QT.6 T62...K2 .97.J6. .T.K.T4;♥4 ♠8;♥J;1
S;NT;N:KT.J9.J. 52.A.3.8 8..K.95 J9..Q.6;♠6 ♦4;♠T;5
N;NT;N:T5..A2.A 3.63.QJ. J.K..432 87.T.3.K;;♠5 ♦A ♣A;5
N;NT;N:8.Q52..J K92.6..A AT7..Q.7 .K9.84.Q;;♠8;3
E;NT;N:.7.KQ52. 4.862.. .9..QT8 3..AJ8.;♠T ♣6 ♣2;♦2 ♦5 ♦Q ♦K ♥7;3
E;NT;N:QT.T.4.3 .A2..A5 .3..K92 .6.JT9.;♠4 ♦Q ♣7;♠T ♠Q;2
N;NT;N:7.7.K64. 842.T..2 .QJ3.9.A .K.72.T9;;♥7;4
E;NT;N:.A765.4. 943...A T.T.92. 87.J8..;♠J ♣J ♠Q;♥5 ♥6 ♥7;4
E;NT;N:K5.5.T.6 .83.5.9 Q4.A.6. 2.T.7.7;♥2 ♥K ♥Q;♥5;5
E;NT;N:..JT6.Q2 .9.4.T6 7.A.A.3 J.T3..J;♠T ♠A ♥5;♣2 ♦6 ♦T ♦J;5
S;NT;N:QJ5.3.9. 8.K.2.JT 4.96.J. K..8.53;♠A ♠7;♠5 ♠J ♠Q;2
N;NT;N:Q..KJ3.K T72.J4.. .Q7.9.J8 J.K93.5.;;♠Q ♦3 ♦J ♦K ♣K;5
W;NT;N:7..AT5.9 2.A..K64 6.KT8.K. ..763.Q;♣3;♣9;1
N;NT;N:A3.T8.J. 84.Q.A2. Q5.3.3.3 .A4.K7.A;;♠3 ♠A;2
E;NT;N:.A4.A52. T5.K.8. Q.72.K. 9.5..84;♣6 ♦Q ♠J;♦2 ♦5 ♥4 ♦A;4
S;NT;N:A5..A9.Q 86..43.2 .A.85.5 Q.T.K.4;♦2 ♦Q;♦A;4
S;NT;N:A3.85..8 K.K.K7.6 Q4.4..5 .T.A8.4;♦4 ♦9;♠3 ♥5 ♥8;1
E;NT;N:J9..T6.3 73.7.Q. T8..53. .QJ.J.9;♥4 ♥A ♣4;♣3 ♦6 ♦T ♠J;3
N;NT;N:3..5.K84 .KQ3.A7. 765.4..A ..J986.2;;♣4 ♣8 ♣K ♠3;4
S;NT;N:8..K87.7 J6.T..K8 2.4..53 4.2.3.T;♣A ♠9;♣7;1
E;NT;N:.64.J52. 32.K2.. T..98.T 5.J7.A.;♥3 ♥5 ♥8;♥4 ♥6;1
N;NT;N:87..6.J6 K.97.AQ. T.J6.3.T 4.2.54.K;;♠7 ♠8 ♣6 ♣J ♦6;1
E;NT;N:.A8.73.K 73.Q..2 J2.6..9 ..4.AQ8;♣3 ♣J ♠8;♣K;5
S;NT;N:..T75.Q4 AQ52...8 T96.A.. J..8.JT;♦3 ♦4;♦5 ♦7;4
N;NT;N:T.7.4.63 .J.732.T .KQ.J.A2 542..9.5;;♣3 ♣6 ♦4 ♥7 ♠T;5
E;NT;N:9.963.J. .T7.95. Q7...Q7 2...AJ9;♥A ♥J ♦A;♥3 ♥6;3
E;NT;N:T8.Q..T9 K4...Q4 A.J.82. .84.4.A;♠6 ♦9 ♥3;♠8 ♠T;5
N;NT;N:54.KT..9 K.A.2.Q7 J8.6.4.K Q..AJ.J6;;♠4 ♠5 ♣9 ♥T ♥K;1
W;NT;N:3.KQ..Q3 A4.AJ..6 87..K95. 2.74.A.;♦4;♣3 ♠3 ♣Q ♥Q ♥K;2
E;NT;N:2.87.7.Q KT...52 J5.2..3 9.3.A.T;♦J ♦K ♦2;♦7;4
E;NT;N:.QT.J6.9 Q.6.9.5 5.AJ..7 J..8.AJ;♥8 ♠A ♥3;♥T ♥Q;5
W;NT;N:.A8.4.52 QJ6.6..7 8..J3.T3 K4..A.9;♠T;♣2 ♣5 ♦4 ♥8 ♥A;1
N;NT;N:T..K5.97 Q4.Q5..5 AKJ3...Q .AJ8.A.K;;♠T;4
S;NT;N:7.9.4.A4 AQ.T..83 86..J7. T.A76..;♦8 ♠9;♦4;3
E;NT;N:3.Q9..87 .3.T98. .5.4.J5 76...K6;♦6 ♥4 ♠8;♣7 ♣8 ♠3 ♥9 ♥Q;1
N;NT;N:7.93.74. J.J84..8 ..A9.KJ6 53.2..Q7;;♠7 ♦4 ♦7;3
E;NT;N:7.T3.A.T .Q.6.J7 93.K.3. K.7..82;♦4 ♥8 ♠J;♦A;2
W;NT;N:..63.KJ7 8.98.QJ. QT.JT..8 K73..8.;♣4;♣7 ♣J ♣K;3
N;NT;N:84.97.T. 76..2.KQ J.K.Q5.7 2..K86.8;;♠4 ♠8 ♦T ♥7 ♥9;2
N;NT;N:Q7.2.6.2 3.KQ3.7. 8.A9.A9. 2..T83.8;;♥2;5
N;NT;N:3.2.9.K4 7..8543. .AQ7.AK. A.98..73;;♥2 ♦9 ♣K;5
N;NT;N:6.A.T.K8 84.6.96. ..J8542. 9.Q42.7.;;♦T ♠6 ♥A ♣8 ♣K;4
E;NT;N:2..Q.KQT .5.9.64 J9.A.2. .Q2.A.5;♦3 ♥6 ♥J;♦Q;5
N;NT;N:6..KJ.J4 .A95.A2. K7.K.4.A 4.3.6.87;;♠6 ♣4 ♣J;3
E;NT;N:84.J.A.K AK6.A.. 3..T7.9 ..Q54.Q;♦K ♥3 ♣4;♦A;2
N;NT;N:.7.K43.Q .A.95.J4 Q.5..872 987.Q.7.;;♦K ♦3 ♦4;3
S;NT;N:T5.A.J.6 2.6.5.83 .83.T.Q Q8..84.;♦K ♠7;♦J;5
E;NT;N:AT9..A.7 .T7.6.J 2..K.T6 73.4..8;♥3 ♦4 ♠5;♣7 ♠9 ♠T ♠A ♦A;1
S;NT;N:A.Q82..A 4.A.K87. JT.3..6 .54.6.Q;♥K ♥J;♥2 ♥8 ♥Q;1
E;NT;N:T3.9.A9. A.A8.5. J.K..K9 6..4.84;♦T ♠9 ♥J;♦A;2
N;NT;N:.T7.A.T6 .8.Q9.74 AQ62..7. 93.3..K5;;♥T ♦A ♣6 ♣T;3
N;NT;N:.8.A9.98 K32..3.2 .AQ.K85. 9.2.72.5;;♦9 ♦A ♣8 ♣9 ♥8;5
N;NT;N:5..Q.K64 .92.5.QJ Q4.T4.8. 63.Q.4.A;;♦Q ♣4 ♣6;3
W;NT;N:Q.7.42.4 T4.K4..6 .QT5.A.K 98.9.7.;♠5;♠Q;3
W;NT;N:.K4.T.K6 5.53.6.2 T2.8..T4 ..J94.3;♠8;♥4 ♣6 ♥K ♣K ♦T;5
N;NT;N:K.85..AK 7.Q7.8.4 T5.4.7.2 3..KQT9.;;♠K ♣K ♣A;3
E;NT;N:K..J853. ..T.KJ8 .5.A6.9 ..942.T;♣Q ♠T ♣5;♦3 ♦5 ♦8 ♦J ♠K;1
E;NT;N:74.J.A.K Q.92..3 8.A.KJ. 3...A95;♣2 ♠J ♦3;♣K;4
S;NT;N:T54..5.4 .85.7.K5 .A.K.T3 .T9..82;♣Q ♥6;♣4;3
S;NT;N:52.3.K.J .J2.J2.9 6.4..74 K.7..85;♦4 ♠9;♦K;2
E;NT;N:K7..985. .742..5 .J.K.T8 J.63..9;♦J ♠T ♥5;♦5 ♦8 ♦9;4
S;NT;N:..J2.A53 6.72..QJ 93.4..8 8.T.Q.7;♦9 ♦T;♦J;3
N;NT;N:9.4.A7.5 .832.T5. K87...62 2.A.8.T8;;♦A;4
N;NT;N:Q.983.J. .5.KT84. 6.A..KT2 .Q.3.J76;;♥3 ♥8 ♥9;5
N;NT;N:864.Q..7 JT5.2..A ..AKQ4.3 .K.63.QJ;;♥Q;1
E;NT;N:8.86.5.J .AK9..Q 964..9. A.Q.T.2;♥7 ♥4 ♦6;♥8;1
N;NT;N:.AJ2.A.A .4.5.K43 A.6.K9.J 54..T8.Q;;♦A ♣A ♥2 ♥J ♥A;5
N;NT;N:.QJ9.K.9 J8..A.75 Q3.A.65. AT7..4.2;;♣9;4
W;NT;N:2.2.98.5 A.Q9.T.2 .J3.K7.3 .5.6.J8;♥T;♥2;1
N;NT;N:.QT3.J.2 8.65..76 97.98..5 ..K82.KQ;;♥3;5
N;NT;N:K.A.42.J T3.96..7 5.T.83.3 A.5.5.Q6;;♥A ♦2 ♦4;3
W;NT;N:Q..K4.K2 53..83.8 T6.A.6.9 J2..J7.;♦Q;♦K;5
E;NT;N:.75.8.72 8..JT4. .864.7. .T.Q.86;♣3 ♣A ♠K;♣2 ♣7;1
E;NT;N:AT.K4..7 875...Q 4.3.5.8 .7.A6.5;♥2 ♦J ♣T;♥4;4
N;NT;N:Q.8.4.86 .Q5.J.QT K6.72.Q. 9..98.K9;;♦4 ♠Q;3
S;NT;N:874.K..4 6.72.6.K K.A.9.T .T.2.J6;♣8 ♣3;♣4;3
E;NT;N:.942.5.J .T.KQ.T 83.K6.. J4.5..7;♦7 ♦A ♥A;♦5;5
N;NT;N:K.Q.K.65 82.J.Q.9 96..42.3 AT.T6..T;;♥Q ♦K ♣5 ♣6 ♠K;2
E;NT;N:6.K9..AK J8...87 5.J.J4. T.6..Q9;♣5 ♣J ♥8;♣K ♣A;5
W;NT;N:Q.T5..AT T4..5.42 5.987..3 ..A2.85;♥4;♥5 ♥T;5
E;NT;N:J.7.Q.J8 K.K..A2 5.JT.5. .3.A.97;♦J ♠3 ♣6;♦Q;2
E;NT;N:.Q.Q542. 84.2.6. 9.9..Q3 T.76.9.;♥8 ♥3 ♠2;♥Q;5
S;NT;N:K.AJ.6.3 96.4..T9 T5.8.J. ..T7.84;♥2 ♣J;♥J ♥A;5
N;NT;N:4.2.K.K9 K.63.A.5 J.A.9.T7 .KT9..AQ;;♥2;2
W;NT;N:AQ4.T.8. 8.7.9.86 J..Q.Q73 .A.4.J5;♥3;♥T;5
N;NT;N:T.J.Q9.A 7.A.J.95 .5.A3.T7 Q.K9.86.;;♦Q ♣A;4
W;NT;N:J2.J75.. .6.T2.62 4.T9.4.9 76..3.J;♦J;♠2 ♥5 ♥7 ♥J;1
E;NT;N:AQ.4.96. 7.5.3.7 96..A.6 .T.T4.4;♠4 ♠J ♣9;♠Q ♠A;4
N;NT;N:5.5.Q.AQ 8.T.J83. Q2..6.53 K.Q..K84;;♠5 ♥5 ♦Q;3
S;NT;N:.83.96.A 2.95.3.T .J764.. T.KT.A.;♣8 ♣Q;♣A;2
E;NT;N:K.J.KJ2. 9.76..Q Q6..7.J .4.94.7;♠5 ♦3 ♠4;♠K;5
N;NT;N:Q8.A.8.Q 7.Q7.AT. A.J.4.KT K5..Q6.A;;♣Q ♠8 ♠Q ♥A ♦8;2
E;NT;N:AJ.2..AT 8..K.Q8 K2.T.4. Q.A4..9;♥K ♥8 ♣7;♥2;3
E;NT;N:K.A.JT6. ..98.32 A.QJ..8 T5.K5..;♣Q ♦3 ♥6;♦6 ♦T ♦J ♠K;4
E;NT;N:J83.A..T .2.J.54 ..AQT4. .9.K5.7;♥6 ♥J ♦6;♥A;5
N;NT;N:87.2.AT. T.864.2. J5.Q.8.2 .T7..K74;;♠7 ♠8 ♦T ♦A ♥2;5
W;NT;N:A.Q5.Q.5 ..72.J84 4..K8.K2 Q5...T7;♥J;♥Q;5
N;NT;N:K2.T.4.J .65.53.7 65..K.42 A.3.62.3;;♣J ♠2 ♠K ♥T;4
S;NT;N:6.9.87.T KQ..3.52 5.2.4.Q .Q.T6.4;♥5 ♦A;♥9;3
N;NT;N:872...T6 .5.Q.K43 J6..K7.Q .KJ83.5.;;♠2 ♠7 ♠8;5
N;NT;N:3..65.K4 KJT2...6 86.5.K.9 A.2.T8.J;;♣K ♠3 ♦5 ♦6;4
S;NT;N:.K985.9. KT53.7.. .A32.K. 2.4..A6;♦3 ♣7;♦9;5
S;NT;N:72.JT.2. QJ..4.A5 A.9..K7 6..3.T8;♥8 ♣3;♥T ♥J;3
N;NT;N:A.8.J.72 .KQ64..A 5.A5..53 .3.2.Q86;;♥8 ♣2 ♦J ♣7 ♠A;3
N;NT;N:A7.3..53 5.9.T6.8 Q.A.92.6 .Q8.J5.2;;♠A ♥3;3
E;NT;N:8..K94.T .5.87.J J.4.T5. T.6.63.;♣3 ♠2 ♠5;♣T;5
E;NT;N:.Q.8.J94 2..Q.A7 76..4.6 5.7.65.;♠Q ♣3 ♥8;♣4 ♣9 ♣J ♦8 ♥Q;2
W;NT;N:T.A7..Q8 3.KJ..43 .T5.2.J6 7.2.A.5;♠2;♠T;4
S;NT;N:.K.4.872 8.J95.T. 54..9.3 92..73.;♥2 ♠A;♥K;4
N;NT;N:..6532.T 974.Q7.. .A.A.A86 .J5.J4.K;;♣T ♦2 ♦3 ♦5 ♦6;5
N;NT;N:K83..7.J 7.9.8.Q5 A..4.K74 QJ5.6..6;;♣J;4
W;NT;N:.2.T8.K4 T4.J.73. .T5.Q95. 8.K94..;♣T;♣K;5
E;NT;N:5.74..83 6.J.4.J A.5.2.A Q2.Q9..;♦Q ♣T ♠J;♥4 ♥7 ♠5 ♣3 ♣8;1
N;NT;N:962...Q2 3..T7.AT .T86.K.K .9.Q5.94;;♠6 ♠9 ♣2;4
W;NT;N:K7.J..K7 .Q74.3.4 43...J83 T2.8.9.;♠6;♠7;5
S;NT;N:2.K65..5 AQ8...43 J..7.T9 T.7.9.K;♣6 ♠3;♣5;1
S;NT;N:Q9..J.K5 A.2.84.6 T.9.97. .JT..Q2;♣3 ♣9;♣K ♣5;2
E;NT;N:6.84.J8. .T92.6. T5..QT. 9.Q6.9.;♦3 ♠A ♥7;♦8 ♦J;5
S;NT;N:Q.Q6.A.K 52..Q.72 3.K.74. 8.J4..T;♥9 ♥2;♥6 ♥Q;5
E;NT;N:4.5.6.Q8 .62.5.9 ..K74.2 .AT.T8.;♦A ♠8 ♠J;♦6;2
W;NT;N:.9.K6.T9 .J6.85.7 9.75..K6 75.T.Q.;♦2;♦K;4
N;NT;N:..A5.A93 8.7..754 Q94.93.. .65.KQ4.;;♣9 ♣A ♦A;4
N;NT;N:7.92..Q7 3.6.T3.A 6.A.92.8 J.5.86.J;;♥2 ♥9;2
N;NT;N:J.J..QJ3 932..9.T 5..J64.6 .432.3.9;;♣J ♣Q ♠J ♥J;5
N;NT;N:2.A9.A.Q J.32.K.3 T9..Q.86 86.J.8.9;;♠2 ♦A ♣Q ♥A;4
N;NT;N:4.K7..T4 ..JT.AJ9 QJT.3.7. K73..Q.5;;♥7 ♥K;2
N;NT;N:J53.AJ.. 8.3.J.T5 4.72.Q4. 7.K.K86.;;♠J ♥A;5
W;NT;N:82.J8.Q. QJ..KT.8 AK5.3..9 9.7..J6;♠3;♠2 ♠8;5
W;NT;N:A2.Q2.Q. K..K.K64 987..9.A .64.52.;♥T;♥Q;5
E;NT;N:.Q9.83.8 983...J A..T.K9 .K5.A.4;♣6 ♥2 ♠K;♣8;3
N;NT;N:J.5.Q2.J T..A4.A5 A.A92..3 K..K87.2;;♠J ♥5;4
S;NT;N:4..Q5.63 K3.K3..8 A5.6..7 2..9.A4;♠7 ♣2;♠4;1
N;NT;N:2..J85.2 A.2.A7.K .K.2.A98 J65.T..5;;♣2;4
W;NT;N:54.6..J5 9.J73..3 Q.5.5.K6 J..J.T2;♣A;♣5 ♣J;2
E;NT;N:..J73.T7 Q6.7.5. J.K6..2 K.T.T.6;♥Q ♦6 ♦8;♦3 ♦7 ♣7 ♣T;3
S;NT;N:.7.K5.AT .AQT.J.4 Q2.5.A. ..4.J63;♦2 ♥3;♦K;5
E;NT;N:7.T.KJ.K 5..A9.7 Q9.K.3. .9.8.42;♠A ♠8 ♦4;♠7;3
N;NT;N:J.3.974. 6.4.T3.J 7.Q.8.Q8 .86.K.T2;;♦4 ♦7 ♦9 ♠J ♥3;3
W;NT;N:.A85.Q8. ..J64.K2 2...QT96 AT..T9.;♠8;♦8 ♥5 ♥8 ♥A;2
E;NT;N:3.J.J7.A .A6.6.7 5.K4.T. 7.5..J6;♠T ♣5 ♠6;♠3;3
S;NT;N:.2.8.A98 5.53.T7. .64.92. T3..A.2;♠9 ♦5;♥2 ♦8 ♣8 ♣9 ♣A;2
S;NT;N:A3.A3..T J.75.T3. 2.Q.7.9 Q6..4.2;♣J ♣8;♣T;5
W;NT;N:K.6.5.98 AQ.54.8. 2.9.T6.A 9.K7.K.;♥2;♥6;2
W;NT;N:A..Q5.Q5 6.Q4..43 2.972..T Q87.J..;♦8;♦Q;5
S;NT;N:Q4.A2.Q. 6.KJ6..J 8.7.2.7 J.4.A.T;♠A ♦9;♠4;3
S;NT;N:T6.4.A.8 5.5.Q2.4 2.9..AT A.A72..;♣9 ♦J;♣8;3
E;NT;N:AJ7..2.T 62.5.9. 95.Q.3. .98.A.A;♠4 ♠8 ♠Q;♠A;4
E;NT;N:.6.K76.6 8.A.9.7 6.Q8.5. Q5...AT;♦T ♠J ♣5;♦K;1
N;NT;N:9.KT.Q.K 65...542 .AJ7.8.J Q4.653..;;♥T ♥K ♣K ♦Q;5
E;NT;N:T..AK2.9 .63..T4 .Q.T.75 .T.Q83.;♥K ♣A ♥2;♦2 ♦K ♦A ♣9 ♠T;3
N;NT;N:T5.J8..T Q73.2..A ..J765.8 .K.QT9.4;;♣T ♥8 ♥J;1
E;NT;N:J..QT.K7 A.J5.A. Q.KT.7. .32.5.3;♦2 ♦6 ♠3;♦T ♦Q;3
N;NT;N:.82.T2.6 .4.AQ4.8 .A.J.943 97.K.8.A;;♥2 ♥8;1
N;NT;N:.A9..754 .J74.6.J 543...82 J..KT3.3;;♥A;1
W;NT;N:T.K82.A. Q.QJ.QJ. 9.4.52.4 .5.83.K;♠2;♠T;2
N;NT;N:.J2..943 42..K96. 85.A..QJ .K9.2.AK;;♥2 ♥J;3
N;NT;N:862.A..6 J5.K.4.8 Q9.J9.9. 3.T3.T7.;;♥A ♠2 ♠6 ♠8;4
E;NT;N:.T.Q.JT5 86..T6. .QJ3.2. QJ.6.K.;♦A ♠4 ♦J;♦Q;1
W;NT;N:.863.4.9 8..J.AT4 A6..7.53 7.J4.2.;♥2;♥3 ♥6 ♥8;1
W;NT;N:5.K74..9 2..T4.J7 .86.J3.8 K..Q9.A;♠T;♠5;1
N;NT;N:6..32.J3 98.7.8.A 2.6.K.T8 Q.Q.94.Q;;♣3 ♣J;2
S;NT;N:9..J.Q84 6.K863.. AJ.5.5. ..872.K;♦K ♣J;♦J;3
W;NT;N:QJ7..A9. .75.J4.A 63..3.J4 .T83..Q;♦7;♦A;4
N;NT;N:.Q.Q94.Q 4.9.A.K7 T.J6.K.J .T4.72.6;;♥Q ♦4 ♦9 ♦Q ♣Q;2
N;NT;N:Q..87.K9 96.84..3 J.3.QJ2. AK5.Q.5.;;♦7 ♦8 ♣9 ♣K;5
N;NT;N:J7.6.Q9. A2..6.A7 K.Q3.T.K 8..J7.96;;♦Q ♥6;3
W;NT;N:542.3.J. 96..2.T7 T.Q8.K.2 Q..QT.5;♦5;♦J;3
S;NT;N:T75..Q8. .A8.5.J4 A.72..3 .T9.J.2;♦4 ♦2;♦8;5
E;NT;N:K95.94.. 8.K..J8 .Q.J2.4 Q2.53..;♥7 ♠A ♦T;♥9;2
S;NT;N:QJ4.K.4. K7.Q4.9. 2.96..5 86.A..K;♣A ♣7;♠4 ♦4 ♠J ♠Q ♥K;1
E;NT;N:52..2.J2 ..KT.98 AK7.9.. ..Q84.A;♣5 ♥2 ♥6;♣J;5
S;NT;N:3.JT..A8 J.K4.K.5 T.8.Q.4 Q6..86.;♥A ♠8;♥T ♥J;3
E;NT;N:.K.85.A6 .J532.. .QT.T.9 J..92.T;♥4 ♠A ♠6;♥K;5
E;NT;N:.A8.4.Q2 .J6.8.K A9.Q..T .9.K9.J;♠5 ♣8 ♠K;♦4 ♥8 ♣2 ♥A ♣Q;1
N;NT;N:2.73..52 .94.A97. 876...AK T.Q5.62.;;♣2 ♣5;2
W;NT;N:.A83.J8. Q.52.7.3 A75..3.T 9.7.K.2;♠4;♥3 ♥8 ♥A ♦8 ♦J;3
S;NT;N:8...KQ82 Q..53.54 .K4.4.9 52...J6;♦Q ♠6;♣2 ♣8 ♠8;5
E;NT;N:A.92..72 7.T7..J 42..A.9 .3.J.43;♥4 ♣5 ♣Q;♥9;2
S;NT;N:.842.K.A 9..Q7.65 Q.A9..4 .J7.A2.;♠6 ♠4;♥2 ♥4 ♥8 ♦K;2
N;NT;N:3..5.AT8 7..82.32 J6.3.J.4 9.9.K.J6;;♠3;5
S;NT;N:6.6.A.K7 97.9.98. .4.5.A5 .KT75..;♥J ♣3;♥6;4
E;NT;N:A8.A.T.7 .JT2..J J.7.6.6 T..9.A3;♦7 ♦3 ♠Q;♦T;4
E;NT;N:T8.6.65. Q3.Q.A. .87.K.T 2...Q84;♠5 ♥2 ♠7;♠8 ♠T;1
S;NT;N:54.K.6.7 K7.2..KT 2.9.A.2 .64..J9;♥3 ♠6;♥K;3
W;NT;N:8.J5.4.A AQ.4..J8 2.3..T95 .7.A6.7;♣2;♣A;3
E;NT;N:K3.A.98. Q2.6.3. T.53..A 9.2..97;♥7 ♥J ♥4;♥A;4
E;NT;N:Q.T52.A. 93..8.3 5.9.6.6 K.3.7.Q;♠T ♣A ♦3;♠Q;5
S;NT;N:Q9.42.7. J7.Q.A.T .8.Q3.9 .AT.84.;♠8 ♣8;♠Q;1
W;NT;N:.KT2.A.J ..Q7.Q85 9..862.7 Q.J.J4.;♣9;♣J;2
N;NT;N:T8.J.K.3 .963..A4 K..J732. 3.742..2;;♥J ♦K;5
N;NT;N:T8.7..A2 3..AJ.K7 A.4.9.T8 .T.43.54;;♠8 ♠T;3
E;NT;N:J.8.K.Q6 Q.63..8 2.4.84. .KT.Q9.;♠A ♦3 ♠K;♠J;1
E;NT;N:.Q43.6.J .2.4.A5 J..72.3 .6.J.92;♥J ♥7 ♠6;♥Q ♥3 ♥4;1
S;NT;N:J..QJ53. 9.82..A4 .JT.A.5 82.9..6;♥5 ♦7;♦3 ♦5 ♦J ♦Q;2
W;NT;N:T5.T.53. 96.98..8 3.J.Q8.5 J2.7.9.;♦J;♦3 ♦5;3
N;NT;N:83..A.97 6.2.74.K A.76.3.2 4.JT4.8.;;♠3 ♠8;3
N;NT;N:Q.9..K87 5.AJ3.3. A4.7.5.Q T..T8.96;;♠Q ♣7 ♣8;4
N;NT;N:5.J3.J.9 J.Q.K65. Q4.T6..7 7.K5.Q.K;;♠5;2
S;NT;N:97.7.3.2 .J54.4.A Q.2.J5. .6.2.K3;♠3 ♠8;♠9;4
W;NT;N:K8.Q.5.4 .A76.T.K 7.5.K7.3 .T4.Q.6;♦9;♦5;3
W;NT;N:Q.J5.86. 62..T3.T J.9.4.K5 K3.A.K.;♥8;♥5;3
E;NT;N:8.53.A5. .T.KJ.Q 72.4.2. T3.J7..;♣7 ♣J ♣4;♥3 ♥5 ♦5 ♠8;2
N;NT;N:3.9.87.T Q.A6.42. .QJT.63. J.5..AJ4;;♦7 ♦8;3
E;NT;N:982.87.. 6.5.95. K..6.KT 7.3.Q.4;♣5 ♥9 ♣6;♠2 ♠8 ♠9 ♥7 ♥8;3
W;NT;N:J.A8.KQ. Q2..3.95 4..74.AT K.7.9.J;♦6;♦Q ♦K;4
N;NT;N:85.J6.7. Q9.4..T9 3.T.2.52 A4..8.K4;;♥J;2
E;NT;N:2.K73.A. .65.5.9 .T.8.J8 ..KQ3.2;♥A ♦2 ♠J;♥3 ♥7 ♥K;4
E;NT;N:3.J.8.72 AK..K7. 92..QT. .KQ4.2.;♥8 ♦5 ♣Q;♥J;3
N;NT;N:.A653..9 Q3.94.4. A2.J.T.8 .72..A72;;♥3 ♥5 ♥6;4
N;NT;N:92.K.J.T T753.6.. .8.K6.76 AQ...K94;;♥K ♦J;3
W;NT;N:A7.2..53 Q.J.J7.A 6.Q3.8.2 3.5..J4;♥T;♥2;3
E;NT;N:7.3.T.QJ .J98.9. 6..3.75 K..75.3;♠4 ♣K ♥T;♠7;4
S;NT;N:8.K3.4.2 3.AJ5.9. KQJ...4 A.7.8.9;♣T ♦K;♣2;1
S;NT;N:KQ9.5.5. J32..K7. 6.63.6. 5.K.T.J;♦J ♦3;♦5;1
E;NT;N:7.T.86.K T.Q.32. K.5.7.J .74..64;♥J ♠3 ♣T;♥T;3
S;NT;N:J3.4.J.A 7..98.K5 A.65.Q. Q2...92;♠4 ♦T;♠J;5
N;NT;N:KT..K.53 .94.3.K4 63.J..Q8 8.7.Q6.2;;♣3 ♣5 ♠T ♠K ♦K;4
N;NT;N:Q8..32.4 AT5.4.4. ..J6.A86 6.AT2..Q;;♣4 ♦2 ♦3;5
E;NT;N:62..K9.A J.T53.. 3.A.7.9 8.J.4.T;♣3 ♠T ♦8;♣A;4
S;NT;N:Q3.3..A8 A..A.965 .652..T 7..3.KJ;♦2 ♠J;♠3 ♣8 ♠Q;3
N;NT;N:.Q.J7.K2 J.J3.2.3 4.7.Q.76 T873.4..;;♥Q ♣2 ♦7 ♦J ♣K;5
S;NT;N:..AT653. .J.92.32 3.A..85 64..J.J;♠J ♠2;♦3 ♦5 ♦6 ♦T ♦A;2
N;NT;N:A4.T..86 .K4.93.7 963.3..3 7.Q.4.Q4;;♠A;3
N;NT;N:K.8.8.A8 4.4.9.76 .T.75.QJ QT9..2.T;;♦8 ♣8 ♣A ♥8 ♠K;4
E;NT;N:43..Q.T3 2.63.4. 8..3.95 .5.JT2.;♠5 ♥Q ♦7;♠3 ♠4;2
E;NT;N:QJ..Q.A5 95.T7.. 3..A54. .Q8.8.K;♥3 ♠A ♠7;♣5 ♦Q ♠J ♠Q;2
E;NT;N:94.98.4. T..6.T9 ..T.743 K.64.9.;♥3 ♠3 ♣8;♥8 ♥9;3
E;NT;N:63.8.A2. 8..J.43 T.5.Q.8 A..9.AT;♦8 ♣K ♠4;♦A;3
N;NT;N:K.Q.JT.Q .93..976 QT.K5.6. 8.7.973.;;♥Q ♠K ♦T ♦J ♣Q;5
N;NT;N:..K6.Q53 6.AQ..62 K5.2.J.A T.J63.5.;;♦K ♣3 ♣5 ♣Q;5
N;NT;N:7.J4.4.Q .A7.95.T Q5.Q5.7. 63.K.6.J;;♣Q ♠7 ♦4;2
E;NT;N:52.2.5.4 9.JT4.. .A.T9.J 6.3.J.7;♦7 ♥5 ♠8;♦5;2
E;NT;N:8..QT97. 6..AJ.3 ..64.98 52..5.Q;♣J ♣T ♦3;♦7 ♦9 ♦T ♦Q;1
S;NT;N:4..7.T52 JT.4..83 Q97..3. 3.3.Q.J;♠2 ♥A;♠4;1
E;NT;N:.5.74.KT K3...74 .943..J ..QJ2.Q;♦6 ♣A ♥6;♦7;5
S;NT;N:A8.6.3.8 953.J.J. T74.3.. .K.T.Q6;♣J ♣9;♣8;3
E;NT;N:J.9.542. 3.J.Q.7 7.K6.K. 82.Q2..;♦6 ♠5 ♦7;♦2 ♦4 ♦5;3
E;NT;N:Q4..A.A3 9.T3..5 T.J87.. J83.K..;♦4 ♥5 ♥2;♦A;4
E;NT;N:K6.K.A.5 3.2..Q2 J.Q..K4 7.4.J5.;♥3 ♥J ♠Q;♥K;5
W;NT;N:.52.54.8 3.K3.9.2 7.6.T8.J T4..Q.7;♠2;♥2 ♥5 ♦4 ♦5 ♣8;2
N;NT;N:.53.984. 94.8..Q9 .A9.Q3.2 T.K.T.T8;;♥3 ♥5 ♦4 ♦8 ♦9;5
S;NT;N:.Q.62.Q9 K8.A.87. .2.A.T3 3.T7.K.;♦4 ♦5;♦2 ♦6;1
N;NT;N:T..A.KQ6 ..97643. 54.3.Q.3 7.9..AT9;;♠T ♣Q ♣K ♦A;3
N;NT;N:5.8.AK3. .T7.95.3 3..4.742 KQJ.A..6;;♦K ♦A;3
N;NT;N:JT6..A.7 8.QJ.J2. 72..5.32 KQ4..9.6;;♦A ♣7 ♠T ♠J;3
E;NT;N:A7..T2.8 .AK.9.4 Q.65..2 J.2.A.K;♦3 ♦7 ♣Q;♦2 ♦T;3
N;NT;N:8.QT..Q3 .J2.T5.5 4.K6.Q.9 72.A.K7.;;♣3 ♣Q ♠8;3
W;NT;N:..753.A4 .J.J.K95 AK6.8..2 2.6.9.3;♠4;♦3 ♦5 ♦7;5
W;NT;N:54.K..J6 Q3.J8..3 .6.JT.Q2 ..73.K4;♦K;♠4 ♠5 ♣6 ♣J ♥K;2
S;NT;N:J6.Q.2.T 5.7.4.54 ..AQ96. K4.A..6;♥9 ♦3;♥Q;5
N;NT;N:7.JT6.Q. KQ.7.5.K 9.KQ..T3 .5.K.AQ5;;♥6 ♥T ♥J;2
N;NT;N:K.5.62.3 9.AK..65 AT.8..87 6.J74.A.;;♠K ♣3;4
E;NT;N:3.Q87.6. ..2.Q76 J.5..A2 6.T4..J;♣T ♥K ♣9;♥7 ♥8;4
S;NT;N:J2.3..65 87.85..Q A.2.Q8. .64.K.J;♦2 ♠3;♠2 ♣5 ♣6 ♥3 ♠J;2
W;NT;N:9..KJ7.3 J.6..AQ4 Q.8.2.T6 5..94.8;♥Q;♦7 ♣3 ♠9 ♦J ♦K;1
S;NT;N:A6..6.Q9 J3.5.T.T ..KQ4.A T.9..J3;♥6 ♣K;♠6 ♦6 ♣9 ♠A ♣Q;5
S;NT;N:.Q.K.653 T6.T.5.Q 98.72.. .85.Q9.;♠5 ♥3;♣3 ♣5 ♣6;2
S;NT;N:.975.T.8 4.3.K5.3 .Q6.63. Q5.KJ..;♠T ♠2;♥5 ♥7 ♥9 ♦T ♣8;1
N;NT;N:2.6.KQ.T J3.T7..A 4.4.95.Q Q..4.532;;♦Q ♦K;2
W;NT;N:93..4.43 QT.5.J.7 54.98.3. .643.7.;♣K;♣3 ♣4;1
S;NT;N:7.J.7.AJ .Q.65.97 T6..82. AK..4.5;♥T ♦Q;♥J;3
S;NT;N:..KJ92.5 8.T52.T. KQ4...6 A.9..32;♠7 ♥J;♦2 ♦9 ♦J ♦K ♣5;1
W;NT;N:73.93.Q. A.7.93.9 K8.AQ..8 5..2.AK;♦T;♦Q;3
S;NT;N:.62.3.43 63.5.94. 95.J..7 T.8.T2.;♣5 ♣A;♣3 ♣4;1
N;NT;N:K.2.63.6 QT..J5.T 82.K8..5 96.J3.9.;;♠K ♣6 ♦3 ♦6 ♥2;2
N;NT;N:6.5.J8.9 J..AK5.T 9.98..K6 4.7.2.32;;♣9 ♥5;4
S;NT;N:.8.T.A63 .63.Q.QT Q.J2.4. .T.62.9;♠9 ♥Q;♣3 ♣6 ♣A ♦T ♥8;3
E;NT;N:95.A.K.9 3.T.Q.T .94.6.J 7.QJ.9.;♦4 ♥K ♥5;♦K;5
S;NT;N:2..Q2.KQ KQJ.62.. .9.J4.7 T7...92;♦7 ♣5;♦2 ♦Q;5
W;NT;N:.72.7.97 82.T93.. 43...JT6 ..Q54.K;♣3;♣7 ♣9;1
S;NT;N:Q..J95.T T.32..AK 9.75..4 J.6.Q.J;♠8 ♠6;♠Q;3
E;NT;N:3.6.5.Q2 Q5.AK.. .T4.6.7 J..43.K;♣8 ♦2 ♠8;♣Q;2
E;NT;N:97.Q9..8 T3.3.7. J6..9.K Q8.5..2;♥6 ♦A ♦5;♥9 ♥Q;4
N;NT;N:6.8.73.8 KJ.AQ..T 3.T.K84. T2.7.QT.;;♦3 ♦7;1
E;NT;N:A..983.5 J.Q..A7 .T.KQ.J T.5.T.Q;♦J ♠Q ♣2;♦3 ♦8 ♦9;1
E;NT;N:J.J.Q6.Q 8.8.5.3 7..7.K6 A32...J;♠6 ♣9 ♥6;♠J;5
S;NT;N:T3.Q6.3. K.82.4.2 A.5.J6. Q94..5.;♣3 ♣Q;♠3 ♥6 ♦3 ♠T;4
N;NT;N:K.AJ.6.5 Q..JT.83 2.K.Q.K4 7.T6.3.2;;♠K ♦6 ♣5 ♥J ♥A;5
S;NT;N:QJ2..A.J .A9.Q.86 3.K4..7 4.2..42;♦4 ♦5;♦A;5
W;NT;N:.T9.QJ.4 .3.A42.7 .K.87.KT 85...98;♥8;♥9 ♥T;4
E;NT;N:K.J5..Q8 J..Q2.A 3.A.7.9 7.4.9.6;♦3 ♣J ♠8;♣8 ♥5 ♥J ♣Q;1
N;NT;N:6.3.3.85 ..K5.AK6 4.7.6.J2 A97.5.J.;;♥3;1
W;NT;N:KQT..Q.8 .4.A.J62 .72.T9.Q .Q9.K6.;♣3;♣8;1
E;NT;N:.T98..72 8.A..JT 75...K8 ..A6.Q9;♦J ♥3 ♦2;♥8 ♥9 ♥T ♣2 ♣7;1
S;NT;N:4.K5.3.5 .2.8.QT6 Q7.T.J. 3..62.3;♦5 ♠T;♦3;1
E;NT;N:.J.7.732 32..Q.Q 9.4.T.K 7.72.K.;♦4 ♠4 ♣5;♦7;5
E;NT;N:.75.4.T2 8.Q3.A. J.KJT.. T6..K.8;♠5 ♥A ♦2;♣2 ♦4 ♥5 ♥7 ♣T;2
S;NT;N:AT6.97.. 2.53.A.4 J8.A..7 K4..T.A;♠3 ♣J;♠6 ♠T;5
E;NT;N:Q75.3..J 2.A.K3. .5.Q.K8 9.2..Q2;♠8 ♠6 ♣A;♠Q;2
S;NT;N:3..94.87 J8.2.5.K ..T6.53 K.T.7.A;♣Q ♦Q;♣7 ♣8;1
E;NT;N:6.3.A.72 3.4.7.9 K5.9..A .7..843;♥T ♦T ♥2;♥3;4
S;NT;N:.KQ.63.5 J6..J.62 .JT8.5. 2.A3.7.;♦A ♣4;♦3 ♦6;1
S;NT;N:T.3.J.J4 K8.A.7.K 7532... .4.K.75;♠A ♥T;♠T;1
E;NT;N:A8.K.A3. 4.T.Q.6 2.74..J 75..7.7;♦J ♦4 ♣K;♦A ♦3;4
S;NT;N:Q.43.J5. .AKT.93. K.8.8.4 52..6.J;♠J ♦K;♠Q;3
S;NT;N:.7.T74.5 KQ7..AK. 8.3.5.A 6...J42;♥4 ♠5;♥7;3
S;NT;N:J52.2.A. .73..T92 9.T.4.3 6.4.K7.;♦J ♠7;♦A;5
W;NT;N:J6..Q.A9 T.5.6.Q2 A.J.A2.8 4..7.53;♠2;♠6 ♠J;5
S;NT;N:Q..32.KT .K54.K.3 K6..J9. J.A9.7.;♦5 ♣7;♦2 ♦3;1
E;NT;N:6.A2.Q.4 5.Q.7.3 32.T..Q .4.AJ.A;♣T ♣J ♣K;♣4;1
N;NT;N:QJ84...K 52.A.2.3 KT.8.J.5 3.T6.6.2;;♣K ♠4 ♠8 ♠J ♠Q;5
W;NT;N:75.T.6.Q .QJ.K9.K Q4..AT3. K83.9..;♦4;♦6;3
W;NT;N:6.9.QT5. .7.A.A96 .65.2.83 T4.3.7.;♣5;♦5 ♠6 ♦T ♦Q;1
S;NT;N:8.K.762. .AJ.5.T3 4.54..K 2.3.A.4;♠3 ♣Q;♠8;2
N;NT;N:3.K4.32. K.Q2.A.2 Q5.T5.7. .7.Q.AT7;;♥K;1
E;NT;N:8.T8..K6 2..63.T .543.4. ..Q72.9;♣A ♦A ♠6;♣6;1
E;NT;N:A7.A.5.3 J.98..7 64..2.4 ..JT.K8;♦4 ♣9 ♣Q;♦5;4
S;NT;N:QT4..A.K 5.Q8.7.9 .JT.K3. K8...43;♣5 ♦9;♣K;2
S;NT;N:732.2.K. T.43..JT A..3.A6 .8.9.72;♦J ♥9;♦K;3
W;NT;N:.T95..63 A4.J63.. 92..K8.5 K.Q.3.Q;♦J;♥5 ♣3 ♥9 ♥T ♣6;2
E;NT;N:K.A84.8. J9.3..T A75.6.. ..2.632;♣J ♣K ♦J;♥4 ♥8 ♥A ♠K ♦8;5
E;NT;N:5..2.Q94 J2.3.6. A.K.Q.5 .9.AT.6;♥T ♣T ♠4;♣4 ♦2 ♣9 ♠5 ♣Q;2
S;NT;N:T92.K..9 .A.QJ8.3 .3.A72. A54.5..;♣6 ♦4;♣9;2
N;NT;N:A.K83.A. 64..Q.K7 .4.J73.T 9.92.6.5;;♦A ♠A ♥K;3
E;NT;N:4.T..KJ5 J.3.9.2 8.754.. T2.6.K.;♥A ♥K ♣8;♥T;1
W;NT;N:AKQ.2.5. T..KT.AT 2.J3..76 43.Q.3.;♦8;♦5;1
S;NT;N:.Q.97.JT Q.95.QT. .2.2.Q4 .KJ..A3;♥A ♥8;♥Q;2
N;NT;N:A4.9.K.4 2.K.T9.9 5...A852 Q.5.A.KJ;;♠A ♥9 ♣4;3
N;NT;N:T64.3..9 9..5.T62 .QJ8.3.Q Q.6..K73;;♥3;3
N;NT;N:.5.Q32.4 8..6.K75 4.93..Q8 T652...2;;♦Q;5
S;NT;N:8..J4.53 T76.5..9 .T.T.A2 2..5.J7;♠Q ♠5;♠8;5
S;NT;N:K8.8.T.9 A76.4..7 2.2.7.4 .A6..J5;♥7 ♦6;♥8;2
S;NT;N:Q4.A9..9 .K64..A8 .83.8.6 63..K4.;♣K ♣2;♣9;3
S;NT;N:3..J6.T2 74..987. A...K54 K6.K.4.;♥6 ♥5;♠3 ♦6 ♣2 ♦J ♣T;5
N;NT;N:953.J6.. T6.8.3.7 ..J8.AJ8 J8.94.9.;;♥J ♠3 ♠5 ♠9 ♥6;2
W;NT;N:94.9.4.T 8.J5.5.3 AQ.A8..7 .7..KQ4;♦8;♦4;1
W;NT;N:2.Q9.7.Q KQ.3.K.8 8.8.Q9.3 J94..4.;♦3;♦7;2
N;NT;N:K4..QT.3 .JT.32.Q J87..6.T .84.AK.4;;♠K;3
N;NT;N:KJ9.Q..3 6.J.A2.T T.9.T.A8 7.76..K5;;♥Q ♠9 ♠J ♠K ♣3;5
N;NT;N:.7.KT.QJ .2..9642 Q95..3.5 .T5.J82.;;♣J ♣Q;4
E;NT;N:.3.5.KT5 K.K.AT. 4..J.92 AQ.4..3;♣Q ♦7 ♠8;♣K;3
N;NT;N:J3.3.4.J .K.K72.Q K2.J8..A 8.A.Q.94;;♣J ♠3 ♠J;3
N;NT;N:6..98.AK 9..Q2.Q6 J.97.J.7 T3.64..5;;♣K ♣A ♠6;5
N;NT;N:9.83.2.3 82.2.A8. T.A.Q.AJ A.QJT..7;;♠9 ♣3 ♥3 ♥8;3
W;NT;N:.5..J876 T73.6.J. AJ9..K.4 Q.J.T3.;♠5;♣6 ♣7 ♣8 ♣J ♥5;5
N;NT;N:75.5.K.7 .K6.Q2.J J..3.T96 2.Q4..AQ;;♠5 ♠7;3
N;NT;N:J7.J7.5. .A4.Q.AK 63.K..Q4 9.5..T82;;♠J;2
E;NT;N:J2.Q9.9. 3.AK..8 8..64.J 9..2.AT;♥8 ♦J ♠7;♥9 ♥Q;4
W;NT;N:K.2..K83 .T6.94.A 8.J3.A7. .Q94..Q;♥7;♥2;3
S;NT;N:A5.K3..6 .7.75.A8 Q.Q4..Q KT6.2..;♦A ♣3;♠5 ♣6 ♥K;4
E;NT;N:A.72.4.9 K.A6..4 4.J3.9. ..AKT3.;♦Q ♥8 ♣A;♦4;3
W;NT;N:.83.4.53 5.A.83.6 8.Q..942 Q7.5.J.;♠3;♥3 ♣3 ♣5 ♦4 ♥8;4
N;NT;N:.T95..K4 9..KJ5.2 A4.8.Q.7 .Q6.T6.8;;♣K;2
S;NT;N:T.4.9.J3 76..2.K7 A.7..65 K.J.J.T;♦4 ♥8;♦9;2
N;NT;N:8.QJ.T.4 .96.AJ.5 AK3...K8 5..Q8.Q2;;♠8 ♥J ♥Q;5
N;NT;N:KT.9.3.A 52.5.6.J ..7.KQ42 A9.AKT..;;♣A;5
E;NT;N:J.632..4 5.85..3 T.9..T9 74..A.K;♠8 ♣8 ♦K;♠J;3
W;NT;N:8.8.KJ.7 632...J9 Q.K.T62. 4..A.AQ;♣2;♣7;1
E;NT;N:Q6.2..72 87.J..A T2..JT. ..K3.J8;♠9 ♦Q ♠J;♠Q;2
S;NT;N:T8.84.8. Q.3.AJ.J 5..QT.3 .T7.9.9;♥J ♣5;♥4 ♥8;2
E;NT;N:.J5.A7.3 .7..Q65 QT53... K7.2.9.;♦8 ♦Q ♦T;♦7;4
S;NT;N:7.A2.2.T 2.8.KJ.2 .63..KJ 65...65;♠3 ♥T;♠7;5
W;NT;N:75.8..K7 .Q.43.AQ J9.7.5.5 .54.J.3;♠6;♠5 ♠7;2
S;NT;N:.9..T742 76.KT.4. KJ.76.. A.3.T.Q;♣6 ♠9;♣2 ♣4 ♣7 ♣T;1
W;NT;N:4..AT7.7 K9.52.4. .J6..J98 2.84.9.;♦2;♦7 ♦T ♦A;5
S;NT;N:..T7.J62 A.763.Q. .T5.3.9 8.A.J.7;♣4 ♠J;♣2 ♣6;3
S;NT;N:AT..J.J6 7.9..752 2.3.Q5. J.7.T8.;♦6 ♥K;♦J;4
W;NT;N:.3.7.A73 85.JT..J J.Q65.4. .8.AQ.5;♦2;♦7;5
N;NT;N:JT..8.84 95.83.J. 6.J7.9.K 3.64.Q3.;;♣4 ♣8;5
E;NT;N:.T.954.T AQ..2.J J.97.J. 6.J.Q.A;♥3 ♦T ♦A;♥T;1
W;NT;N:73.T2..K A.Q.K.92 4.9.Q73. 9..4.53;♣8;♣K;1
W;NT;N:T7.762.. 32.4.Q7. ..6.Q862 K.K..95;♦A;♥2 ♥6 ♥7 ♠7 ♠T;2
S;NT;N:A.9.K.K5 K.K64..8 .J3.5.A 7.A..T2;♣6 ♦6;♣K;4
E;NT;N:7.84.A.5 .3.KT2. 5.Q..KJ T.2.QJ.;♣T ♠2 ♠J;♣5;3
W;NT;N:A7.72..7 Q.6.J6.T 2.A.T8.5 .K..J94;♥Q;♥2 ♥7;3
E;NT;N:J3..Q2.6 982..4. .9..K92 K.2.J9.;♥T ♥7 ♣5;♦2 ♠3 ♠J;3
E;NT;N:.J.KJ.K8 .Q7..32 8.8.3.7 K.63..6;♠2 ♥2 ♥9;♥J ♦J ♦K ♣8 ♣K;2
N;NT;N:J.K5.94. 76.3..A9 K2..A8.3 A8.2.T.K;;♥5 ♥K ♦4;4
E;NT;N:.A65.T.A T93...Q K.K.A.T .8.K9.J;♦Q ♦6 ♥T;♦T;4
W;NT;N:7.9.Q54. T.4.93.K A3.2.A.J 9.J3..8;♥7;♥9;4
W;NT;N:.965.K4. 5.3.QJ7. A..T3.K9 J63..8.;♠4;♦4 ♥5 ♥6 ♥9;5
S;NT;N:.QJT.53. 84.2..KT .7.J6.2 .3.A.A6;♦T ♣J;♦3 ♦5;4
E;NT;N:KQ2.84.. .7.5.82 4..6.K6 6.9.AQ.;♦8 ♦K ♦7;♥4 ♥8;5
E;NT;N:5..AT2.A 8.3.6.8 .8.93.T 6.J.75.;♠Q ♠2 ♣6;♠5;2
E;NT;N:.Q.5.Q82 .T62.7. 9..82.T K.J8.K.;♠8 ♣J ♠T;♣2 ♣8 ♦5 ♣Q;2
S;NT;N:K.7.T3.2 Q2.4.6.A 64.T.5. AJ...J3;♦7 ♠7;♦3 ♦T;3
S;NT;N:Q8.A..AK .QT6..QJ 5..K8.2 .9743..;♦6 ♠2;♠8 ♠Q ♣K ♣A ♥A;5
E;NT;N:A.K.T3.6 2.QJ.9. K...JT2 .T3.J6.;♣K ♦7 ♦A;♣6;2
N;NT;N:.QT87..2 8.2.87.J J.4.T.T7 .3.3.A63;;♥7 ♥8 ♥T ♥Q ♣2;4
W;NT;N:.752.5.3 T.93.73. K2.T8..6 J8.J..T;♦4;♦5;1
N;NT;N:2.3.94.A .98.72.8 .5.KQ8.2 63..A.T7;;♦4 ♦9;2
W;NT;N:..AKJ83. .4.QT6.2 T.A5..87 K2.J3..;♥K;♦3 ♦8 ♦J ♦K ♦A;3
E;NT;N:AQ.8.A.T 63...QJ K2...K8 T.Q7..2;♥A ♥5 ♦3;♥8;4
E;NT;N:A96.6.2. 3..A64. J..T.AJ Q2.A.Q.;♠K ♣K ♣6;♠A ♠6 ♠9;1
S;NT;N:AT.A8.3. 5.4.Q.32 J94...9 3...K65;♠Q ♥T;♠A;5
S;NT;N:Q96.63.. .K.J.542 K..KT.8 3..A9.6;♥T ♠4;♥3 ♥6;3
E;NT;N:T.K4.J5. 8.7.T.7 .A..KT8 9.Q6..A;♠2 ♠6 ♦4;♠T;4
N;NT;N:..76.J65 .Q96.2.3 Q8.A.Q9. 7.3.3.A8;;♦6 ♦7;5
W;NT;N:Q4.3.K.Q J9.8.8.2 2..Q75.3 7.K.9.4;♦A;♦K;2
W;NT;N:T64..8.3 K.KQ9.K. 7.4.A.J8 5.J.Q7.;♣6;♣3;3
N;NT;N:..T.T973 62.T..KJ .65.A62. J5..75.A;;♦T;1
W;NT;N:32.A.6.9 A9.6.2.Q QJ7.J..7 T.Q.5.5;♥T;♥A;3
S;NT;N:KQ3..8.J 6.6.5.87 4..A.42 J.8..96;♦3 ♠2;♦8;5
N;NT;N:.53.A5.3 .K82..T5 QT.J6.8. K.A.4.QJ;;♦A;2
E;NT;N:J.T.A4.2 6..T.Q8 9.2.9.A 4.A.K2.;♣9 ♥3 ♣J;♣2;2
S;NT;N:Q3.J.T.J 8.85..Q2 96.9..3 J..K84.;♦5 ♣6;♦T;4
E;NT;N:T4.KQ..3 .2.83.J .T7.2.5 K965...;♥3 ♥5 ♦Q;♥Q ♥K;2
S;NT;N:.KT.A75. 6.7.K.A6 A.9..T2 92.3..5;♠8 ♦3;♦5 ♦7 ♥T ♥K;5
W;NT;N:5.Q2..Q8 84.3.3.A T.86.Q.6 A3..6.4;♠9;♠5;4
E;NT;N:J.9..J86 A..84.K 9.Q.A.7 54.2..4;♥4 ♦3 ♥6;♥9;3
S;NT;N:K4.7.7.Q .4.Q.AJ9 7.2.9.8 .93.J.6;♦K ♣4;♦7;3
S;NT;N:Q6.KT5.. .3.K.QT7 2..J3.A 4.98..9;♠J ♠3;♠6 ♠Q;5
S;NT;N:3.6.A3.T J4.4.T.Q K..4.A6 9.K..K9;♥8 ♠7;♥6;5
E;NT;N:65.3..QT K..5.75 .T9.2.8 J8.J5..;♠Q ♣3 ♦J;♠5 ♠6;2
S;NT;N:.2.Q8.Q8 A9.4.J2. 3..A.97 .K7.3.K;♥T ♣6;♥2;3
S;NT;N:.Q8.2.QJ .KJ3..K8 T..K4.4 2.4..T9;♣A ♥9;♣J ♣Q;4
E;NT;N:53..9.82 Q4.J.8. T7.K.T. K9.Q.Q.;♦A ♣5 ♥3;♦9;1
W;NT;N:.T.K96.T .A3.T.98 8.4.A.AK .Q.J3.3;♥9;♥T;3
E;NT;N:T.T95.T. ..4.Q82 AQ.8.Q. 3.7..T4;♥3 ♥Q ♠K;♥5 ♥9 ♥T;5
W;NT;N:.KJ9.AJ. .T53.43. 7.4.5.43 2.Q.97.;♣9;♥9;4
W;NT;N:.Q7.A.Q5 .K.52.73 .A.74.KT A.T.3.9;♠7;♥7 ♣5 ♥Q ♣Q ♦A;3
N;NT;N:2.87.96. 3.2.7.32 .J.QJ.64 9..T.Q97;;♦6 ♦9 ♥7 ♥8;3
E;NT;N:8.K4.A.8 .7.9.J9 A.5.2.3 3...QT4;♦8 ♥A ♣2;♦A;4
W;NT;N:.T6.5.95 ..2.AKT6 9.54.A.3 .K2.9.4;♠2;♣5 ♦5 ♣9 ♥6 ♥T;2
S;NT;N:.KJ8..96 .A3.A8.K 2.2..T4 8..T62.;♠J ♥9;♥8 ♣6 ♣9 ♥J ♥K;1
S;NT;N:QT.A8..4 962..QT. J..65.8 .KQ..AJ;♥2 ♠8;♥8;4
N;NT;N:73.Q3..K J5.7.T.9 A..A9.65 Q.5.84.Q;;♥Q ♣K ♠3 ♠7;5
N;NT;N:T3.5..J4 K8.T..86 AJ.KQJ.. ..AT.KQ9;;♠3 ♠T;5
N;NT;N:.2.J96.3 .AK.Q8.2 98.98..A Q5.T.T.9;;♣3;2
S;NT;N:J.8.4.76 6.Q3.K2. T.7.T7. ..83.T9;♥9 ♦9;♥8;1
W;NT;N:T.A..A75 KQJ.J.5. 8.6.3.Q2 ..KQ7.9;♣3;♣5 ♣7 ♣A;4
S;NT;N:A..53.KQ T.T.T.83 3.AK.A. KJ65...;♥7 ♦9;♦3 ♦5 ♣Q ♣K;4
W;NT;N:K.JT.A6. J5.9..T3 Q7.Q7..J 4.3.K.K;♦J;♦A;5
N;NT;N:7.AT82.. K8.K.7.7 .J..Q543 A.4.T53.;;♥A;4
W;NT;N:3.K7.7.4 .T84..T3 6.3.Q42. J7.Q.9.;♦6;♦7;3
N;NT;N:.3.K82.A QT9..A9. A54..Q3. 76.A.T.6;;♣A;3
S;NT;N:JT.A83.. 3.5.5.KT .K76..4 K..A4.2;♠9 ♣3;♠T ♠J;4
S;NT;N:4.9.5.T4 J6.6.T.9 .3.AQ.8 .QT4..Q;♣J ♠5;♣4 ♣T;3
N;NT;N:964..T.6 .T6.987. KJ83..5. Q.94.J3.;;♠4 ♠6 ♠9 ♣6;5
N;NT;N:..AQJ8.2 5.85.3.3 QT..K.J7 J..7.AQ8;;♦A;4
E;NT;N:84.KJ..Q ..Q8.72 A2.T.7. J..K.KJ;♥5 ♣8 ♦6;♥J ♥K;4
W;NT;N:92.8..Q6 .Q4.52.5 AQ.T.9.4 T.952..;♣J;♣Q;5
S;NT;N:A..82.54 Q.K..AQ3 75.A..8 .QT2..7;♠J ♦3;♠A;3
N;NT;N:K.K9.5.A .T.AJ2.8 32.5.8.3 96.4.63.;;♥K ♣A ♠K;4
S;NT;N:9.T52.4. 4.Q.K3.3 6.6.9.J A.8.AJ.;♣7 ♥J;♥2 ♥5 ♦4 ♥T ♠9;2
W;NT;N:.95.62.K A..Q.T87 .Q.T543. Q2.7..2;♠9;♦2 ♦6;3
E;NT;N:K65..3.4 .63..AK .AKQ..9 T.75..7;♣T ♣J ♦5;♣4;4
S;NT;N:KT.J.J.8 65.A82.. J..85.7 .Q.2.43;♣6 ♦3;♣8;5
E;NT;N:Q7.K96.. .74.5.4 K9.5.2. A4...J7;♥Q ♣Q ♠5;♥K;2
N;NT;N:AQ..Q8.K .J854..6 ..J6.QT4 K54.A..2;;♣K ♦Q ♠A;5
E;NT;N:..AJ86.3 5.5..AK 8...T64 2.K3..Q;♠K ♠A ♦T;♦6 ♦8 ♣3 ♦J ♦A;2
N;NT;N:K.7.6.J4 6.9.T.K9 T4..4.82 83.2.J3.;;♠K ♥7 ♦6;1
W;NT;N:K9.J..T5 T.54..83 .2.KT.A6 3.6.J2.;♦9;♣5 ♠9 ♣T ♠K ♥J;5
W;NT;N:3..K7.Q9 2.9.95.8 T9.6..T7 5.T.6.3;♦8;♦K;5
S;NT;N:4.KJ.T3. 63.5.5.8 .6.96.4 .T4..T2;♣A ♣Q;♠4 ♦T;5
N;NT;N:KT94.K.. A.2.97.Q 8.Q.AT.9 .J4.K.42;;♥K ♠4 ♠9 ♠T ♠K;3
W;NT;N:6.8..J42 2.Q.AJ9. 93..754. 4.76.8.;♣5;♣J;5
W;NT;N:AJ84...2 .Q96.T.6 .JT74.3. ..974.9;♠5;♠8 ♠J ♠A;4
N;NT;N:T.2.J.JT A92.J3.. 8..KT5.7 K3.5..86;;♣T ♣J ♦J;5
E;NT;N:82.7.6.K 7..T.JT A.A94.. .Q.4.98;♥3 ♣3 ♦5;♥7;5
S;NT;N:.9.95.K2 AT.K8..9 7.4.J.J J..T.T7;♣A ♦3;♣2;4
N;NT;N:A.T6.KT. 5..Q4.93 T..95.AT 62.2.J8.;;♠A ♦K ♥6 ♥T ♦T;4
N;NT;N:52.7.A.4 K.2.6.KJ 4.A.4.62 Q8.4.7.8;;♥7 ♦A ♠2 ♠5 ♣4;2
E;NT;N:T97.6.6. A.A..QT 2.74.8. QJ3.9..;♥5 ♣7 ♥2;♥6;2
W;NT;N:8.KQ.7.6 4.6.2.J3 J2..K6.8 QT.4.5.;♣7;♣6;1
S;NT;N:K76.Q..7 J8..QT.K .K6.J4. 4.J53..;♠2 ♦9;♠K ♠6 ♠7;2
N;NT;N:3..975.5 6.J9..97 KQ..T8.6 .A7.A3.Q;;♠3;2
N;NT;N:T.K.J5.T 6.Q2.7.2 8.8..QJ8 ..K42.75;;♣T ♠T ♥K;5
S;NT;N:.A.T6.Q3 3.Q.72.J T.J.5.5 K.T3.Q.;♠A ♣6;♦6 ♦T;4
N;NT;N:.3.43.32 98.T.6.4 T.5.J.QJ 74..72.T;;♣2 ♣3 ♦3 ♦4 ♥3;4
S;NT;N:5..A3.95 .852.84. 7.A.K.4 JT..Q.2;♥K ♦T;♦3 ♠5 ♣5 ♣9 ♦A;5
S;NT;N:5.43.6.8 92.92..5 .AK..93 T.5.73.;♠4 ♠J;♠5;1
N;NT;N:8.4.A4.J 62..J3.5 A3.9.2.3 9.T5..97;;♣J;4
W;NT;N:K86.8..T 4.4.2.AQ 7.AT6.A. ..T76.9;♣K;♣T;3
S;NT;N:AT.3..A4 9.94..J9 .A.Q2.2 54..3.T;♣3 ♦8;♣A;5
S;NT;N:K.T.AJ9. .73..T86 A86.A.. 4.J2.3.;♦5 ♣2;♦9 ♦J ♦A;5
N;NT;N:K..Q82.8 .86.AJ4. 763..7.6 T.A7.3.K;;♠K;1
N;NT;N:.AJ7.T.8 K5.43.3. 8.K8.KJ. ..2.Q743;;♦T ♥7 ♥J ♥A;5
N;NT;N:9.A2.7.7 5.6..Q84 6..J9.62 .874..JT;;♠9 ♥A ♦7;4
N;NT;N:.QT.K2.A Q8.52..8 A.J.53.2 K.63.J.9;;♣A ♥T ♥Q ♦K;5
N;NT;N:K5..KJ.3 .Q72.5.K AJ.93..A .J54..74;;♣3 ♦J ♦K ♠5 ♠K;5
S;NT;N:65.J.43. .A6.85.2 9..J6.7 .3.2.T5;♣6 ♠T;♦3 ♦4 ♠5 ♠6 ♥J;3
S;NT;N:2.KJ3.4. Q.A.62.4 T6..Q.5 A95..9.;♣3 ♠4;♠2 ♦4 ♥3 ♥J ♥K;1
S;NT;N:QJ..T3.A 3.76.9.5 K.KT..K .Q85..Q;♠6 ♠4;♠J ♠Q;5
S;NT;N:J8.2.J8. AT..T.KJ 9.J7.9. .83.53.;♦A ♠5;♦8 ♦J;3
W;NT;N:J.6.Q.A2 QT7.5..J 3.84.K.5 .A2.5.4;♦2;♦Q;3
W;NT;N:J65.T..4 82.K9..9 9..2.T83 T.752..;♦7;♠5 ♠6 ♥T;2
W;NT;N:.J52.T6. .T97.85. 4.K..J98 8.4.K.5;♠Q;♥2 ♥5 ♥J ♦6 ♦T;2
N;NT;N:JT7...J9 54.Q8.T. .T5.K97. .A.82.T3;;♠7 ♠T ♠J ♣J;4
S;NT;N:Q.A.32.2 .653..A7 32..4.K 4.T.K.4;♠6 ♦7;♠Q;2
N;NT;N:T9.2.95. J.T.JT4. A.4..K54 4..K72.Q;;♠9 ♠T;4
W;NT;N:QJ.J.8.J 9.5.JT.3 .Q.Q3.A6 KT.A.A.;♦6;♦8;3
N;NT;N:9.6.85.T 2.J4..A7 A63...K2 KT7.A.Q.;;♣T;2
E;NT;N:7.T4.6.7 Q.6..K6 3.K2.A. J.Q.QT.;♣9 ♠T ♥9;♣7;1
W;NT;N:A75.4..Q Q.K3.5.K T..KQ.82 .J5.8.9;♥9;♥4;1
N;NT;N:3.53.3.5 .K.87.J4 A9..2.K9 T.2.6.73;;♣5;4
S;NT;N:9.76.5.A T.K.2.75 62..T.8 KQ3.5..;♠J ♦K;♠9;3
N;NT;N:T.T.J9.4 8.43.A.7 J.Q..J32 Q.KJ.8.6;;♣4;3
S;NT;N:J7..K7.7 94.A7..A .Q95.3. 2..J.83;♣K ♠3;♣7;3
S;NT;N:8.8..962 .Q6.K8.3 .AJ.T.Q J5..5.5;♠3 ♥K;♠8;4
E;NT;N:8.K64..A T32..Q. KQ.5.6. 76...83;♠A ♣6 ♥J;♠8;3
E;NT;N:7.AT2.T. .8..A74 ..953.J 53.6.7.;♦K ♠K ♠J;♦T;1
S;NT;N:2.T.85.6 9.A64.Q. 3.Q.7.A T...J54;♥5 ♥3;♥T;2
N;NT;N:T5.3.K.2 .9.54.KT 9.85.A.3 872..2.6;;♥3 ♦K ♠5 ♣2 ♠T;2
S;NT;N:T87.2.9. .Q76..A9 4.T.J.T .3.642.;♠5 ♥8;♠7 ♠8 ♠T;4
N;NT;N:2.9.Q.AT K.K8..K3 8.7.93.4 J94..2.9;;♦Q;3
E;NT;N:T9...QT8 4.T7.Q. 7..AJ.4 ..62.A5;♥2 ♥5 ♣2;♣8 ♣T ♣Q;5
E;NT;N:.KT..AK2 J53..Q. AQ.6.5. T.J.7.6;♣8 ♦4 ♥7;♣K ♣A;5
S;NT;N:.KJ62..J 42..A7.T J.3.6.3 A..QJ3.;♣8 ♠6;♣J;5
S;NT;N:A.6.98.A Q4.Q..Q5 3.875.. ..2.KT6;♥K ♠8;♥6;5
S;NT;N:J2.T.7.T 7.4.T9.5 .62.A.4 3..J.J9;♣6 ♦4;♣T;5
E;NT;N:4..AKQ5. T.K..83 K.82..J J8.6..5;♣9 ♥4 ♣4;♠4 ♦5 ♦Q ♦K ♦A;2
S;NT;N:6.A7.A.T T2.T.3.8 7..9.43 K.J3..J;♦5 ♠3;♦A;2
N;NT;N:53.4.2.K 4.A.Q7.9 2.2.J.52 ..K64.73;;♣K ♠5;3
W;NT;N:6.Q.Q9.6 Q.5.KJ6. .8.A4.84 A.64..2;♦3;♦9 ♦Q;4
S;NT;N:7.6.Q.K9 K6.9..J8 .7.764. T84..2.;♥5 ♥K;♥6;1
E;NT;N:A53.2.8. 42..6.7 6.T.K.Q K.6.4.J;♦A ♦J ♠7;♦8;4
N;NT;N:Q64.Q..7 A..AQ9.A T..T54.9 .86.J.32;;♣7 ♥Q;1
W;NT;N:T.K.K.J2 7.62.Q4. J.T7.A5. .Q.3.KT;♦T;♦K;5
E;NT;N:..J83.K8 Q6..Q.J A9.6.A. .K2..QT;♣7 ♣A ♣2;♣8;4
S;NT;N:KT..Q8.A 5.2.JT7. 4.3.2.5 8.AJ.4.;♥4 ♠9;♦8 ♣A;5
S;NT;N:K.3..T82 T5.J.5.3 32.A.3. 7..KJ4.;♠4 ♣A;♠K;5
E;NT;N:K6..J.Q6 A..Q.52 .92.7.7 9.4.53.;♥6 ♠5 ♥K;♣Q ♠6 ♦J ♠K;2
E;NT;N:Q8.4..AK .5.KQ.3 .AJ..52 9.K8.5.;♦7 ♦2 ♠K;♥4 ♠8 ♠Q ♣K ♣A;2
E;NT;N:T8..Q7.9 Q.QT.9. .5.4.J2 73.8..5;♥A ♦T ♥K;♣9 ♦7 ♠8 ♠T;1
N;NT;N:2..Q6.73 .65.AJ7. Q.2.985. 43.4..Q9;;♠2;2
N;NT;N:A.A3.3.6 82.Q7.Q. .T64.8.Q K53..62.;;♠A;4
N;NT;N:A83..J.K KT..AT.4 975.6..J J62.2..5;;♣K ♠A ♠3 ♦J ♠8;2
E;NT;N:T86.Q5.. .K.73.6 3.3.T4. A...943;♣5 ♣A ♥6;♠6 ♠8 ♠T ♥5 ♥Q;2
W;NT;N:6.J6.2.Q ...JT865 7.T.43.3 K.K.7.4;♠A;♠6;1
N;NT;N:AT..A3.7 QJ.2.J.2 K932...Q 5..8.954;;♦A ♠T ♠A ♣7;5
W;NT;N:AQ94.4.. 5.98.A.J K.K.K.87 2..J.Q5;♥T;♥4;5
N;NT;N:KT8..4.9 .T.73.J5 7.QJ9.2. 6..A6.KT;;♠8 ♠T ♠K;3
S;NT;N:53.AQ..8 7.T.K.AK .8.83.5 ..T9.74;♠2 ♠9;♠3 ♠5;1
E;NT;N:A6.T.2.6 .873..J ..9.K98 2.62.7.;♦5 ♥J ♥4;♦2;4
E;NT;N:6.82.A.9 T.J3.K. 5.K..KJ K2..6.T;♦2 ♥6 ♣4;♦A;4
W;NT;N:94.J.A.4 52.8.6.6 JT.K.4.3 8..3.K5;♣Q;♣4;2
S;NT;N:AT4..A.T 8.KT.2.8 K3...76 6.Q.KJ.;♣3 ♠Q;♣T;5
E;NT;N:KT4.65.. .Q.Q6.T .9.93.8 3.T.5.7;♦A ♦7 ♠J;♥5 ♥6 ♠4 ♠T ♠K;1
W;NT;N:8.J94.K. 762..95. 3..6.T93 .2.A8.5;♥5;♥9 ♥J;4
S;NT;N:T.A.A.J4 J.65..A9 9..7.T6 .Q2.6.8;♦J ♣K;♦A;3
E;NT;N:32..98.K ..42.A7 K..65.2 Q5.54..;♣9 ♥9 ♦7;♣K;4
E;NT;N:3.K5..KQ AJ4.8.. K..KQ.3 .T9..85;♦J ♠2 ♦7;♠3 ♥5 ♣Q ♣K;1
E;NT;N:.2.9.KJ7 .A.73.A AK.7..4 74...82;♥3 ♦Q ♠2;♥2;1
E;NT;N:5.2..Q63 .AT.6.9 KT.9..A Q74...2;♦5 ♥3 ♦3;♣3 ♣6 ♥2 ♠5 ♣Q;1
E;NT;N:K32.J.9. Q.T.6.8 T5.7..Q .52.2.2;♥9 ♦7 ♠7;♥J;5
N;NT;N:.K6.J.96 T.8..A85 8.2.K53. K3.9.9.Q;;♥K ♦J;5
E;NT;N:KJ.94..3 3.6.4.K .Q.KQ6. .T8.A3.;♠4 ♠5 ♠Q;♠K;3
W;NT;N:.K2.A2.A 82..Q8.Q 6.Q.73.9 .A6.J.J;♣6;♣A;3
E;NT;N:4..QJ.AT T2...Q3 K.J6.A. .2.T7.K;♣8 ♥8 ♠5;♣T ♣A;5
W;NT;N:KT8.9..K 9.2.QT6. 6.8.7.72 .75..T3;♠J;♠K;5
E;NT;N:Q.T8.J.9 52...A4 KJ.32.. .K9.8.Q;♣5 ♦K ♥4;♣9;4
N;NT;N:J96.6..2 .J.K942. K3.T9..8 .Q7.AJ.6;;♣2 ♠6 ♠9 ♠J;4
W;NT;N:T2.Q82.. .A.QT8.8 A5..4.A2 3.J3..4;♠9;♠2 ♠T;4
N;NT;N:T.3..QJ4 J..75.98 2.AT.4.6 8.QJ.9.5;;♣J ♣Q ♥3;4
W;NT;N:.8.T8.52 Q.75.4.7 K3..92.K 4.Q.7.J;♠8;♥8;5
E;NT;N:.84.T2.9 3..J9.8 K.J..AQ T..K85.;♦3 ♦6 ♥T;♦2 ♦T;5
E;NT;N:93...532 .3.T9.8 42.KT.. 8.Q98..;♣7 ♣4 ♦3;♣2 ♣3 ♣5;1
E;NT;N:5.AQ4.6. 7..Q2.A 2..9.92 KJ4.8..;♥6 ♠Q ♣3;♥Q ♥A;3
W;NT;N:J2..KT.A 6.2.Q4.J Q5.A..Q8 A.Q6.3.;♣4;♣A;4
W;NT;N:K5.J.4.3 J..T9.62 9..K82.A .T5.3.5;♠A;♠5 ♠K;2
W;NT;N:T.J72.2. .5.K3.T7 8..A4.AK .K.T.J8;♦7;♦2;4
W;NT;N:.A7..AQ7 ..2.J842 ..JT86.9 .5.Q5.K;♦4;♣7;5
E;NT;N:J8.2.4.J ..T2.42 Q.3.5.5 54.J.3.;♦9 ♥4 ♠A;♦4;2
W;NT;N:K4.93..7 98..KT.4 Q3.7.98. .Q5.5.K;♥2;♥3 ♥9;3
N;NT;N:.8.J.Q54 63.62.9. ..K5.KJ3 9.3.3.A7;;♦J ♥8 ♣4 ♣5 ♣Q;3
E;NT;N:QT..Q.K4 7.J.3.T K6..54. .3.8.75;♦2 ♥2 ♠3;♦Q;4
N;NT;N:4.AK..AJ 6.T3.A.2 A92.64.. KT...T97;;♣J ♣A ♠4 ♥K ♥A;5
W;NT;N:T.K3.9.6 4.J6.2.Q 2..6.J75 Q9.9.T.;♥T;♥K;1
N;NT;N:932.5.Q. K.K.43.T 84.9..A2 A7.J4..9;;♦Q;2
S;NT;N:.65.T43. 5.T..AQ2 AQ.J.J. ..A85.8;♣J ♥K;♦3 ♦4 ♥5 ♥6;2
N;NT;N:Q5..62.J 63.K.5.T T98.9..2 .Q3.KJ.4;;♣J ♠Q;4
S;NT;N:.A85.7.8 Q.K.J2.7 .J3..A6 .4.Q.94;♦T ♣3;♦7;2
E;NT;N:4.Q6.4.J A.4.J8. .2.KQ9. 5.75.6.;♣9 ♥K ♣5;♣J;5
N;NT;N:4.A64.Q. .T2.97.T ..K85.A9 2.9.4.QJ;;♦Q ♥A ♠4 ♥4 ♥6;4
S;NT;N:.Q53.6.K ..K.QJ65 J8.8.2. ..953.9;♠A ♦A;♥3 ♥5 ♦6 ♣K;5
S;NT;N:T.6.K2.K 9.8.7.98 .4..653 3..Q.AT;♥3 ♠2;♥6;2
W;NT;N:K.6.J76. T83..3.T J4.J4..6 .A3.Q.4;♣7;♥6 ♦6 ♦7 ♦J ♠K;1
E;NT;N:.Q97.5.Q T843... .53.J.9 5..T.K2;♥J ♦8 ♠9;♥Q;4
N;NT;N:86.6.Q9. .K.A83.A J73...QT .84.7.86;;♠6 ♠8;3
E;NT;N:.K874..7 T8..4.T 2.A9.Q. AJ..6.A;♣2 ♣Q ♦8;♣7;5
W;NT;N:5..85.JT 3.86..87 6..6.Q53 .KT.Q.2;♠K;♠5;1
W;NT;N:2.QT7.9. Q95.J.A. A63.82.. .43..T7;♣4;♠2 ♥7 ♥T ♦9;2
N;NT;N:3.9.8.Q7 98.8..KT A.4.AJ4. 2.A32..8;;♠3 ♦8;4
S;NT;N:6..KJ.J7 AQ4..T2. 7.T7..K .4.3.62;♥5 ♥6;♠6 ♣7 ♣J ♦J ♦K;3
S;NT;N:A.6..J84 KQ8.K.6. 5.5.8.Q ..J9.A2;♣5 ♠2;♣4 ♣8 ♣J;2
N;NT;N:K.Q76..8 Q.3.7.43 64.2.9.K 2.AJ9..6;;♠K ♣8;4
N;NT;N:.8.5.T63 AT8..3.8 Q.76.Q8. ..62.Q94;;♦5 ♥8;4
N;NT;N:K.3.K2.8 J9..A8.K .A5.T6.J .T4.Q4.A;;♣8 ♦2 ♦K ♠K;2
N;NT;N:AJ3...97 T.63..J8 2.87.J.3 6..65.K5;;♠J ♠A ♣7 ♣9;3
W;NT;N:A.987..A 84..8.K6 T5.3.J6. 3..T5.5;♥J;♥7 ♥8 ♥9;4
E;NT;N:.J64.3.K .3.6.J6 A9...T5 7..J7.9;♥A ♥Q ♣7;♥4 ♥6 ♥J;2
E;NT;N:T.T.Q5.Q Q..73.8 A76.6.. .5.8.T6;♥4 ♣K ♣7;♥T;5
E;NT;N:5.75.43. J6..A.T 97...96 T.42.Q.;♣5 ♣Q ♦7;♦3 ♦4 ♠5 ♥5 ♥7;1
S;NT;N:J72..J.A A.K8.Q.2 .7.K85. T6.2..5;♦A ♥3;♦J;4
N;NT;N:2.T..987 Q4.8..52 .7.KT3.K J..A64.T;;♣7 ♣8 ♣9;4
S;NT;N:J.A4.K.2 T4..J.A6 K.T9..8 A6.J7..;♦2 ♣4;♦K;2
E;NT;N:6..AK86. 4.K65.. ..Q.JT3 8.9.2.5;♠5 ♠9 ♦7;♠6;5
S;NT;N:.8.K86.8 T6.T.9.9 QJ..T.2 .K3..74;♠A ♣3;♦6 ♦8 ♥8 ♣8;5
S;NT;N:A.J5.92. .2.76.95 .K.4.74 6.6..82;♣A ♦A;♦2;5
S;NT;N:5.AQ.AK. 6.3.Q.54 .K96.J. AQ...T2;♣6 ♥8;♠5 ♥A ♦K ♦A;5
E;NT;N:9..62.KQ .A..AJ2 653...3 .9.84.6;♦5 ♥T ♠8;♦6;3
N;NT;N:.K9.KT.J Q8.5..Q2 9.A2.4.6 .J4.AJ.A;;♥9 ♥K ♣J;3
N;NT;N:7.65.6.4 ..43.KQ6 KJ..87.5 .A3.KQ.2;;♠7;2
N;NT;N:T.9.5.74 3.A..982 .5.T8.T6 J4.JT.K.;;♣4 ♣7;1
N;NT;N:8.J.82.3 64.5..J2 K.AK.T.9 ..K5.T54;;♥J ♠8;3
E;NT;N:2.J.82.9 .82.Q.2 9..A63. Q.6.K.3;♥A ♦4 ♣7;♥J;2
E;NT;N:72.A.Q5. JT5...7 ..A6.A4 9..T9.5;♥T ♣6 ♣3;♥A;5
W;NT;N:32.86..Q AT8.K..2 9.J.QT.7 ..A6.T5;♦J;♠2 ♠3 ♥6 ♥8;2
S;NT;N:3.K.A94. 7.8.Q.QJ K85.9.. A2..7.5;♦J ♣4;♦A;4
E;NT;N:T2..K9.3 6.4.QT. .8.4.A5 A..8.Q9;♥6 ♥5 ♣J;♠2 ♦9 ♠T;3
W;NT;N:A8..54.Q 976..K.9 J.A2.A.2 2..T2.K;♣A;♣Q;3
N;NT;N:..986.32 Q.A75.T. 4.QT4.K. 53.K.2.T;;♦6 ♦8 ♦9 ♣2 ♣3;1
S;NT;N:96.9.3.3 A.K8..KT K..987. 4.A7.6.;♦K ♦Q;♦3;4
N;NT;N:.T.7.T52 52.6.2.A J.Q5.T.K Q.4.A3.7;;♥T;2
N;NT;N:9.AJ.A.K Q.73.9.2 T.92.QT. 4.85.5.3;;♦A ♣K ♥J ♥A ♠9;4
N;NT;N:A2..K.AK K3..AQ8. T.3..J97 4.95..Q2;;♠A ♣K ♣A;3
N;NT;N:4.9.T82. 9.64.9.J T.K2.QJ. Q.QJT..T;;♠4 ♦2 ♦8 ♦T ♥9;3
W;NT;N:J5.9.8.T A..K52.8 92.K2.9. T..3.62;♠4;♠5 ♠J;1
E;NT;N:.65.J9.K T.KJ.K. Q.A.Q.4 5..A5.7;♥9 ♦8 ♣2;♥5 ♥6;3
E;NT;N:JT9.6.3. 54.2..J .AJ.9.2 .8.K4.5;♣7 ♥K ♠8;♦3 ♥6 ♠9 ♠T ♠J;2
W;NT;N:5.J.2.KQ KJ.6.6.A AT.4..T8 62..T.3;♥K;♥J;1
E;NT;N:.5.A5.T8 .QT.4.3 2.KJ..Q 863..6.;♥9 ♠A ♥3;♥5;3
W;NT;N:J2.9..K8 7.J.A.A4 T.T87.3. .K32.Q.;♠K;♠2 ♠J;1
E;NT;N:A.2.Q3.K 5.6.4.3 .JT7..2 ..7.AJ5;♥K ♥Q ♥9;♥2;1
E;NT;N:8.94.76. T..42.8 7..KJ.A 54.K.T.;♦5 ♠9 ♥6;♦6 ♦7;4
N;NT;N:97.3.8.4 Q.J.9.76 .6.AKJ3. 6.8.5.K3;;♦8;4
E;NT;N:..K84.93 86.2..2 .QJ5..T A.7.J.K;♠2 ♥A ♣J;♦4 ♦8 ♣3 ♣9;2
W;NT;N:AT.Q7..9 .4.75.53 4.J9..A2 ..QT.QT;♥3;♥7 ♥Q;5
W;NT;N:T.85.9.3 ..7.J986 .632..Q2 J..A3.4;♠9;♠T;5
N;NT;N:A.Q9.AJ. J97.K.Q. 52..3.K4 4.73.9.6;;♦A ♥9 ♥Q;4
E;NT;N:53..T7.K 6.7.9.3 Q.J8..5 T2.3..4;♠A ♠7 ♣9;♠3 ♠5;4
W;NT;N:J.Q.83.6 6.9.KT.9 K.K4..54 .AJ.AJ.;♠4;♠J;1
N;NT;N:7.T7..72 K6.K5..4 Q2..AK.3 J.94.2.Q;;♠7 ♣2 ♣7;2
W;NT;N:A..2.Q53 T.Q3.8.8 Q5.T.5.K 87.4..T;♦7;♦2;2
S;NT;N:4.T4.8.2 7.8.A7.9 .Q.52.8 J62...6;♠K ♠5;♠4;2
E;NT;N:96..5.62 AT..J.K 3.86.7. .T.K.93;♦4 ♠5 ♥5;♦5;1
W;NT;N:6.K..K86 A.876..A T.J3.7.J 4.Q9.K.;♣7;♣6 ♣8 ♣K;3
E;NT;N:A.AT.7.4 K.3..AT QT.QJ.. J..T2.2;♦A ♠3 ♠7;♦7;2
E;NT;N:5.AK32.. Q.7.7.6 .86.Q6. 3.54..J;♣A ♠9 ♣K;♥2 ♥3 ♠5 ♥K ♥A;2
N;NT;N:7.T.52.7 62.874.. T98.J.8. AK.5..K6;;♥T ♦2 ♦5;2
E;NT;N:.J72..T2 ..J5.K9 76.K.7. 8.A3.2.;♥4 ♦9 ♠K;♥7 ♥J ♥2;1
E;NT;N:53..J2.T ..AK4.A Q.A82.. J..Q9.3;♠7 ♠A ♠T;♠3 ♠5;5
W;NT;N:Q7.7.8.8 A3.A..J9 .8.32.K4 54.K.A.;♠6;♠7 ♠Q;2
E;NT;N:K5.K.T.J .97.8.3 .3.63.2 .J.J5.Q;♠Q ♣A ♠8;♠K;3
W;NT;N:6.J9..64 .5.K53.3 2.6.T2.9 A9.Q.8.;♦4;♠6 ♣4 ♣6 ♥9 ♥J;1
S;NT;N:865.8.7. QJ.AK.J. ..KT32. .T.Q5.K;♣2 ♥2;♠5 ♠6 ♠8 ♦7 ♥8;2
W;NT;N:.K932.6. 8.J..J64 92.6..Q2 .A.Q54.;♣7;♥2 ♥3 ♥9 ♥K ♦6;3
W;NT;N:4.8.Q2.5 T52.Q..T Q.K9.K.9 6..64.3;♣7;♣5;4
E;NT;N:..7.AK83 74.5.J. K..T9.7 J6.QT..;♥4 ♠Q ♥3;♣3 ♣8 ♣K ♣A ♦7;1
W;NT;N:64.62..A 7.98.4.6 A8..76.9 J5...J7;♦8;♠4 ♠6 ♥2 ♥6;3
E;NT;N:..KJ.AT2 86.K..5 2.A.84. .97.T.8;♦9 ♦7 ♠4;♦J ♦K;5
E;NT;N:T.K.9.Q2 .4.K.94 2.6.A8. Q..JT7.;♣8 ♠4 ♥Q;♣Q ♣2;3
S;NT;N:92..Q.K5 AKJ.K9.. .7.T.Q9 86.T4..;♣T ♦3;♣K;4
N;NT;N:9.J9.KT. 54..974. ..J862.A A2.Q.Q5.;;♥9 ♥J ♠9;2
S;NT;N:.A.7.K97 .64.AT.4 .5.98.3 J7.3..5;♠4 ♠K;♦7 ♣7 ♣9 ♣K;2
E;NT;N:J9.43.3. 52.Q.9. Q.A2.8. .K.T.AJ;♣8 ♣Q ♥7;♦3;5
N;NT;N:32..QT.9 9.AQ5..5 AJ.3.5.A Q.J.93.2;;♠2 ♠3 ♣9 ♦T ♦Q;5
N;NT;N:KT...J63 J96.63.. .T9..T42 Q.42.Q.8;;♠K ♣3 ♣6 ♣J;5
N;NT;N:K86.8.2. .K9.T.73 T5.Q..96 3.5.A.K8;;♠6 ♠8 ♠K;3
S;NT;N:9.96.9.6 J7..5.T5 6.7.7.K AK.Q.Q.;♦A ♦2;♦9;2
S;NT;N:AK..9.97 .97.7.43 .T4..85 95...Q2;♥Q ♣A;♣7 ♣9 ♦9 ♠K ♠A;4
E;NT;N:.42.4.75 6.T.2.T 2.K.7.6 97.Q.6.;♠Q ♦Q ♣3;♥2 ♥4 ♣5 ♣7 ♦4;1
W;NT;N:Q74.4.J. K.K7.96. .A92.Q.6 .T6.A.8;♥3;♥4;2
S;NT;N:J.Q3.Q.K 2.75.8.7 3.9.T.3 T9.K..A;♦A ♥A;♦Q;3
N;NT;N:4.QT.A.J KT.93.9. ..T.KT97 .K72.4.Q;;♦A ♣J;5
W;NT;N:A9.A4..4 T53..K.T .3.JT2.9 8...K75;♦Q;♣4 ♠9 ♥4 ♥A;1
E;NT;N:7.A2.8.3 5.3..T7 .T.A72. 2.J7.6.;♣9 ♦4 ♦5;♣3;2
N;NT;N:7.2.Q.72 Q.3..QT5 J6.K..K6 K9.AT.T.;;♦Q;2
E;NT;N:9.J.AK.Q T5..8.6 Q.4.6.A J.A7..J;♠K ♥K ♦4;♠9;4
W;NT;N:8.Q7..83 9.6..AK6 5.KT..T5 .A5.2.4;♥4;♥7 ♥Q;1
S;NT;N:.Q.J3.94 4.J8..J2 A..8.Q8 97..2.3;♣A ♦9;♣4 ♣9;5
S;NT;N:K2.J.2.J 4.5..QT8 7.62.4. .87.65.;♥Q ♠A;♥J;3
W;NT;N:.AQ5.2.2 .83.Q.K3 3.KJ6..4 .T4.8.6;♠A;♥5 ♦2 ♣2 ♥Q ♥A;1
E;NT;N:A..KJ4.9 .K52.7. 5..5.QT .Q.9.J8;♠9 ♠7 ♦Q;♠A;5
W;NT;N:J8.AJ.2. 2.72..85 T4.9.3.K .Q6.6.A;♣3;♦2 ♠J;5
E;NT;N:A3.8..K8 4..76.T 9.3.Q.A K2..93.;♣2 ♦K ♥6;♣8 ♣K;5
N;NT;N:5.J7..Q5 8.4.84.J 3.8.J.AK .AQ65..3;;♣5 ♣Q;3
E;NT;N:Q.42.63. AJ9...5 5..85.J 8.3.2.6;♥9 ♣K ♠4;♥2 ♥4;1
W;NT;N:.Q7.3.Q7 .T.AK.J6 .8.4.KT3 73.J6..;♦7;♦3;3
W;NT;N:T..J6.T4 6.J9.9.7 .32.KT.2 Q.754..;♠A;♠T;1
E;NT;N:J4..63.6 A..J.Q7 .Q.8.92 K2.8..5;♠8 ♥5 ♠Q;♠4 ♠J;1
W;NT;N:T2.A..Q4 96.62.K. J.95.64. Q...965;♦A;♠2 ♣4 ♠T;2
W;NT;N:.A3.KQ.9 65..53.2 J3.6.62. Q..94.A;♣K;♣9;2
N;NT;N:Q.AT.A.J 2.K.K6.2 4..42.86 .94.5.97;;♥A ♦A ♠Q ♣J;5
E;NT;N:KT.5.K.6 .4.Q.84 2.8.8.5 8.A3..K;♠3 ♠4 ♥J;♠T ♠K;3
W;NT;N:.Q.6.T64 J.64.4.9 KQ.72.T. 4.K.2.3;♣J;♣4 ♣6 ♣T;3
E;NT;N:.AQ.52.3 8.3.8.Q 9.K..62 .T.KQ3.;♥4 ♥8 ♣5;♥A;3
N;NT;N:Q3.KJ..4 9.6.4.Q6 K.982.9. J.Q..AJ5;;♠3 ♠Q ♥K;5
S;NT;N:32...875 .7.9.J43 AJ4.4.. K.Q5.J.;♣T ♠5;♣5 ♣7 ♣8;1
S;NT;N:7.JT3.9. 5.942.K. K.K7..Q Q...J65;♦A ♠4;♦9;5
S;NT;N:9.8.T.T6 6..Q6.K5 .Q5.54. .J4.8.7;♦J ♠T;♦T;2
S;NT;N:8..87.T6 .Q53.AK. T.T9.4. 3.J.6.3;♠J ♣2;♠8;2
E;NT;N:.A8.6.74 .97.K.6 5.42..A 32.6..5;♦A ♦3 ♠9;♦6;3
E;NT;N:3.K.2.96 6.8.6.5 7..3.T7 A4..KT.;♥9 ♣4 ♠T;♥K;3
N;NT;N:A3..8.Q2 KT8.7..5 96.2..JT 4.T3.T6.;;♠A ♣2 ♣Q;3
E;NT;N:K3.83.K. .J4.7.Q .2.J4.T 97.95..;♦2 ♠5 ♠A;♦K;2
W;NT;N:3.J.T4.3 4..K.T98 .8.A86.2 .4.5.QJ;♦3;♦T;4
E;NT;N:4.J.A.T7 ..T.K32 .64.2.9 J7..QJ.;♥A ♠T ♥T;♥J;2
W;NT;N:4.4.4.Q3 K8.K.A.2 A3.AQT.. .65.T.T;♦7;♦4;4
E;NT;N:.JT.9.J2 JT.2..3 75..J.4 ..T7.A5;♦4 ♦K ♥A;♦9;3
E;NT;N:8..KT4.6 4.A.J.8 9..653. 7.K5..K;♦A ♥6 ♥7;♦4 ♦T;1
E;NT;N:K5..8.Q7 J2..T2. ..65.KT 8.AT..5;♦A ♣J ♣6;♦8;3
W;NT;N:2..K.T98 865.42.. A.J.J8.K Q3.Q.7.;♣J;♣8 ♣9 ♣T;5
E;NT;N:.K65.7.K 7.3.9.5 4.2.Q3. 63.7.J.;♥J ♠2 ♠9;♥K;4
W;NT;N:4.3.3.J8 J72..2.K A.7.7.A7 .KT..T4;♦A;♦3;2
N;NT;N:7..4.T85 54..K.K2 .AJ.T2.A 6.4.85.9;;♦4 ♠7;4
E;NT;N:J76.8.K. AQ5..A. ..32.85 2.95..2;♠4 ♠8 ♦Q;♠6 ♠7;3
E;NT;N:2.3.6.A2 .J.T.63 AJT.7.. Q96..A.;♣7 ♦9 ♣4;♣A;3
E;NT;N:.K75.5.A .94.2.9 3..8.84 T9...J2;♠2 ♥T ♦9;♥5 ♥7 ♥K ♦5;3
E;NT;N:K8.T9..T 4.A..KQ .72.T.3 .86.7.6;♦A ♦2 ♣9;♣T ♥9 ♥T ♠8 ♠K;1
S;NT;N:.J.A8.A8 8.AT4.5. 4.Q..63 3..9.QJ;♣5 ♠Q;♣8;4
S;NT;N:J97..K9. Q82..3.A A.T.2.8 .K.8.Q9;♠5 ♣4;♠9 ♠J ♠7;3
N;NT;N:..J2.K94 J..A.852 K32.T7.. AT6.3.7.;;♦2 ♦J ♣9 ♣K;3
W;NT;N:T5.62..A .73.J4.T K9..62.J .J8.9.2;♣5;♣A;3
W;NT;N:Q.42..T9 .8.97.Q5 A..KQ3.J 5.7.6.2;♠7;♠Q;4
S;NT;N:62.AJ.6. 85.2..63 Q.K..A8 74.6..7;♦4 ♦Q;♦6;4
W;NT;N:.43.62.4 75..A.Q5 A9.AQ5.. J.92..J;♠4;♥3 ♥4 ♣4 ♦2 ♦6;5
S;NT;N:8.Q.A.74 .32.4.Q5 .7.J8.3 A6.J.7.;♦6 ♣K;♦A;3
W;NT;N:J..7.532 92.43..T Q8.6.5.6 K4.J.T.;♠5;♠J;1
E;NT;N:2..J84.5 Q.95.Q. 8..A.T2 9.T3..8;♥K ♦7 ♠3;♦4 ♠2 ♣5 ♦8 ♦J;1
E;NT;N:2..K62.J .T.8.Q8 A.7.5.2 .K6.A.5;♣3 ♠T ♦9;♣J;2
N;NT;N:Q.J.K3.3 82..A5.5 76.Q.94. .9.J2.K6;;♥J ♠Q;2
W;NT;N:8.J7.92. 9.3.87.3 KQ.T5..6 AJ.6.6.;♣8;♦2 ♠8 ♥J;3
E;NT;N:2.A4..J7 A3..3.4 ..42.82 K.53..6;♣K ♥2 ♦J;♣7 ♣J;2
E;NT;N:.A.82.A6 A..K.T8 87.6.6. .J.JT.Q;♥9 ♠6 ♥Q;♥A;2
E;NT;N:8.6.87.9 KQ5..4. 3.J..65 A.2.Q.T;♣7 ♥9 ♣K;♣9;1
N;NT;N:T.3..JT5 ..954.Q8 72.9..K3 J.2.KQ.4;;♣T ♣J;3
S;NT;N:J.84.86. 3.T.42.A Q.J5..5 65...42;♦Q ♥9;♦6 ♦8;5
N;NT;N:3.Q73.3. 952..Q7. .A.8.T72 .2.J5.Q8;;♥3 ♥7 ♥Q;1
N;NT;N:8.K8..76 .3.QT.Q2 T4.J.83. Q..94.K3;;♥K;2
N;NT;N:T9.A..K5 4.87..Q8 7.653.Q. 62.K.93.;;♠9 ♠T ♥A ♣K ♣5;4
E;NT;N:J93.2.4. .7.A.86 A.QJ..A T..65.9;♦T ♣T ♣2;♦4;3
S;NT;N:.52.Q8.9 T.J9..KT 9..T4.3 .73.52.;♦A ♦J;♦8 ♦Q;2
S;NT;N:5.8.A85. T9.Q9..8 A.T4.K. .A..QT3;♦4 ♠K;♦5 ♦8;4
W;NT;N:.AJ.AT6. J.3.54.Q 62.9.K.K 5.52..3;♦Q;♦6 ♦T ♦A;5
W;NT;N:K.K.J7.T 3..6.J65 A5.5..A8 J9.T..4;♠7;♠K;5
S;NT;N:.KT5..QT 4.2.9.KJ ..8.A62 Q..A5.5;♦J ♠7;♥5 ♥T ♥K ♣T ♣Q;2
E;NT;N:T6.Q.Q2. 43..83. J.63.K. 8.A..Q7;♠Q ♥J ♠9;♠6 ♠T;2
W;NT;N:9.J4..A9 K.KT9..5 A.6.T8.2 .5..763;♥3;♥4 ♥J;2
E;NT;N:742..K3. A..8.A3 ..4.K97 T8..J.2;♥T ♦T ♣Q;♠2 ♠4 ♠7;2
W;NT;N:.A94.K5. K6.2.J.4 J95..8.Q .3.6.87;♦4;♦K;4
N;NT;N:J4.9.Q.3 763.5.T. K5.T.5.6 2.Q6..84;;♠4 ♦Q ♠J;3
N;NT;N:94.72..9 2.T6.3.J T6.54.T. Q8..4.AT;;♠9;2
W;NT;N:Q..Q86.8 JT.3.97. 7.QJ8.5. 3..A.92;♦3;♦Q;2
W;NT;N:K..T.Q94 74..9.A8 8.8.86.K 63.4.Q.;♣T;♣4 ♣9 ♣Q;3
N;NT;N:7.Q6.A7. .85.92.K 9.A4.T.7 JT...AT8;;♥6 ♦7;4
W;NT;N:4.K7.94. 8.4..965 K72..A2. .8.5.T7;♥T;♥K;5
W;NT;N:.J5.6.K5 97.2.K.A J.9.95.8 ..J74.3;♠4;♣5 ♦6 ♣K;3
N;NT;N:843..Q.8 72.J7.J. .T6.4.72 .952.76.;;♦Q ♠8 ♣8 ♠3 ♠4;3
N;NT;N:65.T9..A 9842..A. .AJ.6.82 .Q4.7.93;;♥9 ♥T ♣A;2
S;NT;N:.Q6..Q93 J5.J.94. .97..J8 43.A.K.;♥5 ♦T;♥Q;4
E;NT;N:.54..AKQ .6.6.62 93.2..J Q.T.4.5;♥3 ♠K ♦A;♥4 ♥5;4
N;NT;N:K2.7.J.4 9.J.6.J9 AQ8..2.A 7.T94..5;;♠2 ♠K ♣4 ♦J;5
N;NT;N:.3..AK93 864.75.. 7.8.2.75 .A2.K7.6;;♣3 ♣9 ♣K ♣A;4
E;NT;N:AQ3...QJ 85.Q..K 9.3.76. T.T5.K.;♠6 ♣T ♥7;♠Q ♠A;3
E;NT;N:K6.5..84 T32...6 7..7.T9 8.3.8.J;♦J ♥Q ♥2;♣4 ♠6 ♣8;2
E;NT;N:.K.4.A72 J4.2..6 T..Q.J5 .JT.2.4;♣3 ♥8 ♠8;♣7 ♣A;5
E;NT;N:5..4.AKT ..973.9 Q83.2.. .J65..4;♣6 ♥T ♠9;♣T ♣K ♣A;5
W;NT;N:.83..Q72 5..A74.A 7.K2.Q5. 3.A5.J.;♣6;♣2 ♣7 ♣Q;2
N;NT;N:A3.9.Q6. .J2.8.K7 J4..95.A 62.Q7.2.;;♦6 ♦Q ♠3 ♠A;5
E;NT;N:9.86.4.A ..T.KT8 .K.95.4 T5..Q2.;♦8 ♦7 ♥T;♦4;1
W;NT;N:K8.96..4 9.T.AJ3. 72.A.7.7 4.J3..6;♥Q;♥6 ♥9;4
S;NT;N:.5.A83.6 9.64.5.3 A8...Q7 K.K.9.J;♥7 ♠6;♥5;5
E;NT;N:T2..T.64 Q.83.3. A.KQ.4. J.9..T9;♥6 ♣3 ♣5;♣4 ♣6 ♠2 ♠T ♦T;4
W;NT;N:Q7.K.A.4 AK4.9..A 92..Q.87 .2.J93.;♥8;♥K;2
W;NT;N:K.KQ..A3 72.4..85 9.A.3.64 .J.94.Q;♥3;♥Q ♥K;4
S;NT;N:2.T4.7.Q T63.96.. J.75..4 ..A932.;♦T ♥J;♦7;4
N;NT;N:94.QJ..A 83..Q5.T K.92..J9 T2.3.K2.;;♥J ♥Q ♣A;5
S;NT;N:Q3..2.92 .87.5.AQ 54.Q.7. J2.5..7;♠6 ♣T;♠3;4
N;NT;N:Q6..JT4. J8.4..75 9.9.763. K2..5.Q3;;♦4 ♦T ♦J;4
E;NT;N:.6.5.A84 84.9..2 2.K.T.T T5.QJ..;♠J ♦4 ♦7;♣4 ♣8 ♦5 ♥6 ♣A;2
W;NT;N:.JT4.9.6 5.2.3.T8 T.A96.K. ..Q4.A9;♦6;♦9;5
N;NT;N:K2.K.K.Q .T6..962 Q..A5.75 .432.Q.T;;♣Q ♦K ♥K ♠2 ♠K;5
E;NT;N:87.AJ.Q. .9..652 9..6.Q9 .3.T92.;♥7 ♠4 ♠J;♥J ♥A;5
N;NT;N:A.9.T8.6 T8.2.6.8 Q6.A3..T 52.T.J5.;;♥9 ♣6 ♠A;5
S;NT;N:4.A.3.AQ A.3.8.K3 75.K7.. T.5..T6;♥Q ♠J;♥A;3
S;NT;N:6..T42.9 KT..Q.84 2.4.5.A .5.J63.;♥J ♠Q;♦2 ♦4 ♦T ♠6 ♣9;2
N;NT;N:7.Q..AJ4 4.93..62 Q5.T.8.3 .7.K62.T;;♥Q ♣J ♣A ♠7;5
E;NT;N:JT8..82. .8.K9.4 .52..T5 ..76.82;♦5 ♣6 ♠4;♦8;4
W;NT;N:Q972...A .Q4..T82 KJ..JT9. 3.K.A.7;♣9;♣A;5
E;NT;N:2..A52.3 Q..K.72 3.5.7.5 .J632..;♥K ♠4 ♠J;♦2 ♦5 ♠2 ♣3;1
W;NT;N:.K.KT.A7 9.J5.Q3. .4.76.KJ K.Q8..2;♠J;♣7 ♦T ♦K ♣A;3
W;NT;N:3.A.J.K5 .K95.83. 6.T.52.J 7.J62..;♣3;♣5 ♣K;4
E;NT;N:764..K2. .JT.5.6 .Q9.43. 9.4.J7.;♠2 ♦6 ♣7;♠4 ♠6 ♠7;3
N;NT;N:AK72..9. .Q.6.A54 6.9.KT5. 4...KQT9;;♠2 ♦9 ♠7 ♠K ♠A;5
N;NT;N:53.Q5.5. Q.62.3.J 6.9.9.84 A.74..92;;♥5 ♠3 ♠5 ♦5;3
S;NT;N:3.3.Q87. .AQ.KT.Q .7.5.KJ 8.86..9;♣5 ♦A;♦7 ♦8 ♥3 ♠3;1
E;NT;N:2.T.82.4 K.9.Q7. .8.K.96 9.Q4..5;♥5 ♠J ♣3;♥T;4
N;NT;N:.543.2.K Q87..3.8 J.T.Q.AQ T.92.96.;;♣K ♦2 ♥3 ♥4 ♥5;4
N;NT;N:54.K.KT. AJ2.T.7. .A9542.. ..85.J65;;♦T ♦K ♥K;5
S;NT;N:7.96.K.5 54.T4..4 J63.3.. .Q2.43.;♦6 ♦2;♦K;5
S;NT;N:.KJ73..7 KJ3.5.A. 82..T.A .Q.K.84;♦Q ♣Q;♥3 ♥7 ♥J ♣7;1
S;NT;N:J.2.Q96. Q..J5.84 A3.5..T .KQ9..3;♥A ♥4;♥2;4
E;NT;N:K9..J83. Q..A7.9 2.9..A4 5.6.2.8;♥7 ♠A ♥4;♦3 ♠9;3
E;NT;N:6.KJ.2.2 .A.J3.T 87.7..6 Q..A.75;♥9 ♥Q ♥6;♥J ♥K;1
E;NT;N:..A95.32 QT3...5 7.T.T.T 8.8..97;♥Q ♣K ♦Q;♣2 ♣3 ♦5 ♦9 ♦A;1
W;NT;N:T.K2.A.2 6.9.Q5.6 J7..T7.Q .Q.J.J7;♠4;♠T;5
N;NT;N:82.A.94. KJ63..8. .T4.K.J2 A..6.754;;♦4 ♦9 ♠2 ♠8 ♥A;4
E;NT;N:65..K2.J .Q.Q7.A .K8..94 J.9.64.;♠A ♥A ♦8;♠5 ♠6;2
N;NT;N:KJ.74..5 .A8.T.94 87.9.8.A Q3..2.KT;;♣5;3
S;NT;N:A.A5.4.A 7..876.9 54.T.5. ..AQT.2;♥8 ♠9;♥A;5
N;NT;N:A63..T.3 QJ.5.J.8 5.6.4.AK 98.T3.7.;;♠A ♣3;3
W;NT;N:J9..K.97 6.4.85.J K.AJ9.J. Q7.Q2..;♠3;♠9 ♠J;3
N;NT;N:.T85..43 7..K65.2 8.4.Q.97 .2.874.K;;♥5 ♥8 ♥T;3
S;NT;N:A65.5.T. 3.A2.8.6 Q8..3.J .K.9.Q7;♠J ♥Q;♠5 ♠6 ♠A;4
S;NT;N:2.T6.6.7 6.K.5.T8 .75.4.A K9.3..4;♦A ♣2;♦6;3
E;NT;N:.9.K95.5 K2..3.J ..8.QT3 93.J.J.;♠8 ♠6 ♣9;♦5 ♦9 ♣5 ♥9;1
E;NT;N:.Q.8.J82 .K9..Q5 K63.5.. AQJ...6;♠T ♦A ♣A;♣2 ♣8 ♣J ♥Q ♦8;1
E;NT;N:52.Q.2.T K4.3..J .976.J. 6..Q.74;♥4 ♣5 ♠Q;♥Q;1
S;NT;N:T.8.92.T 9.K.T.65 A..K.AJ Q2..Q4.;♥4 ♣Q;♥8;4
S;NT;N:Q65.8..8 .T9.J.T5 K.J.T.K .65.2.Q;♦4 ♥4;♠5 ♠6 ♠Q ♥8 ♣8;4
W;NT;N:3.T9..T3 2.Q.QJ4. 9.52.A.9 T.8.T.4;♦9;♠3 ♥9 ♥T;3
W;NT;N:4.K9.4.A .T3.A.Q8 .74.Q3.2 9.5.7.K;♣3;♣A;2
W;NT;N:..32.AQ2 Q.43.T.9 2.T7..T4 K93.6..;♥8;♦2 ♦3;5
E;NT;N:.A3.A.Q4 T7.J..6 6..Q3.7 .985.4.;♠9 ♦K ♣9;♥3 ♣4 ♣Q ♦A;2
S;NT;N:A74.K..6 5.J6.4.A .95.3.J .74.J5.;♥A ♠9;♥K;1
E;NT;N:Q.32.Q.K .A87..2 K3.Q.J. A74...8;♣J ♠T ♥K;♣K;3
E;NT;N:87.3.8.K Q..T5.2 T.9..A3 A95..9.;♣4 ♣Q ♦J;♣K;4
E;NT;N:5.KJ4.6. 4.6.9.2 .A.8.97 J.Q7.Q.;♦5 ♥T ♣Q;♦6;4
E;NT;N:9.Q6.8.2 .85.5.3 4.J..T4 8.2.3.J;♦7 ♠5 ♦4;♦8;4
N;NT;N:5.T.Q4.K 9.63.7.2 .Q.6.T95 7.A8..83;;♣K ♦Q;3
N;NT;N:A.A.J.J2 K5.9.5.7 98.QJ..T 2.7.Q9.K;;♥A ♠A ♣2 ♣J ♦J;2
S;NT;N:92.J4..6 .T6.4.T8 ..KQJ.7 4.Q.9.2;♦3 ♠K;♠2 ♣6;1
S;NT;N:K.JT4.Q. ..K52.K2 .8.J.73 ..74.86;♠J ♠6;♠K;4
E;NT;N:J.K62..5 .J83..Q 96...72 .7.73.4;♠4 ♦Q ♦T;♠J;2
N;NT;N:.AQ.52.Q K..T.J87 64.J5..2 .T7.Q4.A;;♥Q ♥A;2
W;NT;N:A.K..Q98 4..JT2.K J.Q.5.32 Q..73.J;♦Q;♣8 ♣9 ♣Q ♥K;1
N;NT;N:94.J6..Q AT.4.94. 8..QT2.T 3.AT.J.4;;♣Q ♠4 ♠9;2
W;NT;N:.Q..KQJT A2..T9.9 7.T3.J.5 .A7.7.8;♣3;♣T ♣J ♣Q ♣K;4
S;NT;N:K3.853.. .AJ4..AQ 5.2.5.6 JT..3.K;♥Q ♥T;♥3 ♥5 ♥8;1
W;NT;N:K532.6.. Q9.3.4.3 A.AQ..T2 J..2.AQ;♥5;♥6;3
W;NT;N:KJ3.4.A. T2.93.9. .JT2.T.T 5..K54.;♥5;♥4;5
S;NT;N:87.J.32. J9.62..A .7..853 5.K.K7.;♠K ♥Q;♠7 ♠8;1
E;NT;N:.A8.J8.A A9.9..9 63.K2.. ..AQ92.;♠4 ♣2 ♦5;♥8 ♦8 ♦J ♥A;2
E;NT;N:4.4.A.A5 97..3.4 QJ2...3 A.32..T;♦7 ♦J ♦T;♦A;4
E;NT;N:3..75.T7 5.T.T.2 7..AQ2. A.6.93.;♠8 ♦4 ♥9;♠3;2
N;NT;N:AJ9.74.. K.T3.Q4. 3.82.J.6 6.AQ.82.;;♠A;3
S;NT;N:K.AK.K.5 .JT76.A. 76..T4. ..J3.J9;♠Q ♦9;♠K;3
S;NT;N:.K5.J.K8 8.4.A.65 3.6.98. T5.2..7;♠2 ♥7;♥5 ♦J ♣8 ♣K;3
E;NT;N:J2.7.Q5. 9.T4.J. .6.KT.6 .A.2.92;♣T ♥2 ♣A;♠2 ♥7 ♠J ♦5 ♦Q;1
N;NT;N:Q8.8.3.9 .T93.Q.K .K.A8.A6 T3.7.J5.;;♠Q;5
E;NT;N:J.K7.T.K .4.98.A 96...93 .92.Q.8;♠A ♦7 ♥T;♠J;1
W;NT;N:3.Q8.72. 4.K.86.A ..AJT4.5 .AT..72;♦9;♦2 ♦7;4
S;NT;N:96.7.9.3 A.A.54.9 KQT..J. .6.6.42;♠8 ♥2;♠6 ♠9;2
W;NT;N:7..2.KQ9 3.8..742 J2.7.3.8 ..85.53;♣A;♣9 ♣Q ♣K;2
N;NT;N:KT.T.4.K J2.K..94 Q8.J2..5 94.4.96.;;♥T ♠K;4
N;NT;N:K93.5..A 4..T4.96 8.2.J9.2 J2..5.Q4;;♠K ♥5 ♠3 ♠9;4
E;NT;N:K4..2.K5 2...Q64 7.97..8 A9.T5..;♠3 ♠8 ♦A;♠4 ♠K;3
S;NT;N:98.QT8.. .J75.2.3 T6..T.J .2.Q.54;♦4 ♠4;♥8 ♥T;5
N;NT;N:3.753..Q .J4.T.84 J..KJ.AJ 5.T.84.5;;♣Q ♠3;5
W;NT;N:8.3.3.J4 K4.2.7.A .96.JT4. .54..QT;♦Q;♦3;1
N;NT;N:9.42.T.9 2.T95.8. 43.J.4.Q 7..3.542;;♦T ♠9 ♣9 ♥2 ♥4;5
N;NT;N:.98.Q.J3 .KT.63.K Q4..K2.8 5.75.7.6;;♦Q;3
E;NT;N:.T9.83.3 9.53..A 2.AJ.J. 8.2..QJ;♣T ♦Q ♥Q;♣3;2
S;NT;N:.84.54.T 74.Q7..9 9.T.6.5 K.K.7.6;♦K ♦8;♦4 ♦5;2
N;NT;N:9.K.J8.9 65.Q.7.A 2.T..QJ3 3.94.T.2;;♣9 ♥K ♦J ♠9;4
S;NT;N:.K.A4.42 .QT.T87. J8...T6 A.8.J3.;♠6 ♣K;♦4 ♣2 ♣4;4
S;NT;N:A4.2.2.3 96.9.K.4 J..A.T6 K7..T9.;♥6 ♣J;♥2;4
S;NT;N:K.AQ.73. Q.76.Q.9 5.J..A3 J..8.K6;♣7 ♣Q;♦3 ♦7 ♥Q ♥A;3
E;NT;N:A..K85.4 64.5..7 ..76.A9 .2.Q.KT;♦3 ♣Q ♦4;♦5 ♦8;5
W;NT;N:9.3.4.Q6 73.4.72. T6.9..J7 8.K8..2;♣5;♣6 ♣Q;4
E;NT;N:K.5.AT.Q A.62.2. .AJ..T8 .Q.K3.6;♦7 ♥K ♣4;♦T ♦A;5
N;NT;N:.QJ53..A T9.4.A.6 743.9..8 A..9.542;;♣A ♥3 ♥5 ♥J ♥Q;5
E;NT;N:.T.85.T9 8.8.Q.A A3..96. K4..4.3;♥6 ♣J ♥A;♥T;1
W;NT;N:T8.A.7.2 Q.6.9.K6 A.7.5.95 7..KT6.;♦A;♦7;1
N;NT;N:.QJ5..A3 K.T.83.9 5.84..42 T9.3.T.J;;♥J ♥Q ♣A;5
W;NT;N:5.74..A8 K.82.6.5 97..T.T3 A..4.Q7;♦5;♠5 ♥4 ♥7;3
W;NT;N:Q.43.K2. 3..QJ8.J JT..63.4 .9.94.Q;♥5;♥3 ♥4;2
S;NT;N:.T95.2.K KJ.A.A.6 72.K..9 4.2..84;♥4 ♣7;♥5 ♥9 ♥T;1
W;NT;N:A.J8..95 QJ65..4. K842..6. .6.2.KJ;♥3;♥8 ♥J;3
N;NT;N:K74.8..3 ..J6.KJ5 A62.2.2. JT.3.5.7;;♥8 ♠4 ♠7 ♠K;4
W;NT;N:J..AQ5.6 2.T9..J3 .84.64.K Q.3.93.;♦K;♦A;4
W;NT;N:.Q9.T.Q2 K76...A3 A.87.Q6. J54..4.;♣9;♣2;4
N;NT;N:4.J.J8.3 5.K65..9 K8.T4.A. 2.9.Q.82;;♠4 ♥J ♦8 ♦J ♣3;3
N;NT;N:K7.A.A4. 96.975.. .J.2.A42 A.2.K3.K;;♥A;4
S;NT;N:.8.K9.KT 6.JT6..8 ..Q.QJ9 3.Q.T7.;♠4 ♠J;♦9 ♣T ♥8 ♣K ♦K;2
N;NT;N:J.9.J.J4 5.T2..K9 4.3.K4.7 AK6.7.9.;;♦J;2
E;NT;N:2.9.3.32 .6.82.Q A..6.76 865..J.;♠3 ♥A ♦7;♠2;1
W;NT;N:8.T53.5. .J8.Q.87 A.7.6.JT Q..K3.9;♠2;♠8;3
S;NT;N:AJ.J.QT. .64.A4.7 Q4.7..A ..86.Q4;♣8 ♥T;♠J ♠A ♦T ♦Q ♥J;5
S;NT;N:97...K93 3.Q4.9.5 8.3.A.8 .J7.86.;♦K ♦J;♣3 ♠7 ♠9 ♣9 ♣K;5
S;NT;N:3..Q87.J .Q4.2.T8 K..A.Q2 5.3..93;♥2 ♠T;♠3 ♦7 ♦8 ♦Q ♣J;3
E;NT;N:T8.5.43. K4.3..T J72..T. 5.8.7.3;♦5 ♣7 ♥7;♦3 ♦4;1
E;NT;N:Q..KT6.9 .J43.7. .T86.5. K9..4.Q;♥K ♣7 ♥5;♣9 ♠Q;3
S;NT;N:A.74.42. ..3.JT98 .A.Q5.5 K8.J..7;♠Q ♦T;♠A;4
S;NT;N:K9.9.6.9 4.K3.T.Q J.A7..3 2.T..74;♥J ♣K;♥9;2
W;NT;N:.Q.K9.82 K8..Q.T5 .5.8.K96 AJ.K..3;♦T;♦K;5
W;NT;N:542.6..J ..92.842 986..J.6 .A.A6.3;♦5;♠2 ♠4 ♠5 ♥6;5
S;NT;N:Q.T.J6.A 65.A.T.3 8.8.2.K J..A.62;♦9 ♠3;♦J;3
S;NT;N:.5.QJ65. ..2.KT52 8.43.7. 95.T..J;♦3 ♦T;♦J ♦Q;4
E;NT;N:J.96.T8. K.5.Q5. 85.T..8 4.Q.K.J;♠3 ♣5 ♣4;♠J;1
S;NT;N:5.3.K5.J K.A.AJT. J..3.83 4.KJ..7;♥Q ♥2;♥3;2
S;NT;N:K98..9.Q Q.A.Q.K3 .Q.8.T2 A.3.K.5;♠J ♠T;♠K;1
E;NT;N:T.6..943 6.Q.8.6 J5..Q5. 8.A.J.Q;♦3 ♦6 ♦A;♣3 ♣4 ♣9 ♥6 ♠T;2
N;NT;N:J9.4.Q.Q 6.AJ..A6 K2.T8.J. Q.K5.6.7;;♠9 ♠J ♦Q;3
S;NT;N:.QJ8..JT 54.4.AQ. KT7...8 92..K.4;♣7 ♦7;♣T ♣J;5
E;NT;N:.64.8.63 J9..Q.A T52..K. A3.J.6.;♥2 ♣K ♦7;♥4 ♥6;2
E;NT;N:64.A9..6 8.J.Q.9 3.Q.T7. 5..65.5;♣J ♥T ♠Q;♣6;1
E;NT;N:K4..J6.Q .K.7.J8 Q7.7.4. A..T2.7;♠8 ♣K ♦8;♠K;3
S;NT;N:AJ...J86 4.J75.9. 8.9.82. .2..T72;♦Q ♠T;♣6 ♣8 ♣J ♠J ♠A;5
E;NT;N:7.53.J.9 8.KT2.. K3..54. .AJ9..5;♦A ♠4 ♦9;♦J;1
N;NT;N:.T54.32. T...AKT9 3.83.8.7 K4..KQ.Q;;♥4 ♥5 ♥T;3
E;NT;N:6.K9..63 T.7..QJ 4.82.Q. J.J.6.9;♥5 ♠3 ♦2;♥9;2
N;NT;N:Q82.K..4 .J6.74.9 75.Q8..2 9.3.T.87;;♥K ♠Q;4
N;NT;N:Q..A.J85 AK2.2.3. J4.5.2.6 7.3.J8.A;;♦A;2
W;NT;N:K.AJ..K3 T42.3.K. Q.T.A8.T .Q.53.6;♦J;♣3 ♥J ♣K ♥A ♠K;5
W;NT;N:K.52.J.3 J43..94. Q8.K4..7 .6.A.J5;♦K;♦J;1
E;NT;N:873..Q.4 .J8.T9. .96..T7 9.52..5;♣3 ♠4 ♥K;♣4;2
N;NT;N:K..J9.J3 J.4.54.5 9.T7..T7 3.J8.A.Q;;♠K ♣3 ♣J ♦9 ♦J;2
S;NT;N:T.94.87. 5432.A.. Q.2.5.6 8..AT.9;♥6 ♣K;♥4 ♥9;2
S;NT;N:K..K6.Q3 A.2.3.K8 .97.5.9 JT.54..;♦J ♠9;♦6;4
W;NT;N:3.8.43.8 .2.KJ8.6 .J3.AT.J 752..6.;♣K;♣8;1
E;NT;N:J6.7.AT. .J..732 .82.72. 9..Q.AJ;♠8 ♣8 ♦4;♠J;3
S;NT;N:.T5..J97 KJ.8.J2. 5.K.96. 32.3.8.;♥4 ♦Q;♥T;5
E;NT;N:4.T8..A9 A.J7..2 K..A7.J Q8.A..K;♦T ♥4 ♠7;♠4 ♣9 ♥8 ♥T;1
S;NT;N:5..6.T73 .AT4.7.Q J..93.9 2.8..A8;♠Q ♠8;♠5;4
E;NT;N:32.Q.K2. 7.J3..6 5..8.Q5 .A8..T7;♦3 ♣2 ♥5;♦K;3
E;NT;N:53.A.J5. .74..42 9.Q6.A. Q..Q3.7;♦6 ♥3 ♥T;♦J;4
E;NT;N:.AK72..9 J..9.QJ K.J.Q.A 6.8.3.7;♦A ♥T ♦K;♥2 ♥7 ♥K ♥A ♣9;4
S;NT;N:83.2.KJ. J.5.5.K8 .4..Q63 96.9..J;♥8 ♥6;♥2;2
W;NT;N:K62.6..3 .5..AKJ4 J.AQ.Q.2 .K3.72.;♦A;♠2 ♠6 ♣3 ♥6 ♠K;2
E;NT;N:J2.K.5.T T..87.6 .64.A.J 9.2.4.K;♠8 ♦K ♣3;♠J;4
W;NT;N:T.T.T9.3 3.A.73.6 652...75 .K.AJ.9;♠8;♠T;1
E;NT;N:.A3.9.72 5..K.T3 A7.82.. T4.T4..;♣Q ♣4 ♦A;♣2 ♣7;1
S;NT;N:.T3.K.A2 5.Q92..T JT6..A. 8.J..J8;♥7 ♣K;♥T;3
N;NT;N:4.5..AK7 .3.J6.Q2 K.K.72.J 5.8.943.;;♥5 ♠4 ♣K ♣A;5
N;NT;N:64..Q54. K3.96..8 5...QT94 72.QJ3..;;♦4 ♦5 ♦Q;3
S;NT;N:64.A.6.7 98..KT.3 ..543.6 ...KQ52;♠T ♣9;♠4 ♠6;1
E;NT;N:.K7.85.2 6..K.63 J.AT.T. 9..92.5;♥6 ♣8 ♦Q;♥7 ♥K;4
E;NT;N:8.7..832 63..T3. 9.J.K.5 72...KT;♦4 ♦8 ♣J;♣2 ♣3 ♣8 ♥7 ♠8;4
S;NT;N:Q.53.7.J .87.T.AT 3.A4.4. 2.Q.5.Q;♠8 ♥T;♠Q;3
N;NT;N:4.A6.9.A 86..T.J7 7.K84.4. 3.J.K.Q4;;♥A ♣A;4
E;NT;N:K.Q7.7.7 9..8.84 A832... 5..Q6.J;♥8 ♦T ♥A;♥7 ♥Q;1
N;NT;N:..97.T53 7.T2..96 .8.82.A8 6542.Q..;;♣3 ♣5 ♣T ♦7 ♦9;5
W;NT;N:8..KJ.Q3 J.5.82.7 AQ5.6.3. .A3..92;♦A;♦J ♦K;2
S;NT;N:6.K3..92 ..7.J643 3.A..K8 K7.8.2.;♦8 ♦Q;♣2 ♥3 ♣9 ♠6 ♥K;1
W;NT;N:.83.K9.2 A4.Q.5.J Q2.A2..3 3.4..A6;♠6;♥3 ♣2 ♥8 ♦9 ♦K;2
E;NT;N:52..T7.A 8..65.5 73.K3.. .Q.K4.6;♦2 ♦3 ♥T;♦7 ♦T;2
N;NT;N:T4.T..65 3.9.9.A2 8.8.64.3 5.A5..QJ;;♠T;2
N;NT;N:A.6.9.53 7..A.J62 6.QJ..97 T.43.6.T;;♠A ♥6;3
E;NT;N:6.9.64.8 2.6..AT J.A2..2 3.T7..9;♥4 ♦3 ♠Q;♥9;5
S;NT;N:9.5.3.A5 43.T.64. Q5..AT. ..75.J7;♥J ♦8;♥5;5
N;NT;N:JT2.9..2 Q.T.KQ3. ..84.AK7 .A5.7.98;;♣2;3
S;NT;N:.A7.5.K2 43.T4..4 T5..J.A 9.J.6.7;♣8 ♦K;♣2 ♣K;5
N;NT;N:.754..98 QT3.6.9. K7.A..AQ 2.Q3.7.7;;♣8 ♣9 ♥4 ♥5 ♥7;4
S;NT;N:Q7..32.2 T4.A..J9 .K.A9.8 2..J.43;♥5 ♦4;♦2 ♦3 ♣2 ♠7;2
N;NT;N:.9.K63.3 3.T.72.T Q9.K6.J. K..4.K72;;♦3 ♦6 ♦K ♥9;3
E;NT;N:QT.5.Q.K 8.7..92 J.K.3.Q .AQ3.4.;♥6 ♦9 ♥2;♥5;1
W;NT;N:A4.8.JT. 8.6.4.K8 .QJ.Q5.Q 2.5..64;♠9;♠A;5
E;NT;N:8.6.Q6.A 2.8..QJ .AQ2.8. 3.3..93;♠6 ♣6 ♣4;♠8;5
S;NT;N:74.8..A9 JT6.QJ.. .42.6.5 3.T.7.T;♦Q ♣8;♠4 ♠7 ♥8;3
E;NT;N:3.85.8.A ..4.JT8 7.2.T.2 A.A.9.7;♥J ♥T ♣K;♥5 ♥8;2
W;NT;N:QT4.7.8. 9.J3..92 85.9.6.J .6.K.64;♥A;♥7;2
E;NT;N:9.J3.J.2 Q..A96. 5.5..J6 K.9..95;♦4 ♠4 ♥Q;♦J;4
W;NT;N:7.3.Q9.9 J9...872 ..T653.3 .Q6.7.K;♦J;♦Q;4
E;NT;N:A.K4.K.2 .AT3.5. K8.Q6.. .J5.T8.;♣A ♠7 ♥7;♣2;3
S;NT;N:.Q9.3.83 94.JT.7. 6.6.9.A 7.87..6;♣7 ♦2;♣3 ♣8;4
S;NT;N:..K86.J9 Q76.6.3. .AT.T.T 843..A.;♣A ♠5;♣9 ♣J;4
E;NT;N:87..Q8.7 53...A3 K.KJ.K. ..J.T52;♣J ♦9 ♥9;♣7;1
S;NT;N:7.A975.. 3.6.Q.T7 .QT.8.K Q..J2.6;♠5 ♥J;♠7;5
N;NT;N:Q.7.Q6.6 A4..K2.3 T.Q8.4.2 .T.98.J9;;♥7;2
W;NT;N:4.J.A9.3 52..T3.2 Q9.A6.8. .7.Q4.A;♦7;♦A;5
N;NT;N:.T7.72.5 4.8..K64 .J4.K4.J 3..AT3.7;;♥7 ♥T;2
N;NT;N:5.8.9.T3 Q2.2.A.6 .A.T865. A83.6..5;;♣T;3
E;NT;N:.J.A.AK3 J6.9..J 94.T8.. K.5.KT.;♠5 ♣7 ♣T;♣3 ♣K ♣A;3
S;NT;N:K5.K86.. Q.J95..Q T6...K4 A.3.54.;♥Q ♦9;♥6 ♥8;3
E;NT;N:95..98.8 Q.J54.. A..3.A9 .862..7;♦J ♦5 ♥7;♦8 ♦9;1
W;NT;N:J.4.J.T8 T4.2..KQ 5.KT6..7 .Q7..64;♥A;♥4;2
S;NT;N:6.9.K84. 7.AQ.T5. 4...AT3 9..3.87;♠5 ♥6;♠6;2
E;NT;N:T.A6..QT 9..2.A9 Q.85..6 6.Q2..2;♣5 ♠5 ♦J;♣T ♣Q;4
S;NT;N:.A.93.32 95.J7..5 A3..6.4 J8.T.K.;♥4 ♠T;♥A;2
S;NT;N:2..KQT6. T4..4.KQ .4.53.A 6.3.A7.;♣3 ♥6;♦6 ♠2 ♦T ♦Q ♦K;1
W;NT;N:9.652.2. .A4.J7.J 7.QJ..K9 5.7.8.2;♦6;♦2;2
E;NT;N:4.KJ8..7 .2.T.63 7..6.K8 .Q95..9;♥6 ♠6 ♠J;♥8 ♥J;5
S;NT;N:..Q5.Q85 2.42.A.9 7.T.9.3 85..K4.;♥Q ♥6;♦5 ♦Q;5
S;NT;N:6.54.7.Q .K.T.752 A..Q4.9 5.8.2.3;♠4 ♣8;♠6;5
W;NT;N:5.9.J9.K 43.85.8. ..5.QJ43 .3..AT9;♦Q;♦9 ♦J;3
N;NT;N:K.2..AJ8 Q.A.Q9.9 97.K3.5. 3...QT63;;♠K;3
S;NT;N:T.85..72 3.A4.52. 7.Q6.Q. 4.K.K.3;♣4 ♠Q;♣2;3
S;NT;N:T.K6.2.K 53.T5..9 2.J.97. J4..4.5;♣J ♥9;♣K;4
E;NT;N:AJT..7.2 4..95.A .T.K8.8 K85...4;♥8 ♠6 ♥5;♣2 ♠T ♠J;3
W;NT;N:K9.Q94.. 4.7.2.KT QT..85.A 82..73.;♠A;♠9;4
N;NT;N:A4.3.Q.4 J.T6.4.3 Q9..852. K.5.A.76;;♠A;2
W;NT;N:.K.AT9.8 ..J5.962 .A82..KJ 8..73.A;♠9;♦9 ♦T ♣8;2
S;NT;N:A7.84.A. .5.Q8.K7 Q4..6.2 J2...J6;♠6 ♠8;♠A;5
W;NT;N:3.J.4.T2 2..K6.98 K.8.87.5 T...AJ3;♥2;♥J;2
S;NT;N:.J976.J. J4..93.T 752.T.. AQ..8.4;♦4 ♠K;♦J;5
N;NT;N:A8..Q9.8 J..3.KJ3 KT9.5.8. .6.AT4.5;;♠A;3
E;NT;N:KJ5.6.T. 3..97.9 82..A.5 Q.85.2.;♦J ♠9 ♦4;♦T;3
W;NT;N:J63.2.A. 8.6.Q2.7 .A8..Q84 .3.T9.J;♠2;♠J;5
N;NT;N:J.4.54.6 A.Q8.9.J T3.3..Q9 42..8.54;;♣6;2
N;NT;N:8.2.54.8 2..Q7.A6 AQ.T.A9. .4..KT94;;♦4 ♦5;5
N;NT;N:A53.9.2. J2..A5.4 7.A4.4.3 .Q.7.KQ5;;♥9 ♠A;3
E;NT;N:..K8.A83 .T2.4.7 96.6..9 A.J9.A.;♣6 ♠Q ♦5;♣8;3
W;NT;N:.AQ7.3.7 6.5..Q94 T3..5.53 .J94..J;♦A;♦3;1
N;NT;N:..QJT2.K A7.T83.. K4..5.95 .J.9.AJ3;;♦T ♦J ♦Q;4
W;NT;N:T7.A.Q.2 4.T43.K. A.K5.2.J J.2.AJ.;♥J;♥A;4
N;NT;N:Q.K.A.63 84.6.Q4. 76..JT.J .Q8.K.K4;;♦A ♠Q ♣3;4
W;NT;N:J2.Q..K5 8.9..AQJ 3.6.J.76 QT7..3.;♥8;♥Q;2
E;NT;N:Q2..6.T7 T3..8.J 7.K.5.8 K9.87..;♥3 ♣A ♥T;♣7 ♦6 ♣T;1
N;NT;N:K.Q3.Q.3 .2.42.65 5.KT.A.T A.A.T5.J;;♥3 ♥Q;2
E;NT;N:..954.T2 983.J.. A.6.8.Q 2.QT8..;♥2 ♣5 ♠J;♦4 ♦5 ♦9 ♣2 ♣T;1
S;NT;N:32.T9..J .Q.K.874 98...62 A.843..;♦3 ♦9;♠2 ♠3 ♥9 ♥T;1
W;NT;N:.A.AK9.Q 4..4.AKT 8.K82.T. 72...J7;♣9;♣Q;2
N;NT;N:9..2.AQT .J65.QJ. 65.Q9.5. Q7.4.K.5;;♣T ♣Q ♣A;3
E;NT;N:53.9.97. J8..AT. 7...T95 ..K5.Q3;♣4 ♣8 ♥5;♠3 ♠5 ♦7 ♦9 ♥9;1
N;NT;N:KQJ.3..A 2.4.96.3 .T92..QJ T5.6.A7.;;♥3 ♠J ♠Q ♠K ♣A;5
E;NT;N:Q.83.AK. 5..653. T.7..94 84.K.9.;♦8 ♠7 ♦T;♦K ♦A;4
N;NT;N:3.Q..843 .K543..Q 98...K75 ..T743.J;;♣3 ♣4 ♣8 ♠3;5
W;NT;N:A.93.A.7 .74.76.3 632...KT 5..8.64;♣A;♣7;3
S;NT;N:2.T75..6 9..KJ.54 T.Q2..A .K.97.2;♣8 ♥6;♣6;3
N;NT;N:K.K8.T.J A4..A.Q3 J.T7..98 8...AT75;;♥8 ♥K;2
W;NT;N:T..2.T42 2.K43..6 KQ3..9.8 J.5.83.;♠9;♠T;5
E;NT;N:62.J6..T 3.Q.4.K Q..97.9 T.9.2.6;♥7 ♠8 ♣J;♥J;4
E;NT;N:.85..854 J.J.8.3 5.97..2 82.6.2.;♠3 ♦K ♦Q;♥5 ♣4 ♣5 ♣8 ♥8;1
N;NT;N:6.QJ8..Q J4.5.T4. 7.A3..82 3.K7..K7;;♥8 ♥J ♥Q ♠6;1
N;NT;N:.T.A6.A8 94.7.Q7. 7.Q8..J2 T.32.T4.;;♥T ♦A ♣8 ♣A;5
E;NT;N:.AT.9.76 Q.9.A7. 2..8.A3 .6.6.T5;♠A ♠K ♦2;♣6 ♣7 ♦9 ♥T ♥A;1
N;NT;N:T2..AT9. Q.A73..8 A95...A7 8.T9.K.T;;♠2 ♠T ♦A;5
S;NT;N:T.K.3.KJ 3..T7.T5 .8..872 K65.T..;♥4 ♠4;♥K;3
E;NT;N:QT.K.J.A .98..98 932.2.. .AQ3.A.;♦6 ♥J ♣7;♦J;4
S;NT;N:A732...4 9..72.87 .Q9.J.3 K6..K.T;♣9 ♠T;♣4;3
S;NT;N:.Q.3.982 T.82.Q8. 4..A6.3 QJ2..2.;♣T ♦T;♣2 ♣8 ♣9;5
N;NT;N:A7.98.J. 4..42.K6 5.K.T3.2 J.J7..85;;♠A ♦J;5
E;NT;N:.72.J.96 .J5..Q3 2..86.K A4.9.9.;♣7 ♠7 ♦Q;♣9;4
S;NT;N:A9.KQ..Q .T64..J5 5..Q6.8 ..84.T2;♥3 ♣K;♥Q ♥K;5
N;NT;N:..Q74.A8 J9.K..Q9 .T8.8.K3 2.63.AJ.;;♣8 ♣A;2
S;NT;N:A2.9.Q.T 74.72.7. .4.2.87 .J86..Q;♠9 ♦K;♠2;3
S;NT;N:8.93..62 9.QJ.2.A K.AK.5. AJ5.2..;♦Q ♦8;♥3 ♥9 ♣2 ♣6 ♠8;4
N;NT;N:KT3..94. 4.K..AJ4 .A2.A.KT 7.Q5..65;;♠T ♠K;5
N;NT;N:T42..6.Q .2.J7.54 .Q4.Q2.3 A5.7..T8;;♦6 ♣Q;4
N;NT;N:T.Q4.6.7 Q...AT96 64.7.T9. 9.52.2.8;;♦6 ♥4 ♥Q;3
S;NT;N:J.97.72. K.J2.T6. Q3..5.K 97.Q3..;♣2 ♥8;♦2 ♥7 ♥9 ♦7 ♠J;2
W;NT;N:2.4..QT8 63.Q.K5. T.5.A76. 5.KT..6;♦3;♠2 ♥4 ♣8 ♣T ♣Q;4
W;NT;N:3.K.T8.7 .Q7..KQ5 .A6..643 8.T2..9;♦4;♦8 ♦T;3
W;NT;N:.A8.8.A2 J4.T.T5. 8.2.4.KT K5..7.5;♣Q;♣2 ♣A;4
E;NT;N:.J.6.T74 .Q.4.A6 .93.8.K Q5.7.7.;♥8 ♣Q ♠2;♥J;3
N;NT;N:T..73.A9 K6..95.Q A85.J6.. .832.4.5;;♣A;4
N;NT;N:6.65..72 98.2.T.K T.J.A8.J 4.9..AT4;;♥5 ♥6 ♠6;4
W;NT;N:J8.A.A6. Q6.9..T9 7.76.84. 4..T52.;♥5;♥A;2
S;NT;N:..AQ9.92 T9.93..8 .A7..T4 ..7.Q63;♦J ♥J;♦Q ♦A;4
E;NT;N:.T5.AK.T 5...K85 2.K.J.9 3..T.AJ;♥8 ♥4 ♠K;♥T;4
N;NT;N:754...QJ 3..T65.2 T8..AJ7. .762.4.A;;♠4 ♠5 ♠7;4
W;NT;N:.864.7.9 43.2.T.A 65.5.Q9. K.T.6.7;♣K;♣9;1
N;NT;N:AT4.5.J. Q.32.3.T 952.Q..A 3.9..K32;;♠A ♥5 ♦J;5
N;NT;N:J9.Q8..2 K2..QJ5. 63.K6..J AT..K.A3;;♥8 ♥Q;2
S;NT;N:Q63.Q..5 J.AJ..A4 T9...Q3 .3.KT8.;♠4 ♣9;♠Q;3
S;NT;N:.94.2.A4 .Q2.87.8 9.T..96 J.6.A.5;♠5 ♦K;♥4 ♦2 ♥9 ♣A;3
N;NT;N:8..T872. Q5.K.J3. J.A.6.76 9.J.K.A4;;♠8;1
N;NT;N:A4.7..T4 .J.98.73 K.4.T.A6 QJT2..3.;;♣4 ♠4;5
E;NT;N:7..6.753 532.8.. 98.6..9 .K.J8.A;♥5 ♥J ♥3;♣3 ♣5 ♣7 ♦6 ♠7;3
E;NT;N:965...J9 .73.T.Q JT.A..5 A.T5.2.;♦A ♥4 ♥J;♠5 ♠6 ♠9 ♣9 ♣J;1
W;NT;N:KT.K3..9 6.A.J8.T A84..A3. Q.5.65.;♣3;♣9;3
W;NT;N:5.84.A.T .72.2.J2 A6.QJ..7 .6.KJ6.;♦8;♦A;5
N;NT;N:73.4.2.4 A.T.K7.9 96...AJ3 Q4..A6.5;;♣4;3
N;NT;N:6.K7.Q.7 T.9..KT9 A.T..Q65 Q5.AJ.8.;;♠6 ♦Q;3
S;NT;N:AJ76...9 ..K76.74 .972.9. T5.T..J;♦T ♣6;♠6 ♠7 ♠J ♠A ♣9;2
W;NT;N:852...K9 .KT.K94. K9.5.J.3 A..A2.6;♣T;♣K;2
E;NT;N:.J..AQT5 Q52..6. J3..A.2 94.6..6;♣4 ♦K ♥K;♣5 ♣T ♣Q ♣A;5
S;NT;N:T7..A5.8 Q86.6.7. 3.53..9 5..2.KT;♦6 ♦Q;♦A;2
E;NT;N:Q3..Q.96 .74.98. 92.2..2 .QJ6.5.;♣5 ♥8 ♦A;♣6 ♣9;5
N;NT;N:KQ.K.9.2 A7.4.6.K .A7.7.Q3 4.J3.A2.;;♣2 ♥K ♠Q ♠K ♦9;1
E;NT;N:8.A5..86 Q.QJ6.. K.T4.8. T6.3.7.;♣2 ♣A ♣9;♣6 ♣8;5
N;NT;N:.Q73.A8. 97..4.QT Q4.2.K6. 5.96.J.8;;♦8 ♦A;5
N;NT;N:9.5.984. KT.A8.6. 6.K2..32 J4.JT..K;;♦8 ♦9;3
S;NT;N:Q3.A.3.8 J.85.QT. A6...65 ..6.AJ9;♠4 ♥3;♠Q;4
E;NT;N:AT6.8.J. J..AT.9 K..8.A3 7.T.5.7;♣K ♥4 ♠5;♠6 ♠T ♥8 ♠A ♦J;2
W;NT;N:.QJT.8.3 .9.Q6.T5 T3.A.3.6 .743.J.;♦9;♦8;1
S;NT;N:Q.KT9.7. .64..763 54..J.J 76..8.9;♦9 ♦2;♦7;5
N;NT;N:J.T8.5.A A.5.2.82 93.6.A7. K62..43.;;♦5 ♥8 ♥T ♣A;5
W;NT;N:3.Q4..AQ ..J73.83 2.T.AKQ. .J8..K9;♥7;♥4;5
E;NT;N:AK8..Q.6 2..6.Q7 63.3..4 .9.94.A;♥T ♣3 ♣9;♣6 ♠8 ♠K ♠A;2
S;NT;N:5..4.JT8 .Q7.9.63 ..QJ5.K .K9.K.7;♣5 ♦T;♣8 ♣T ♣J;4
W;NT;N:A.JT.8.K J65.9..2 83..93.T Q.2.6.A;♣5;♣K;5
E;NT;N:6.J2.7.7 J5.6.8. 8.4.A.A 4..T.Q3;♦4 ♣6 ♥T;♦7;5
N;NT;N:T.62.A.5 2.3.T3.8 A7.T9.8. 4..J5.96;;♠T ♥2 ♥6 ♦A;5
N;NT;N:.K.6.J53 .Q4..AKT 6.T653.. JT9.J..2;;♥K ♣3 ♣5 ♣J ♦6;2
N;NT;N:T8..AK.K A3..62.A .854..43 2..T43.Q;;♠8 ♠T ♣K ♦K ♦A;3
E;NT;N:632.Q.6. Q.A.Q.T 8..K.K8 ..97.43;♥6 ♠A ♦A;♥Q;4
N;NT;N:Q..9.876 K3.A..J4 J.72.5.2 T2.T.83.;;♣6 ♣7 ♣8 ♠Q ♦9;1
E;NT;N:6.32.K9. 5.65.4. KQ...85 ..J2.96;♥J ♦8 ♦Q;♥2 ♥3;2
W;NT;N:.62..985 75..74.7 9.Q.A92. J.8..T6;♥T;♥2 ♥6;4
W;NT;N:2.6.K4.K 4.72..92 Q3.9..74 J.Q.2.T;♠K;♠2;3
N;NT;N:AK6.75.. 93.9.KQ. Q.K3.A7. .AJ8..82;;♠K ♠A;3
W;NT;N:J..3.Q87 52.AT..5 K.J3.A.3 .7.42.J;♣9;♣Q;3
W;NT;N:8.652.6. 43..7.Q5 .A98..AT A.K.Q.4;♣J;♥2 ♥5 ♥6 ♦6 ♠8;4
S;NT;N:2.Q.7.T4 T.J932.. 6..AT.5 .5.8.J6;♣9 ♦Q;♣4 ♣T;4
N;NT;N:T..K.J75 Q.Q5..K4 J.9.975. 9..JT.T9;;♠T ♦K;1
W;NT;N:9.83.K.2 7..T6.95 J2.6.98. K.7.Q3.;♣T;♣2;3
N;NT;N:J6.A.4.K 95.7.K.3 Q.T92.3. .5.T85.Q;;♥A ♣K;5
S;NT;N:QT.T7.6. 975.4..T .K2.Q.4 .QJ.5.2;♣3 ♦T;♦6 ♥7 ♥T ♠T ♠Q;3
W;NT;N:.AQ.K.63 A3.3.8.K 72.J6..A .8.A.Q8;♣7;♣3 ♣6;3
N;NT;N:64..AJ.5 9..KQ9.Q KQ.3.T6. J.KJ5..8;;♠4 ♠6 ♣5 ♦A ♦J;3
S;NT;N:..9.KJT3 9.2.K5.7 K.5..A2 Q..QT6.;♠2 ♣4;♣3 ♣T ♣J ♣K ♦9;1
E;NT;N:A5..J9.4 6.4.85. J.J..A9 .2..QJ8;♠3 ♥Q ♥9;♠5 ♠A;5
N;NT;N:4.T.9.AT T.9..KQ4 8..KQ5.J .A.T2.96;;♦9;5
S;NT;N:72...732 .93.9.95 8.5.52. .QJ6.8.;♦J ♣Q;♣2 ♣3 ♣7 ♠2 ♠7;2
S;NT;N:AT..T3.4 3...KQT6 7..9.A8 986..8.;♠K ♣J;♠T ♠A;5
S;NT;N:K.8..Q72 J.6.9.83 3.7.J3. 4.94.7.;♥5 ♦2;♥8;4
W;NT;N:J6.5.9.3 4..5.T52 A.AJ..KQ ..T76.9;♣6;♣3;5
E;NT;N:.5.T.AK8 82...Q2 7.T.J.J A.J.A4.;♠9 ♠K ♣5;♥5 ♦T;4
S;NT;N:Q4.7..93 93...AQ8 J.2.3.T 5.Q.A.6;♠7 ♣4;♠Q;2
S;NT;N:85..T73. QT42..J. 3..A.82 .A6.5.9;♣Q ♦8;♦3 ♦7 ♦T ♠5 ♠8;2
S;NT;N:94.6.Q8. T3.T3..6 .J8.2.8 7.5.6.3;♣Q ♦9;♠4 ♥6 ♦8 ♠9 ♦Q;5
E;NT;N:.T.A92.4 .53..75 8.2.Q6. T4..4.J;♣8 ♣3 ♦7;♣4;1
E;NT;N:6.T.8.86 T.K2..A 2.6..Q3 A7.8..4;♦2 ♦5 ♥5;♦8;1
S;NT;N:.96..AK6 K..8.Q52 7.7..T3 95..6.7;♠4 ♥8;♣6 ♥6 ♣K ♣A ♥9;3
S;NT;N:76.T87.. 5.5..T95 A4..J.Q Q..A72.;♦9 ♥3;♥7 ♥8 ♥T;5
S;NT;N:3..Q.T95 6..953.K .7.72.3 ..K.J72;♦T ♦6;♦Q;1
N;NT;N:...AK853 8.K.K64. A3.4..QT Q5..AQ.2;;♣3 ♣5 ♣8 ♣K ♣A;5
W;NT;N:Q6.7.A.4 2.98.K7. 4..2.Q52 .53..T8;♦4;♦A;4
N;NT;N:J5..97.K 2.Q..T43 4.72.3.2 T9.T96..;;♠J ♣K ♦7 ♦9;4
S;NT;N:J7.T.2.5 4...A762 2..K.94 A.Q7..K;♥A ♦4;♥T;2
E;NT;N:8.5.Q3.T 5.6.J.5 9.Q8.8. K.9..K3;♠T ♥T ♠3;♠8;1
N;NT;N:5.JT6..T T4.Q.76. AK.K.Q.6 J.93.93.;;♥6 ♥T ♥J ♠5 ♣T;5
E;NT;N:.5.A5.63 A8.3..A T3..3.K 92.4.7.;♠Q ♣2 ♥Q;♦5 ♣3 ♣6;2
N;NT;N:.5.T.653 KJ.6.A.2 3.Q.Q93. A6.7.J.9;;♦T ♥5 ♣3 ♣5 ♣6;1
W;NT;N:Q..A.832 .J6.7.Q5 K93..K3. .2.QT8.;♥4;♣2 ♣3 ♦A;2
E;NT;N:3.KQ.5.3 .T7.6.5 T75.J.. Q.6.2.Q;♠9 ♠8 ♠2;♠3;1
W;NT;N:9..63.86 .KQ62..9 T.73..A5 A8.A..J;♣7;♣6 ♣8;1
N;NT;N:94.4.76. .K.4.AQ4 A6..953. 82.AT..T;;♦6 ♦7 ♠4 ♠9;5
S;NT;N:K.KT7.4. .Q2..T85 9..8.Q7 A.9.T6.;♣9 ♥A;♥7 ♥T ♦4 ♠K;2
E;NT;N:.Q87.2.J A6..73. .T96..8 8..J.53;♣7 ♠Q ♠T;♣J;5
W;NT;N:.T.62.K8 82.7..Q7 AQ..9.T2 ..T.J65;♥3;♥T;3
N;NT;N:AK9.Q7.. 42.K..Q4 7.543.4. T8..7.97;;♠K ♠A;3
N;NT;N:K.J.8.54 5..J9.87 Q6.9.AQ. .82.53.T;;♦8 ♠K ♥J;5
N;NT;N:T73..T7. .T2.4.98 KJ..95.A 9.7.QJ.7;;♠3 ♠7 ♠T;3
S;NT;N:2.98.K.J 9.3.43.7 .Q7.J6. Q6..5.T;♣4 ♦8;♣J;5
N;NT;N:72.T.K3. A3.K42.. 4.3..K84 .7.5.AJ9;;♦K;2
E;NT;N:Q7.7..J4 .JT.Q2. 4..KJ7. 3.Q2.A.;♥4 ♣2 ♣5;♥7;5
E;NT;N:85.J..A9 .KT72.. Q.A8..3 ..3.874;♥4 ♣Q ♦Q;♥J;5
N;NT;N:2.A.73.8 3.6.A.JT QT4..K9. A9.Q8..2;;♦3 ♦7 ♠2 ♥A ♣8;1
W;NT;N:72.A..92 A..K.AJ3 3.J.987. .K53.5.;♥9;♥A;1
W;NT;N:8.8.J6.Q 4.93.Q.6 .J.A94.7 T2.7..J;♠A;♠8;2
N;NT;N:7.J.8.T6 K.7.KJ.8 .T83.5.5 T2..A.Q7;;♥J ♠7;1
N;NT;N:.9.QJ98. 9.AKJ8.. 53..A5.6 Q.75..75;;♦8 ♦9 ♦J ♦Q;4
W;NT;N:2.Q.8.75 .83.T63. KT.T..K8 7.J.K.3;♠A;♠2;3
S;NT;N:T6..K.98 .A62.5.Q A..T9.J 7..J8.A;♥T ♠J;♣8 ♣9 ♠6 ♠T;1
N;NT;N:7.K5..J2 6..2.A76 J..T83.T K.J.J54.;;♥K;3
N;NT;N:7.KJ..Q3 .3.83.J2 6.A.92.K Q3.97.7.;;♥J ♥K ♣3;4
S;NT;N:4.Q..J76 5.3.98.9 .T9.6.8 A..KQ.3;♦A ♣5;♠4 ♥Q;5
N;NT;N:74...AK5 J85..8.T 3.93.5.3 .Q5..976;;♣K ♣A;3
S;NT;N:93.K3..6 J.4.KT4. 4.T.Q3. 6..52.K;♠A ♣5;♠3;4
S;NT;N:8.A9..K7 Q..A4.42 3..5.85 K4..62.;♣9 ♥6;♣K;5
S;NT;N:.JT2..76 54.6..J4 .Q.AQJ. Q83...2;♦T ♣K;♥2 ♣6 ♣7 ♥T ♥J;5
N;NT;N:.AT.K.83 92.KQ.6. 4..432.6 Q.9.J8.9;;♥A ♣3 ♣8;3
N;NT;N:K.6.K.K8 3.98..T6 AQT9..3. 85.QJ2..;;♠K ♣K ♦K;5
W;NT;N:73..8.T4 5.Q53..3 ..T7643. Q.A7..6;♦2;♦8;5
E;NT;N:A8.7.6.6 J.Q84.. .K.2.K2 6.6..84;♦A ♠9 ♦Q;♦6;3
S;NT;N:.AJ2.J.8 9.Q6.3.2 4..Q2.Q ..75.T9;♠T ♠7;♥2 ♥J ♥A ♣8;5
E;NT;N:K82..6.T .Q5.T9. 3.AK8.. 9.632..;♥T ♥9 ♠T;♠2 ♠8 ♦6 ♠K ♣T;2
N;NT;N:9.3.7.87 J8.7.8.T 4.AT..42 K.K.K5.K;;♥3;2
E;NT;N:75.J.K9. .5.A.T2 ..754.Q K3.9..J;♦8 ♠8 ♦6;♦9 ♦K;4
N;NT;N:K.8.98.4 T3.7.5.K 6.9.7.Q8 2.J.3.93;;♣4 ♦8 ♦9 ♠K ♥8;3
N;NT;N:K8.A8.T. A.76.J.4 74..KQ.A .3.4.652;;♥8 ♥A;5
N;NT;N:A96.4..4 .K.4.AT9 8.A3.5.3 JT..K3.8;;♥4 ♠A;3
S;NT;N:K6..3.K7 J4..K2.J Q98.T.. A5.3.4.;♥K ♥8;♦3 ♣7 ♠6 ♣K ♠K;2
S;NT;N:.KQ72..6 2.83.6.5 8.J.QJ. ..T2.K8;♠T ♦5;♥2 ♥7 ♥Q ♥K ♣6;5
W;NT;N:A63.8.2. 7.T95.4. Q.7.QT.K 9..K5.A;♠J;♠3 ♠6 ♠A;2
W;NT;N:5.3.Q4.A J7.6.2.5 8.J5.A3. T.7.76.;♣T;♣A;5
N;NT;N:A.A3..T8 2..KQJ.K .Q72..65 J9..76.J;;♠A ♥A;4
E;NT;N:6..32.AJ .74..62 J9.9.8. Q.A.9.4;♦Q ♠8 ♥2;♦2 ♦3;1
W;NT;N:Q6.3.32. 7.2.74.7 5..5.942 T.95.K.;♦9;♦2 ♦3;1
W;NT;N:Q2.4.T7. .873.A6. 6..5.Q32 .K.9.75;♥J;♥4;1
W;NT;N:T.7.T2.J 2.4..T95 J.6.94.6 97...43;♠6;♠T;5
N;NT;N:.KQ6.6.5 QJ85..K. 2..A3.82 .J9.9.43;;♦6 ♣5 ♥Q ♥K;5
N;NT;N:T7.3.5.T .T92.3.4 83.8..73 K92...A6;;♦5 ♣T;2
E;NT;N:3..Q8.AJ T5.6..Q KQ.T..K 84..AT.;♠A ♦2 ♣8;♠3;4
E;NT;N:.AQ4.J.Q J5...62 A62.6.. 4.2.2.4;♦3 ♥7 ♠8;♦J;5
N;NT;N:3.6.J.52 AKJ..Q.7 .Q8.5.J3 4..T32.4;;♣2 ♣5 ♥6;4
W;NT;N:8.6..KJ3 752...QT Q3.54.6. .A73.8.;♣8;♣K ♣J ♣3;3
E;NT;N:92..QT9. 85.7..T K.JT4.. .A.A2.8;♦4 ♣9 ♣4;♦9 ♦T ♦Q;2
E;NT;N:Q4.T.5.J ..87.94 .9.9.AT 2..K4.3;♣6 ♥J ♦A;♣J;4
N;NT;N:A64..4.6 T2.5.JT. 9.4.A7.Q 7.K9.32.;;♠A ♦4 ♣6;3
W;NT;N:5..T4.A4 K62..3.2 .A9.K8.6 7.QJ.J.;♥6;♦4 ♣4 ♠5 ♦T ♣A;5
E;NT;N:K5.K.6.Q 9..Q9.7 4.3.A.3 .Q.J7.K;♥6 ♣8 ♦2;♥K;4
N;NT;N:K.K.7.AT 3.5.5.63 62.87.J. T84..T.9;;♦7 ♣T ♣A ♥K ♠K;5
E;NT;N:74..A74. 9.63..Q J.9.T9. ..83.J2;♣6 ♥5 ♠5;♠4 ♦4 ♦7 ♠7 ♦A;3
S;NT;N:T2..4.92 9.5.Q2.K 7.J2.3. 3.A8..6;♥4 ♦9;♠2 ♣2 ♦4 ♣9;1
S;NT;N:JT.9.42. 76..Q6.6 KQ.K..2 8..5.84;♦T ♣7;♦2 ♦4;1
S;NT;N:86.5.4.4 .K6.J9.5 7..A.K7 KJ4.2..;♦7 ♣3;♦4;2
S;NT;N:A..J653. 9.K2.8.7 T2.9..3 8.T..98;♠3 ♥A;♠A;5
W;NT;N:K.6.653. 3..A9.K4 4.J97..3 8...987;♠7;♠K;4
N;NT;N:.4.J9.J7 .KQJ8.2. KJ.9.A8. 86.2.KQ.;;♣7 ♣J;5
S;NT;N:.73.K.AK .84.A.92 KQ.KJ.. 2...Q54;♠3 ♦9;♥3 ♥7 ♦K ♣K ♣A;5
N;NT;N:T..5.A63 5.5.4.KQ K.962.6. J2.K7..T;;♣A;3
E;NT;N:T.AJ7..3 53...Q7 4.8..AT 8..Q5.6;♥3 ♦A ♠9;♥7 ♥J ♥A;5
W;NT;N:A..94.Q4 .73.7.53 T.8.A3.J 7..T8.8;♦Q;♦4 ♦9;5
N;NT;N:J.2.Q.A9 T2.96.3. .73.J.T8 83..K42.;;♠J ♣9 ♣A;3
W;NT;N:T9.3.2.3 .K.AQ9.T .84.J.J7 .QT..84;♣5;♣3;1
N;NT;N:2.6.54.9 74.J.A7. T9.Q.9.6 5.9.K8.J;;♥6 ♠2;3
W;NT;N:A9.T2..J Q..T4.83 .Q965..5 .J4.6.6;♣A;♣J;1
E;NT;N:4.A2.Q.7 82.5..J 7..4.32 .8.A5.9;♣6 ♥Q ♠5;♣7;3
W;NT;N:QT..KQ2. K8..6.T4 A.A5..93 .4.T94.;♣K;♦2 ♦Q ♦K ♠T ♠Q;3
E;NT;N:A.64.2.9 T.K7.6. J..5.K5 .8..J64;♥5 ♠K ♣8;♥6;3
N;NT;N:K3..K.J7 T2..2.A2 A.4.J.KQ 6..A6.T5;;♣7 ♣J ♠3 ♠K ♦K;2
N;NT;N:Q3.4.3.6 2.97.A6. 74..7.Q4 .T2.2.75;;♠3 ♠Q ♣6;3
S;NT;N:3..J.KT8 A96.7.A. J8..2.J .4.3.32;♣9 ♥9;♣8 ♣T;3
W;NT;N:.QJ4..T3 52.K.3.2 AJ.T.J.A 8..95.8;♦Q;♥4 ♣3 ♥J ♥Q ♣T;2
N;NT;N:A.86.T.5 Q.3.8.A6 7.QJ7..K T..AJ.Q8;;♠A ♥6 ♥8;4
S;NT;N:AT5.9.5. .AK.4.Q9 2..3.K5 .43.T.T;♠J ♠8;♠5 ♠T;4
N;NT;N:QT4.9..8 .A.432.4 8.T3.7.K 2.4..AQJ;;♠T ♠Q;3
N;NT;N:8.T642.. .K97.K9. J4.8.QT. T.A.6.63;;♠8;2
S;NT;N:Q..53.T9 .K542.K. A9..A7. .3.T6.3;♠8 ♥9;♠Q;5
N;NT;N:.AK.J.76 K.9.2.JT T93.5..5 6.Q43..3;;♥K ♥A ♦J;3
S;NT;N:QJ3.9..K .T542.2. .A.54.3 7..T.84;♥Q ♦3;♥9;5
N;NT;N:J.2.9.KJ T5.K..Q8 .A.Q32.6 2.9.T4.3;;♥2 ♣K ♠J ♦9;4
N;NT;N:94.K.6.2 8.6.5.Q4 53.A.A8. .95..K83;;♥K ♠9 ♦6;5
N;NT;N:6.QT.64. K..A2.83 .AK54..2 4.J2.Q.4;;♥T ♥Q;4
N;NT;N:.AT5.95. K43.9.3. A9.J.6.K J5..Q.Q6;;♦5 ♦9 ♥A;4
W;NT;N:A8.6..94 .K54.9.K K.JT.54. QT.3.T.;♦6;♠8 ♥6 ♠A ♣4 ♣9;2
S;NT;N:KQ..5.76 .JT6..Q5 .Q5..T9 J.7.Q3.;♣A ♦J;♣6 ♣7;3
W;NT;N:KT3..K.3 5..82.K4 J.Q.74.2 7..5.J8;♥T;♣3;5
S;NT;N:A6..J2.9 T..T43.J 8.K8..T J7..8.8;♥J ♠Q;♦2 ♠6 ♣9;5
N;NT;N:7.QT5.7. K5.96..2 6..K32.9 .A4.QT.5;;♥T ♥Q ♦7;3
E;NT;N:T.2.K.AJ .T7.T.6 K.96.3. 2.K8.2.;♠7 ♣9 ♦A;♠T;4
S;NT;N:3.Q9.2.T ..AQ64.K Q8.5..J 97.K.J.;♠A ♥4;♠3;2
N;NT;N:.Q8..983 .T95.A5. 8.2.643. .A.KQ.T5;;♥8 ♣8 ♣9;1
N;NT;N:.A.94.KQ K7.8.K6. .J5.83.4 T93..T.5;;♥A ♣Q ♣K;3
N;NT;N:64.KJ5.. J95.7.J. 3.Q63.5. K7.8.Q.A;;♥5 ♥J ♥K;3
E;NT;N:A8.85..4 4..3.65 2..K5.8 7.AJ.6.;♠6 ♥K ♣J;♠8 ♠A;5
E;NT;N:6.9.A.98 95.4.8. .J73..T .K.JT.5;♥T ♠Q ♠7;♥9;1
S;NT;N:74.J65.. .7.T.A93 J.4.63. 3..J5.K;♥3 ♠K;♥J;5
N;NT;N:.72.8.A3 K.5.QJ.6 9.JT.6.Q J542...4;;♣A ♥2 ♥7;4
S;NT;N:.J4.Q76. 6..5.J63 4.AK..Q J2.T3..;♠9 ♦9;♥4 ♦6 ♦7 ♦Q ♥J;4
E;NT;N:6..6.AT6 J..Q2.K ..J3.Q9 7.A.9.J;♠5 ♠A ♠9;♠6;4
W;NT;N:5..K.T75 98.A3.A. AKQ72... .2.654.;♠4;♠5;5
N;NT;N:J.J.K5.5 Q9.3.62. 765.6..4 T3.2.A.A;;♥J ♦5 ♣5 ♠J;1
N;NT;N:.AT3.9.K AK.Q.A.6 T82.J..2 J..QT5.Q;;♣K ♥A;4
W;NT;N:.J.A74.7 9.5..A98 73.9.T2. 6.3..J3;♠2;♦4 ♦7 ♣7 ♦A ♥J;1
E;NT;N:JT.JT5.. 6.764.. .K.K.62 .Q98..5;♣4 ♣3 ♠Q;♥5 ♥T ♥J ♠T ♠J;4
E;NT;N:9.K4.3.J 3..2.95 .2.A.A8 .Q..KQ7;♦6 ♥A ♣4;♦3;4
S;NT;N:3.2.K76. 7.6.T4.T K2..8.J 6.5.J3.;♦2 ♥J;♦K;4
S;NT;N:Q3..5.J9 .K7.2.A5 .A.J.63 .4.K.KT;♦7 ♥8;♦5;2
W;NT;N:AQ.6.K2. 983..9.8 75..8.A9 2.432..;♣7;♦2 ♥6 ♦K ♠Q ♠A;5
W;NT;N:.7.A7.K4 52.J..AJ 83.8.2.8 .T.T.76;♥A;♥7;1
N;NT;N:Q..4.K93 .K4.K87. JT8.Q.2. 964.T..A;;♠Q;1
E;NT;N:K4..K7.3 6.Q.4.T T2..3.9 3.8.T.4;♦6 ♦Q ♥4;♦7;4
S;NT;N:2.6..KQ3 .T54.4.2 5.A.K9. .Q.85.9;♦7 ♠8;♣3 ♥6 ♠2 ♣Q ♣K;5
S;NT;N:7..43.KJ 3.32.6.A 8..K8.9 K4.6..8;♠T ♥5;♠7;3
W;NT;N:A3.A.K.3 Q86...98 7.2.4.AK K.98.Q.;♦3;♦K;5
W;NT;N:K8.2.65. AQ..3.KQ .K63.7.3 J95.9..;♥4;♥2;4
N;NT;N:.Q.T7.J2 K6.4.Q9. T.3.A84. AJ.K6..9;;♣J;3
S;NT;N:.J6.T8.6 4.9.93.2 9.K..QJ 2.T2..4;♣T ♠8;♣6;5
W;NT;N:6.AQT5.. .K4.83.6 5..J54.7 74.3.K.;♥J;♥A ♥Q ♥5 ♥T;1
W;NT;N:Q2.6.93. .5.86.63 A5.T94.. .2.2.KJ;♠T;♠2 ♠Q;5
N;NT;N:A.87.6.4 65..Q.T2 .63.A.AJ 74.KJ.4.;;♠A;4
E;NT;N:A3..76.3 .KQ.8.Q .2.J2.A 7.J.4.5;♠K ♠9 ♦5;♠A;4
E;NT;N:T93.4.J. K8.K6.. .T95..9 Q6...QJ;♣5 ♣T ♣2;♠3 ♥4 ♠9 ♠T ♦J;1
E;NT;N:2..K2.KJ .842.5. .T6.9.8 ..4.654;♠J ♥3 ♠4;♠2;4
E;NT;N:AJ87...K K4.J.3. T.3.A2. .4.9.63;♥6 ♥A ♣4;♠7 ♠8 ♠J;5
E;NT;N:6.9.AK9. .Q..K76 .J64..Q K72.T..;♦2 ♣4 ♣9;♦9 ♦K ♦A;3
N;NT;N:.A94..AK .KT.Q32. Q2.65.4. A3.Q.5.4;;♥A ♣K ♣A;3
S;NT;N:2..J8.K3 .5..T854 5.K4.7. J.9.9.9;♣A ♥8;♣3 ♣K;5
N;NT;N:K.A.J9.8 .8542..K 8.3.KT4. A5.J..53;;♥A ♣8 ♦9 ♦J;4
W;NT;N:3.2..AK2 7.J76..6 4.53.A8. 8.T.5.3;♣5;♣K ♣A;3
W;NT;N:A2.7.T.8 5.AJ62.. K73.5.6. 4..K5.3;♠6;♠A;4
S;NT;N:J..86.54 95.A.J.6 .KJ..82 7..2.KT;♠6 ♦4;♠J;1
N;NT;N:.T4.4.T6 5.6.87.2 .2.Q95.4 6.J.J.K5;;♦4;3
W;NT;N:K4.QJ.7. 85.5..72 2.K.A9.9 T7.9..5;♣3;♠4 ♦7 ♥J ♥Q;5
W;NT;N:KJ.9.9.8 Q2.8.4.2 5.5..KQJ 3.A6..7;♦2;♦9;5
W;NT;N:7.6.AT9. KT.7.8.6 .85..AK7 Q.QT..Q;♦2;♦9 ♦T ♦A;3
S;NT;N:T7.5.8.4 .Q.J7.87 .A.96.J 4.72.Q.;♦3 ♠9;♦8;2
N;NT;N:K9..Q9.J 853..T.3 .J2.A86. A.K.5.Q8;;♦Q;3
S;NT;N:8..Q.K86 .T63..J5 5.94.8. 7.5.7.A;♠4 ♠A;♠8;1
W;NT;N:T5.6.52. .A.KJT.6 Q7.K3.9. 6.T72..;♠4;♠5 ♠T;2
S;NT;N:K.64.Q4. T..T2.86 J9...92 .9.K.74;♥5 ♣3;♥4;4
N;NT;N:K...QJ96 ..A98.K8 AJ7.Q.Q. .T843.5.;;♠K;4
S;NT;N:J7.86.J. 3.7.64.Q 8.T.7.A T.Q9.9.;♦Q ♣6;♦J;4
W;NT;N:QJ8.3.2. 5.J.5.87 7.75.Q.9 .AK92..;♦8;♦2;5
N;NT;N:.J.J85.J 85..A6.2 Q.K.T.A6 9.986.4.;;♣J ♦5 ♦8 ♦J ♥J;4
W;NT;N:8.6432.. .A7.J3.3 A7...T87 JT..A8.;♣2;♥2 ♥3 ♥4 ♥6 ♠8;4
N;NT;N:..AQ9.A5 .AT8.J8. 2.Q.73.J 8..T54.8;;♦Q ♦A ♣5 ♣A;4
E;NT;N:9.A.85.K 8.T..A7 T.Q3..6 .K2.AT.;♠Q ♦J ♠3;♠9;1
W;NT;N:AT7.3.2. J.2.3.J8 .T8.JT.9 K..Q8.7;♣3;♦2 ♥3 ♠7 ♠T;2
E;NT;N:Q7..8.AT .Q8.J3. 5.K9..K ..QT.74;♥4 ♦2 ♠2;♦8 ♣T ♣A ♠7 ♠Q;2
W;NT;N:8.86..Q4 .5.76.T3 K2.7.Q8. 65...76;♥T;♥6 ♥8;3
E;NT;N:.6.Q32.K 8.4.85. K.K.4.8 76.85..;♣4 ♦9 ♥7;♣K;5
W;NT;N:5.9.K.AT 4.5.98.9 .T3.QT.2 2.A2..J;♣3;♣T;4
N;NT;N:76..72.3 .A5..KQT 5.J.Q5.4 4..K63.2;;♠6 ♠7;2
S;NT;N:A7.K.J9. .4.Q63.Q J.J3.K. 2..4.85;♥6 ♣6;♥K;5
E;NT;N:AT.Q..K8 ..86.52 J2.A6.. 64.T..9;♣6 ♥5 ♦3;♣8 ♣K;5
W;NT;N:.Q5.K.87 T.J.6.42 95.8..QJ .AT.A8.;♠A;♣7 ♣8 ♦K;1
E;NT;N:2.9.74.9 5..A.A8 K6.A.J. 8.7.K.4;♣2 ♦8 ♦9;♣9;4
E;NT;N:A.J.T7.4 .A.Q.KT KQT.3.. 8.T.J8.;♠6 ♦4 ♠7;♠A;1
E;NT;N:8.4.T.75 Q.5..62 J.8.K8. 6..94.J;♣T ♠9 ♦J;♣5 ♣7;1
S;NT;N:7.AQ7.Q. ..54.987 9..7.32 .T98..A;♥3 ♥6;♥7;5
N;NT;N:KQ9..3.6 52.AQ.Q. J3..72.9 8.5.86.Q;;♠9 ♠Q ♠K;3
E;NT;N:8.5.QT3. .J7..A9 J.4..Q2 7.T6.8.;♣7 ♣K ♣T;♦3 ♥5 ♦T ♦Q ♠8;2
S;NT;N:97..6.K3 3..JT.92 Q..75.8 .J.Q43.;♣Q ♠6;♣3;4
W;NT;N:65.3..95 A.6.2.AJ 82..KQ.7 3.8.3.3;♠T;♠5 ♠6;1
N;NT;N:AJ.4.2.Q KT6..3.6 .A9.K6.T Q4.T.T.3;;♦2 ♣Q ♥4 ♠A;5
S;NT;N:K9..AK.8 6.7..765 Q.9..T9 ..932.K;♠J ♦6;♠9 ♠K;5
S;NT;N:AQ.9..98 8.7.T3.2 2.3.7.Q 97.8.5.;♥5 ♦Q;♥9;5
E;NT;N:6.73..63 73.T.8. .A95.4. A.J64..;♥8 ♦A ♠Q;♥3 ♥7;1
N;NT;N:KQ...Q84 6.K3.A5. .T.Q.963 A9..98.5;;♣4 ♣8 ♣Q;3
W;NT;N:3.T.854. Q..K7.75 4.8.JT.4 ..9.632;♥3;♥T;1
W;NT;N:4.A8.K2. 9.J3.94. .Q.T7.J6 K.2.Q.3;♠2;♠4;4
N;NT;N:.6.8.K53 753.5..Q 6..4.T62 .AJ9.A.7;;♣K;3
N;NT;N:5.J.5.T5 76..QT.K T.5.K92. 3.T.A3.J;;♠5 ♣5 ♣T ♥J ♦5;2
E;NT;N:Q.K.K8.Q 8.3.Q.7 .7.T9.8 .5.7.42;♠2 ♠J ♥J;♠Q;5
N;NT;N:K6.8.8.8 2.A.Q.J5 .Q3.6.T6 Q..4.A72;;♠K;2
E;NT;N:95.7.K.4 64..8.A J.53.A. K.J2..8;♥Q ♠Q ♠A;♥7;1
W;NT;N:T7.654.. Q.A7.J.T 6..A5.73 .K.942.;♥8;♥4 ♥5 ♥6;1
W;NT;N:7.94.Q.3 5.AK.85. 9.76..52 Q.8.4.T;♠4;♠7;2
W;NT;N:.Q65.T.9 K..A98.K T4..Q5.Q J2...J8;♠8;♥5 ♥6 ♥Q ♣9 ♦T;1
N;NT;N:J3.K3..5 .A.5.AKJ 6.T.K.T7 9.9.A3.6;;♠J;2
W;NT;N:KJ43.A.. .QJ.72.7 A.K.Q86. .63.A.K;♠7;♠3 ♠4 ♠J ♠K;5
E;NT;N:A..JT.J9 K.T..KT 2.6.6.4 Q6.2.4.;♣7 ♠7 ♣A;♣9 ♣J;1
S;NT;N:.K.K93.8 .9642..5 8.5..QT K5.J..K;♦2 ♠4;♦3 ♦9 ♦K;4
E;NT;N:.943.92. K.T7..J A972... ..J.T93;♦A ♦8 ♦K;♦2 ♦9;2
W;NT;N:.J.Q9.K7 62..75.3 Q85.A8.. J9.64..;♠K;♦9 ♦Q ♣7 ♣K;4
E;NT;N:.6.KT9.9 .97.8.4 953..6. .Q.A75.;♦Q ♠8 ♥K;♦K;3
W;NT;N:T.Q.K6.K 6.K.A.Q6 A.5.Q.54 2.8..98;♦9;♦6 ♦K;3
E;NT;N:.Q.T9.95 K.A5.6. 9..K.63 6.6.82.;♣A ♠3 ♦J;♣5 ♣9;1
W;NT;N:T..AK.J2 85.43..4 Q.86.7.K J..Q9.Q;♠7;♠T;5
S;NT;N:8.5..J43 .7.Q7.95 2..A62. J.3.K5.;♠5 ♥J;♠8;3
W;NT;N:.2.T86.A 9.64..QT 73.Q.9.J A.K9..8;♠J;♥2 ♦6 ♦8 ♦T;1
E;NT;N:K3.65..3 .K7.8.7 .4.4.62 A2.9.6.;♠4 ♣J ♣A;♠K;1
W;NT;N:A..Q7.Q5 QJ2.J.J. K83.7..6 .3.A4.K;♠7;♠A;2
N;NT;N:K8.8.54. 6.K.Q.K2 .9.T3.54 54.3..87;;♠8 ♠K;2
W;NT;N:.T2.2.T7 A.K7..J6 .AQ.QT9. J.4.J.A;♥3;♥2 ♥T;5
N;NT;N:KQ7..T.2 85.2.K.8 .3.6.T53 2.J.A52.;;♠Q ♠K;5
W;NT;N:A.Q.62.7 4.9.8.K3 Q.K.Q7.5 86.2.5.;♣9;♣7;3
W;NT;N:9.KT..KT 64..J95. J3.J..97 7..K7.4;♦A;♥T ♠9 ♥K ♣T ♣K;2
N;NT;N:K.Q.QT.7 .K.A6.KJ J.87.J.8 .943.4.T;;♥Q ♣7 ♦T ♦Q ♠K;1
S;NT;N:Q..QJ7.A 3.4.5.Q7 8.Q..K4 .9.964.;♦A ♥2;♦7 ♦J ♦Q;5
S;NT;N:.62.96.T K8..T4.J 53.5..6 .A.J8.3;♥Q ♠7;♥2 ♥6;1
W;NT;N:2..Q.K93 Q.6.63.6 9.A752.. 5..7.J8;♦K;♦Q;2
N;NT;N:.Q.9.Q92 Q85..2.7 K.8.T3.J .T.Q8.43;;♣2 ♣9;5
E;NT;N:J.2.K5.7 Q9.Q.Q. T5.9..T ..T2.KQ;♣5 ♣9 ♠8;♣7;2
W;NT;N:5.9.A4.6 K7.J3.Q. ..K.8752 .AT8..9;♦T;♦A;2
E;NT;N:.954.9.Q K2.2..7 ..82.K5 A6.A.6.;♥J ♦K ♣T;♥4 ♥5 ♥9;1
S;NT;N:T.J.3.Q2 J5.7.5.J ..JT.T4 .T9..A6;♦2 ♦Q;♦3;2
W;NT;N:.7.K4.Q6 T3..T.74 .A32.9.5 A.K84..;♠2;♦4 ♣6 ♥7;3
W;NT;N:64.4.5.3 A5..7.T6 Q98..T.K J3.Q6..;♥5;♥4;1
S;NT;N:97.9.72. T6.7.A6. .AK.T.A A..Q.K7;♦8 ♥Q;♦2 ♦7;2
S;NT;N:.5.A.K87 .QJ6.7.9 KJ..82. 65.3.J.;♠A ♦4;♣7 ♣8 ♥5;5
E;NT;N:T.98..J9 7.Q7..3 .3.K5.K .A.AT.Q;♣A ♠3 ♣7;♣9 ♣J;1
S;NT;N:.K98.J.Q J4.4.5.9 Q.5..65 AT..T.K;♠2 ♥7;♥8 ♥9 ♥K ♣Q;1
E;NT;N:J4.6.Q.6 A..A7.7 Q..K53. 7.98.T.;♣T ♠T ♥T;♣6;1
N;NT;N:Q4..Q5.7 K65.83.. T.K.K8.8 J.7642..;;♠4 ♦5 ♦Q ♣7;4
S;NT;N:KJ.93.3. Q8.4.T.2 52..4.6 9..7.53;♥8 ♥K;♥3 ♥9;2
S;NT;N:4.6.8.JT 7.32.94. Q92..7. K3.A4..;♥7 ♣8;♥6;2
S;NT;N:8.K.J5.Q .T.763.A K.Q.A.9 ..4.JT8;♠6 ♥8;♠8;5
N;NT;N:6.7.Q2.J K.4..964 72.KT9.. A.A5.J4.;;♥7 ♠6 ♣J ♦Q ♦2;2
S;NT;N:A8.A.8.9 Q.K7..Q3 T3..2.5 6..K9.8;♠J ♠4;♠A;4
N;NT;N:92.T9.J. 5.3.7.98 .J.Q3.T7 J73.6..2;;♥9 ♥T ♦J;4
S;NT;N:5.K5..93 A9.Q.A.J ..K5.K2 .83.T.A;♦7 ♣8;♣3 ♥5 ♠5 ♣9;1
N;NT;N:KQ5..K7. A..Q.AJ4 J2...T53 .T.T863.;;♦K ♠5 ♠Q ♠K;2
N;NT;N:..A76.Q2 .4.32.T7 7.KQ.K.3 J.8.J.A8;;♦6 ♦7 ♦A;3
W;NT;N:A32.J.8. 75..7.K6 Q.6.43.Q J.7..A4;♣2;♠2 ♠3 ♠A;2
E;NT;N:KQ.2.7.Q 4.83.A. ..83.JT T9...95;♠6 ♥J ♦T;♠Q ♠K;3
W;NT;N:Q2.AJ..6 .K95.98. 7..Q32.Q 9..65.4;♣9;♣6;5
E;NT;N:Q.73.7.2 T8.AT.. .94..J3 4..3.Q9;♠5 ♦T ♦K;♠Q;2
E;NT;N:87..6.J7 .K.J5.5 A.A.9.Q J6..7.K;♣A ♠T ♠5;♣7 ♣J;1
S;NT;N:KQJ..A.J 2.972..K 6.AJ.6. 8..743.;♥5 ♦Q;♠J ♠Q ♠K ♣J ♦A;3
S;NT;N:.93.954. J9.6.J7. 2..Q8.A KQ.5.T.;♠7 ♣8;♦4 ♦5 ♥3 ♦9;2
S;NT;N:T..JT4.6 ...AT875 A6...Q2 QJ5...9;♦2 ♥3;♦4 ♦T ♦J;4
W;NT;N:K2.Q6.8. 9..K9.A5 AJ5..Q.7 .A42.2.;♠3;♠2 ♠K;3
N;NT;N:AK.4.J9. 52.2..AT 74.J7..2 3..A65.K;;♠K ♠A ♥4;4
W;NT;N:65.A8.8. AQ.9.J.3 .2.KQ73. 42.K..J;♥5;♥A;5
S;NT;N:.Q75.A.3 AT..4.Q9 5.J.8.A Q.T..62;♠7 ♦J;♥5 ♥7 ♣3 ♥Q ♦A;3
N;NT;N:Q.2..K64 T.83..T8 9.6.K92. 5.75.T8.;;♠Q ♣K ♥2 ♣4 ♣6;2
E;NT;N:J.8.JT.2 A2..53. ..74.K7 4..92.J;♣4 ♠8 ♥7;♣2;2
W;NT;N:J54...A5 .4.KJ4.J .KJ.96.T .A.A.92;♦T;♣5 ♠4 ♠5 ♠J;2
E;NT;N:K9.54.K. .T.4.73 A3.9.9. 7.K7..9;♠2 ♣5 ♠J;♠K;4
W;NT;N:J.A7..K3 AQ6.J.T. 9.QT.9.T 3.3.8.2;♣9;♣3 ♣K;4
S;NT;N:9.A.62.7 2...A532 J.5..K4 Q76...Q;♦K ♥T;♦2 ♦6;3
S;NT;N:.J.92.T5 K83...84 J9.Q9.. T.K.J.3;♥A ♠A;♥J;2
N;NT;N:A7.T..42 T.Q.5.Q7 2.2.AT3. K9..2.AT;;♠A ♥T ♣2 ♣4 ♠7;1
W;NT;N:6..KJT3. 52.T83.. .AQ4.8.T J3.65..;♣8;♦3 ♦T ♦J ♦K ♠6;5
S;NT;N:T75.T.Q. .62.J.72 A6.K.5. K43..4.;♥3 ♣Q;♥T;4
N;NT;N:.Q3.Q5.5 .T.T9.KT A8.9.8.4 T76.4..Q;;♥Q ♣5 ♦Q;3
S;NT;N:.J2.J.J4 K84.5..7 A...KQ3 9.9.T.8;♥6 ♣5;♥2 ♥J;5
E;NT;N:K7.6.K.Q A.J3..9 .T92..3 82.4..T;♦7 ♦3 ♥8;♦K;3
N;NT;N:K8.Q.A.8 T.95.K8. 2.8.T54. ..963.A9;;♠K ♦A ♥Q;4
N;NT;N:A4.J..QJ 8.Q7..A4 .98.7.T6 KT5..3.5;;♣J ♣Q ♥J ♠A ♠4;2
N;NT;N:J4.T..A3 .AQ8.4.9 K.4.J7.4 Q2.3.9.2;;♣A ♠4 ♠J;5
N;NT;N:.Q53.T.T 72..A92. JT65..Q. .K2.K.52;;♦T ♣T;2
S;NT;N:.A65.A.8 .Q98.9.T 5..T82. T7.K7..;♥T ♣Q;♥A ♥5 ♥6;2
S;NT;N:2.K8.2.J A.95..73 4..K.98 .J.J5.2;♥Q ♠6;♥8;5
E;NT;N:T84.8..2 Q..7.JT 7.7.J2. 2.65.4.;♦6 ♣6 ♠J;♠4 ♣2 ♠8 ♠T ♥8;1
N;NT;N:Q2.J.2.K .Q.K.J92 J.4.7.A4 A94..T4.;;♣K ♠2;2
N;NT;N:Q..52.A9 .J.AT.T3 .AQT.QJ. 6.9.K.86;;♣A ♦2 ♦5 ♠Q ♣9;2
S;NT;N:T.A.Q.Q3 65.8.T.4 .J.3.AT 8.9.K.2;♦7 ♠9;♦Q;5
W;NT;N:6.Q.QJ9. 3.T4..T3 J.J.2.75 94.5..J;♠5;♠6;5
W;NT;N:K.A5.4.J J42..3.8 ..6.KT94 6.2..73;♠T;♠K;5
W;NT;N:6.76.AQ. 8.Q.82.J 52.5.9.7 J.K..93;♦4;♦Q ♦A;2
W;NT;N:.QJ2.3.K T.98.4.7 .A3.A.65 ..K.AQ9;♠3;♥2 ♦3 ♥J ♥Q ♣K;1
E;NT;N:4..3.KJ7 JT..9.9 .4..432 .2.5.QT;♠6 ♠Q ♥5;♠4;5
E;NT;N:.A7.A98. 9.9.7.3 .J5.Q4. 5..T3.7;♠J ♥Q ♠8;♦8 ♦9 ♦A ♥7 ♥A;2
E;NT;N:A54.J4.. 7..T.K3 86...JT Q2..K4.;♦Q ♦7 ♣Q;♠4 ♠5 ♥4 ♥J;1
N;NT;N:5.T2.3.A QT.8..T6 3..T9.K7 9.J.Q4.9;;♣A ♥2 ♥T ♠5 ♦3;1
S;NT;N:98.9.QT. A7.K8.8. T4.4.3. J..K.AT;♥A ♥6;♥9;1
N;NT;N:7.85..J7 T4.4.J8. A.A7.7.4 8.9.6.K6;;♥5 ♥8 ♠7;3
W;NT;N:73.63.Q. 9.J8.J.7 ..63.T62 J.5..Q4;♣5;♥3 ♥6 ♠3 ♠7;2
N;NT;N:5..K9.K6 K72.4..T T.T9.3.A 9.K.72.9;;♣6 ♣K ♦9 ♦K;4
W;NT;N:J7.2.4.A K62..2.K 4.AK4.J. A.87.K.;♣8;♣A;4
S;NT;N:A9..A4.6 .AJ4.6.J .7.Q.T4 Q.5..98;♥3 ♥9;♦4 ♠9 ♣6 ♦A;1
S;NT;N:983.5..3 T.J4.KJ. 7.AQ2.. ..A8.J7;♣A ♠K;♣3;4
E;NT;N:AQ.K..J8 .A94.6. K8.7..Q 6.J.5.6;♣7 ♣2 ♦2;♣8 ♣J;4
N;NT;N:AQ6.3.K. J9.7.2.5 7.96.T6. 8.2.8.T7;;♥3 ♦K ♠Q ♠A;5
S;NT;N:.KT92..2 3..87.A8 .54..QJ 9.Q.62.;♠6 ♣9;♣2;5
N;NT;N:A.6.AJ.J 96..T4.A 532.J..2 K.84..43;;♠A ♣J ♦J ♦A ♥6;4
S;NT;N:3.3.83.2 AK65...5 ..94.T8 .97.A.K;♣A ♠2;♣2;1
S;NT;N:5.7.T8.T .9.2.J96 .8.J65. AQ.Q6..;♣A ♣2;♣T;4
N;NT;N:..J43.95 K74..98. AT.T82.. 8..AT.QT;;♣5 ♣9;2
E;NT;N:96.7..J6 2.A.Q7. A4...T7 K.JT..9;♣8 ♥5 ♦5;♣J;5
E;NT;N:.Q94.A2. .8.Q.K9 54..3.8 3.A.7.J;♣A ♦J ♦6;♥4 ♦2 ♥9 ♥Q;1
N;NT;N:AJ7.J.7. .Q976..6 54.5.9.2 T.K4.6.T;;♦7 ♠J ♠A;4
N;NT;N:6.8.A72. 4.2.43.3 K.T.J.T5 .K76..A2;;♠6 ♦A;4
N;NT;N:.T9.4.JT 2.3.AQ.6 Q86.8..7 .A4.53.5;;♣T ♣J ♥9 ♥T ♦4;2
E;NT;N:J.AJ4..8 6.6.5.Q 87..Q.5 T3.KT..;♣K ♥2 ♦8;♣8;2
W;NT;N:Q2..J8.J 96...A86 J.9.95.Q T8...K2;♠K;♠2;1
E;NT;N:Q2..8.32 54..9.7 6.Q..J9 7.7.7.K;♠9 ♠K ♦T;♠2;3
W;NT;N:84.K.KJ. 7..7.J83 3.A7.Q2. A.Q.84.;♣4;♠4 ♦J ♦K ♠8 ♥K;1
N;NT;N:KT5.A..8 74.2.A4. 63.6.6.6 .K9.32.A;;♠T ♠K ♥A;4
S;NT;N:K..A97.7 Q2...QJT AT3...2 J..T52.;♣5 ♥4;♣7;2
W;NT;N:7.K9.T7. A.3.Q.75 .T.8.983 Q..J6.6;♥5;♥9;4
S;NT;N:.2.92.AQ K2.8.3.K QJ..5.7 65..4.4;♦7 ♣2;♦2 ♦9;4
E;NT;N:K8..KJ.A 5.T.2.7 9.K8..T 2.A..94;♣6 ♠T ♣2;♣A;5
S;NT;N:97.84.9. 83.Q.3.7 A5.6..K 42..4.9;♦K ♣5;♦9;4
W;NT;N:6..A4.QT K3.7.6.4 AJ.9.J.9 5.A..A8;♦9;♦A;4
W;NT;N:6.8.3.93 J..7.A65 Q.A.J4.4 7.K..K2;♥Q;♥8;4
W;NT;N:.Q.7.J96 875.T.4. 9.K.K.42 QJ.5.2.;♣5;♣6 ♣9 ♣J;5
W;NT;N:72..K8.K .7.J5.Q3 T9.94..T .A2..92;♥8;♠2 ♠7 ♦8;5
S;NT;N:7..T84.4 A2.8..AJ .Q65..2 .2.K5.8;♥K ♠K;♦4 ♣4 ♦8 ♦T ♠7;4
W;NT;N:K82.5..7 3.63.J.2 Q.KJ.5.J A..K9.Q;♣5;♣7;3
N;NT;N:A98.7.6. 2.J.KJ.J .A4.T.A6 KQ3.5..Q;;♠A;5
E;NT;N:J.A.53.K KQ7..7. .7.KT.A 3.Q8..Q;♥T ♠A ♦J;♥A;4
E;NT;N:Q.7.A6.J J.9.83. A8..5.5 .AQ.2.8;♥K ♣4 ♠3;♥7;2
N;NT;N:A.43.T.3 2.Q8.9.J .K.A.764 .A.J8.Q5;;♠A;2
E;NT;N:.62.T3.8 7..K.A6 A..J87. T.8.Q4.;♥3 ♠2 ♣4;♥6;2
E;NT;N:.Q92.86. K54.3.. 9.A.52. 82.5..8;♣Q ♣2 ♠7;♥2 ♥9 ♥Q ♦6 ♦8;1
W;NT;N:K2..53.A 8.A.T8.J .4.A.874 9..92.K;♥T;♦3 ♦5;4
N;NT;N:J9..A8.3 Q.64..K8 4.97.Q.J AT.Q..75;;♦A;2
N;NT;N:6.8.3.K2 ..986.Q8 3.A32.2. 8.QJ..96;;♣K ♠6 ♥8 ♦3;2
N;NT;N:JT2.Q.A. A7.T.53. ..7.JT43 53.K5..7;;♠T ♠J ♥Q;2
E;NT;N:T2.4..A5 9..54.J 76.2..K A4..7.9;♥5 ♣6 ♦T;♥4;2
E;NT;N:.Q8.8.A5 A.5.2.7 6.T.96. 5.K..T3;♥3 ♠3 ♦A;♥8 ♥Q;4
N;NT;N:J7.Q.J5. Q2..Q9.7 .K86.2.5 .3.T86.J;;♥Q;3
E;NT;N:85.T8..6 Q.K..93 6.6.8.A 9...J82;♥A ♦A ♣Q;♥8 ♥T;2
E;NT;N:3.Q8.43. .6.A7.T ..52.93 AK.9.6.;♦K ♥2 ♠7;♦3 ♦4;1
S;NT;N:K6.A7..2 J..3.T53 Q.5.5.7 5.84.A.;♣9 ♣4;♣2;3
N;NT;N:A9.5..Q2 5..63.T3 T8..K5.K .3.A98.J;;♣2 ♠9 ♠A ♥5;5
W;NT;N:9.A96..A K7.Q.J.5 J82..9.6 .72.Q4.;♣8;♣A;4
S;NT;N:5.A.J.J5 QJ.3..63 8.5.96. 6..Q83.;♦T ♣A;♦J;4
S;NT;N:8.7..AT2 J.A6.2.8 97.4.T. K4.J.7.;♠5 ♣3;♠8;1
W;NT;N:87.K.K5. Q.2.2.K6 J5..4.A9 ..J6.Q7;♦9;♦K;4
W;NT;N:.86.7.Q9 A8..A.64 Q5.7.5.2 .A2..J3;♠2;♦7 ♥6 ♥8;2
S;NT;N:Q.43..75 5.9.A7.3 9..T5.2 3.Q.6.K;♥A ♣A;♥3 ♥4;2
W;NT;N:.62.52.7 J8.53.3. 5.AK98.. A6.7..3;♣5;♣7;5
S;NT;N:J.T.52.5 2.A6..87 .8.A.A6 ..98.J9;♥K ♦T;♥T;3
N;NT;N:7..A4.Q5 62.4.K.K .T.872.6 Q9.Q..83;;♦A;3
N;NT;N:K92.J.2. T.965..2 76.Q..Q8 .A2.43.7;;♠K;4
N;NT;N:T84..5.9 73.9.86. K.Q42..T 2.8.Q3.K;;♠4 ♠8 ♠T;4
E;NT;N:.JT53.T. Q..32.Q AT5...A ..96.76;♥2 ♠4 ♥9;♥T ♥J;5
N;NT;N:.6.K.T92 52.4.2.3 A.2.QJ.J Q7.Q.4.6;;♣2 ♣9 ♣T;5
E;NT;N:765.5.A. 2..T.Q2 .Q9.Q.J 3..5.K7;♦7 ♦4 ♣8;♦A;5
N;NT;N:K.J2.A.7 3.KQ..K2 A.7.J.Q3 .T8.Q3.8;;♣7 ♠K ♥2 ♥J ♦A;2
E;NT;N:J.6.JT.3 .Q.86.K K.J..A4 .3.K.85;♦Q ♠9 ♦7;♦T ♦J;1
W;NT;N:K.K8..83 A.964.8. ..AT6.A2 54..J3.;♠7;♠K;4
N;NT;N:64.73..4 3.K5.76. J.J.2.J2 82...865;;♠4 ♠6 ♥3 ♣4;2
N;NT;N:K.92.T2. 2.Q.K65. J.3.J.86 A3.5.9.7;;♥2 ♥9 ♦2 ♠K;1
N;NT;N:4.J.J8.A Q.42.7.9 A.3.2.62 8.A7..75;;♠4 ♣A ♦8 ♦J;4
E;NT;N:.J.987.T 3.Q6.6. 8..AT.5 .5.J2.4;♥8 ♦Q ♥2;♥J;4
S;NT;N:Q.2.K9.2 .A.JT8.7 53.T9.. .K.Q3.A;♠4 ♦7;♠Q;2
S;NT;N:K.9.7.Q4 2.A.K6.7 5..Q.K5 .QJT.3.;♦9 ♠J;♦7;3
E;NT;N:.J8.9.54 .4.T.76 2.Q5.K. 97.T2..;♦7 ♥7 ♣J;♦9;4
E;NT;N:9.A.K8.T .K.J2.K Q.6.5.Q 6..7.65;♥5 ♠2 ♦3;♥A;4
E;NT;N:A.9.QJ.Q J2.J.5. 8..A.98 6.42.2.;♥7 ♦7 ♦T;♥9;5
N;NT;N:AJ.K7..3 .Q9..864 .42..KT2 K.A.A87.;;♠A;4
N;NT;N:8.T.A.72 .875.8.J 6.9.63.T T.Q.K2.4;;♣2 ♣7;2
E;NT;N:K3.Q..62 5..76.A 8.A.8.4 2.6..T5;♠A ♥5 ♠6;♠3 ♠K;3
N;NT;N:..Q5.QT9 7.J.K3.6 KJ.7.J.7 92.96..3;;♣9 ♣T ♣Q ♦5 ♦Q;3
S;NT;N:J5.J.93. 4.K.4.42 .9.8.AJ 83...T8;♦2 ♠T;♦9;5
N;NT;N:A.76..Q2 4..QJ.KJ 6..4.T76 .K8.72.5;;♠A ♣2 ♣Q;1
W;NT;N:65.K.5.Q .Q4.T.KT QT..A.J6 .J76..9;♠7;♠5 ♠6;4
W;NT;N:QT..J5.3 54.8.T8. A9.Q.A.7 ..964.8;♣6;♣3;5
S;NT;N:T.Q..942 8.K72.J. ..T74.Q 3.J.8.8;♣A ♦9;♣2 ♣4 ♣9;2
W;NT;N:.T3.T.AT T5..76.K A6..K.42 J2.Q.J.;♥9;♥T;5
E;NT;N:7.T7.9.T KJ.8.2. 942.Q.. 5.9..J5;♥K ♣Q ♥J;♥7 ♥T;2
E;NT;N:7..J72.T K..8.87 5.A.6.9 8.2.4.A;♦Q ♣Q ♣2;♦2 ♦7;1
W;NT;N:54.83.J. 9.Q.3.A7 QJ.2.7.9 ..KQ.Q8;♠6;♠4 ♠5;2
E;NT;N:A4.9.A.T ..J2.72 .J5.64. J7..T.K;♦5 ♥T ♥K;♦A;4
N;NT;N:4..T9.K2 K.762..7 A3.K5.A. .A8.75.8;;♣K;5
N;NT;N:A..732.A .KJ7.Q4. QT.Q.K.Q 97.T9..T;;♣A ♠A;4
N;NT;N:.82.A7.4 QT6.K.5. 93.5.3.6 AJ.Q..K2;;♦7 ♦A;2
W;NT;N:4.K8..73 AJ...KJ9 .A6.A.42 7..743.;♦9;♣3 ♣7 ♠4 ♥8 ♥K;3
N;NT;N:87.6.2.3 65.5.4.2 J.7.97.J Q42..QT.;;♥6 ♣3 ♦2 ♠7 ♠8;2
S;NT;N:K.65.K9. 9..T.K43 ..83.A7 QT.4..8;♥A ♦2;♥5 ♥6;5
E;NT;N:A8..Q9.J .65.A.A T.7.3.7 74...K5;♦K ♣9 ♦6;♦9 ♦Q;2
W;NT;N:3.76..92 Q.A843.. A.5.Q8.T 92..75.;♥9;♥6 ♥7;1
E;NT;N:4..K7.54 6..2.86 .T.JT.K 5.J6..J;♠7 ♦4 ♥A;♠4;3
S;NT;N:.A4..AQ2 9.JT.J.7 .87.K9. J3..3.4;♦T ♦5;♣2 ♥4 ♣Q ♣A;2
S;NT;N:.97..Q64 QJ9.Q..T 3.5..82 T.86..5;♣A ♥4;♣4 ♣6 ♣Q;3
S;NT;N:QJ86.7.. 75..T9.6 9.5.7.K .A.8.QJ;♣4 ♦Q;♠6 ♠8 ♠J ♠Q ♥7;2
W;NT;N:K3.9.J.J J72..K4. ..Q862.7 A6.J..2;♥A;♥9;1
W;NT;N:.5.52.86 J.6.A3.K K.KQ4..Q A.73.6.;♦T;♦2 ♦5;1
N;NT;N:K.T6.T.Q 4.5..JT6 9.87.5.2 Q.3.32.3;;♥6 ♥T ♠K ♣Q ♦T;5
E;NT;N:.5.J9.J2 4.987.. .6.63.A ..AKT.7;♥3 ♦Q ♠A;♥5;2
N;NT;N:A4.T8.8. 7.QJ.K.4 .K9.96.T 2.76.A.Q;;♠A;3
N;NT;N:J..87.Q8 542.J..9 K93..A.J .Q.K96.7;;♣8 ♣Q ♠J ♦7 ♦8;5
E;NT;N:.A5.93.A A.T..K7 KJ3...4 9.Q6.8.;♣T ♣3 ♥K;♣A;4
S;NT;N:6.J3.A.J 5.Q8.53. A7..9.K .T2.4.5;♦Q ♣6;♦A;5
S;NT;N:.A6.QJ.A T2...KJ4 4.2.7.5 A.4..73;♦5 ♥3;♦J ♦Q;5
S;NT;N:K7.6.T.5 T6..K52. 5..J9.J A.3..KT;♣2 ♣8;♣5;1
E;NT;N:K3.T.T.K 6.K.2.6 .Q3.6.Q 9..74.9;♠4 ♥A ♠8;♠K ♠3;3
S;NT;N:AJ.J.T2. 3.52..63 4.K.3.Q .9..542;♦K ♦A;♦2 ♦T;4
W;NT;N:5.73.9.K 4.JT9.A. 8.Q4.T.2 K.K..AJ;♣T;♣K;1
S;NT;N:5.9.QT7. 3..5.A74 6.J4..2 .2.6.95;♠A ♥Q;♠5;5
N;NT;N:Q.K.T.Q8 3.Q7.A.3 .63.8.J9 8.82.63.;;♠Q ♥K ♦T ♣8 ♣Q;4
S;NT;N:K2.3.5.Q A76...A8 .K.964. 54..T.T;♦7 ♣J;♦5;2
W;NT;N:AQ83.6.. J72..7.3 K.K.9.94 6.T.2.A;♦8;♠3 ♠8 ♥6;4
S;NT;N:8.96..T4 J.T5.5.9 6.8.8.7 QT.3.4.;♥A ♦7;♥6 ♥9;4
W;NT;N:.9.A.876 J5..QJ.K KT6.K.6. 3.QT..J;♣4;♣6 ♣7 ♣8;3
N;NT;N:Q32..Q.8 ..52.J63 A4.T.3.9 .6.T4.AT;;♦Q ♠2 ♠3 ♠Q;5
W;NT;N:.92.QT.7 5.Q3.8.5 9.7.54.Q Q.4.3.K;♥K;♥2 ♥9;1
W;NT;N:.8.AQ9.8 A3..K.A5 9.5.843. 5..72.T;♣3;♣8;1
N;NT;N:7.J6.2.Q KQ42..K. A.A5.5.T T.2.93.4;;♠7 ♥6 ♥J ♣Q ♦2;4
E;NT;N:T7.7.J2. 2.6.Q.6 .T..KQJ J.QJ.K.;♠9 ♦T ♥8;♠T;1
E;NT;N:8.K5..KQ .T.QT.A 42.A.6. .Q3.2.8;♣4 ♦J ♠J;♣Q ♣K;4
W;NT;N:7..T96.6 6.JT7.J. 9.K6.Q.2 Q852...;♦2;♦6 ♦9 ♦T;5
W;NT;N:J8..Q.T6 .K.A6.J4 K.J75..K T6.3..A;♥4;♣6 ♣T ♦Q ♠8 ♠J;1
S;NT;N:5..2.AK6 3.J.95.Q 9.43.3. 8.97..4;♦A ♥K;♦2;3
N;NT;N:QT.Q5..A 43..Q7.3 .K7.J.J6 AK6..8.8;;♣A ♥5 ♥Q;4
N;NT;N:3.2.5.K5 9.Q4.T.4 2.K.Q6.6 J..J.Q32;;♦5 ♠3 ♥2 ♣K;4
S;NT;N:AT.T.J.K Q8..8.32 .KJ.54. 42..T.5;♥7 ♥5;♥T;4
N;NT;N:.Q8.K97. 2..AT5.9 .J9.3.QT K.62..42;;♥8 ♥Q;4
N;NT;N:AK8.A6.. 7.7.KT5. 9.T.842. QT...954;;♠K ♠A ♥6 ♥A;5
S;NT;N:952...A7 K.J4.52. .Q5.K9. QJ..8.3;♠6 ♠3;♠2 ♠5 ♠9;3
S;NT;N:9.K.A84. .Q4.53.3 8.763.. Q4..J.8;♣4 ♥5;♠9;5
W;NT;N:7.Q2.5.4 KQ.98..9 .J3.84.2 98.T..J;♠5;♠7;1
W;NT;N:8.Q.5.K5 2.J.J3.4 3..Q2.T6 J97.3..;♥T;♥Q;4
S;NT;N:.A.J94.3 .52.76.2 ..32.KQ K.3.T.9;♥Q ♦5;♥A;5
E;NT;N:J9..T4.T .84.A.J 5.9..52 .Q.Q2.7;♠4 ♣A ♥6;♠9 ♠J;2
N;NT;N:.3.987.2 T5.82..7 A.9.32.Q .T.T6.J5;;♦7 ♦8 ♦9;3
S;NT;N:T.A.8.52 A.T953.. 76...QJ J.72.6.;♠8 ♥K;♠T;4
E;NT;N:A82..J.Q .J85..2 3.4.K.T 74.3.6.;♣5 ♥A ♠5;♣Q;5
N;NT;N:J85..7.5 .T8.AK.K K.K4.Q6. .965..A3;;♠5 ♠8 ♠J ♣5;2
E;NT;N:Q4.A3..2 2..Q.63 K.Q.5.K .J.T.AJ;♣T ♣Q ♠J;♣2;5
N;NT;N:85.8.Q.6 94.A.A.2 Q.Q.975. .KJ32.6.;;♦Q ♣6;3
N;NT;N:A.A9.7.7 .63.K5.Q 5.KJ..A4 Q64.Q.A.;;♥9 ♥A ♣7 ♠A;5
W;NT;N:4.752..4 J8.9.8.8 .6.T76.3 AK..3.J;♣Q;♣4;1
S;NT;N:3.4.98.J 4.5.JT.K .QJ3.7. AQ..Q.Q;♥K ♣T;♥4;4
S;NT;N:2.72.9.K .Q3..985 8.9.Q.6 .4.JT.7;♣4 ♣J;♣K;3
N;NT;N:Q.J4.2.2 4..T.Q53 T.K.74.K A.T65..6;;♦2 ♣2 ♥4;3
S;NT;N:Q.T.6.52 T.A.942. .4.5.A8 J65...3;♥K ♦T;♥T;1
N;NT;N:.AJ.K98. KT74...7 2.3.A.T9 J.98.T.A;;♦8 ♦9 ♦K ♥J ♥A;5
S;NT;N:JT4...T6 83..K.J3 A.9.7.Q 5.4.J.5;♠K ♣K;♠4 ♠T ♠J;4
S;NT;N:AQ..96.A ..AQ2.42 976.2.. .T7.J.J;♥3 ♣6;♦6 ♦9;4
E;NT;N:.87.42.T .92.7.A .QJ3..Q ..J95.2;♠2 ♠J ♣J;♦2 ♦4 ♥7 ♥8 ♣T;4
S;NT;N:T5.4.2.A 3..AQ.T4 74.T..6 AK.9..K;♥K ♠6;♥4;3
N;NT;N:Q7.2..KQ T.6.AT8. J...AJ84 .93.Q.75;;♠7 ♠Q ♣Q ♣K;5
W;NT;N:3.3.Q.Q2 .T762..7 7..65.T6 8.KQ.J.;♠J;♠3;1
E;NT;N:3.A.85.4 A.2.T7. 6.T4..Q K7.Q..7;♦4 ♣9 ♥J;♦5 ♦8;4
S;NT;N:.A53..KT J92.4..4 7.2..92 A.K..AJ;♠T ♥T;♥3 ♥5 ♥A ♣T ♣K;1
S;NT;N:.65..K84 3.K2.83. 6..Q7.9 .J.9.T6;♠5 ♣J;♣4 ♣8 ♥5 ♥6;4
W;NT;N:A6..5.J5 T9.J5..A .K62.4.8 .8.Q.Q3;♣6;♣5 ♣J;2
S;NT;N:T7.4.J.5 K.A6..94 ..T5.K8 .85.Q3.;♣J ♣3;♣5;3
N;NT;N:A6.J.4.J ..8.AQ87 .4.AT2.5 4.Q87..9;;♠6 ♠A;5
W;NT;N:.95.Q6.6 Q9.T.5.J K5.J.4.9 8.Q.J.3;♦7;♦Q;2
N;NT;N:T4.954.. K6.Q..97 3.J.2.K2 .63.A53.;;♥4 ♥5;2
S;NT;N:.A5.QJ6. 3.2..AT5 Q..T3.4 4.63..K;♥J ♠A;♥5 ♥A;5
E;NT;N:.QJ.Q.J7 A9.8.J. .97.K.T ..5.K43;♥4 ♥6 ♠2;♥J ♥Q;4
W;NT;N:.T52.Q.K 76..AT.7 AQ.43..4 T..K53.;♠K;♥2 ♥5 ♥T ♦Q ♣K;5
N;NT;N:Q2.7.6.8 4.5.JT.5 .4.K9.A4 8.A86..6;;♣8 ♠Q;5
W;NT;N:A.7.QT.A 84.5.53. 2.42.7.J .A.9.65;♣2;♣A;4
S;NT;N:.32.AKQ. A.8.987. 85.74.. KT.Q..2;♣T ♠J;♥2 ♥3 ♦Q ♦K ♦A;1
N;NT;N:..J2.A93 Q.72.4.T 74..75.8 K86.K..6;;♣A ♦2 ♦J;5
S;NT;N:KQJ.J4.. 4.T.75.7 2.8.6.J 5..T9.8;♦J ♣Q;♥4 ♠J ♠Q ♠K ♥J;5
W;NT;N:.T52.5.4 AJ5.A..7 .QJ98..T ..KQ.A5;♦3;♦5;1
W;NT;N:K6..75.8 2.K43..9 .7.A82.K 97.5.K.;♣3;♣8;4
W;NT;N:A7.8.Q.6 43.3.8.8 .96.J52. .72.A4.;♣K;♣6;3
N;NT;N:32.K.3.9 .J94.Q.3 AQ7..9.J 84.7.2.T;;♥K;5
S;NT;N:T.J3..A3 A9..9.QJ 2.7.Q.9 .K6.A.K;♥T ♣T;♥3 ♥J;2
W;NT;N:.Q7.93.7 .T2.6.J9 .K6.74.T .4.KT8.;♠9;♦3 ♦9 ♣7 ♥7 ♥Q;1
S;NT;N:8.Q.4.Q8 .K.73.96 9.A7..4 T4.J.K.;♠A ♣J;♠8;4
E;NT;N:Q.6.J6.2 .4.T4.3 J.K.8.4 K4.9.9.;♥A ♦3 ♣A;♥6;3
N;NT;N:4.QJ.98. 52.2.4.6 .6.Q5.93 .A3.J.J4;;♦8 ♦9 ♥J ♥Q;3
S;NT;N:J6.74..7 T.Q.AJ8. K3..K3. 5.A2.Q.;♣9 ♥6;♣7;3
N;NT;N:9.7.87.9 A86.Q.T. 5.4.Q9.A 74.A6..4;;♦7 ♦8 ♣9;3
W;NT;N:.2.5.J52 4.7.J84. J.6.7.A9 T..K.T8;♦A;♦5;3
S;NT;N:Q2.4.83. A.T6..T4 6..2.KQ 985.7..;♦4 ♥3;♦3;4
S;NT;N:2.74.3.7 .2.J.K63 3.9.A8. 5.J8.4.;♥3 ♦7;♥4 ♥7;3
E;NT;N:.K.A.A32 .JT.3.T 3.8.T.K AJ..K9.;♥7 ♠7 ♦6;♥K;5
W;NT;N:K.62.K.9 .K43.Q4. .T5.T.A3 T.97..4;♦5;♦K;4
W;NT;N:A8.8.K2. 52..T8.3 Q.K64.6. 9.5.7.J;♦3;♦K;5
N;NT;N:9.5.2.J8 .9.74.76 72..9.T2 .6.J6.43;;♣J ♠9;4
N;NT;N:A54..J3. J.3.4.T8 9.7.A9.A 32.T..96;;♠A ♦3 ♦J;5
N;NT;N:.KQ2.Q2. KT6...Q6 Q4.8.J.7 J..K5.K9;;♥Q ♥K;3
S;NT;N:.5.T85.8 A.Q6.6.5 Q5.82.. T.7.K3.;♣3 ♣A;♣8;1
E;NT;N:A852.Q.. Q4.4..7 .K.J.K9 3.63..6;♣4 ♦2 ♥2;♠2 ♠5 ♠8 ♥Q;4
E;NT;N:..J7.543 A3.K..8 T..Q4.6 .A64.K.;♠8 ♠K ♣J;♣3 ♣4 ♣5 ♦7 ♦J;1
E;NT;N:962.2..T 8..96.Q A.A.Q.5 7.8.3.2;♦4 ♣3 ♥J;♠2 ♠6 ♥2 ♠9 ♣T;3
S;NT;N:K.98.K5. .K.3.K83 4..J8.Q 8..T.65;♠6 ♦9;♠K;3
S;NT;N:J9.4.2.K K..AT.92 AT..84. Q5.J.K.;♠8 ♥7;♠9 ♠J;2
S;NT;N:7.K5.Q.A ..KT8.74 A..3.Q3 32..2.9;♣2 ♠5;♣A;5
E;NT;N:A5.53.Q. J.T.K.9 2.A..T7 Q.KQ.6.;♥4 ♠3 ♣K;♥5;5
N;NT;N:.J76.7.2 A96..8.5 .Q4.3.KJ J..Q5.A7;;♥6 ♥7 ♥J;3
S;NT;N:K85.9..5 4..A8.Q9 9.AK..6 A.7..82;♠7 ♦7;♠5 ♠8 ♠K;3
N;NT;N:AK..T.86 J87..Q9. 5.K.J2.5 6.T9.4.K;;♦T ♠K ♠A ♣6 ♣8;3
N;NT;N:.T52..93 J5..AT.J 6.AQ.J2. .86..Q42;;♥2 ♥5 ♥T;2
W;NT;N:.643.K.6 A4.K2..8 .A5.53.Q 87.8.8.;♦6;♦K;3
N;NT;N:4.J5..85 .Q743..3 .T.K5.QJ AT2..T.A;;♣5 ♣8 ♠4;1
S;NT;N:J3..Q7.T 8.JT5.J. .4.6.J8 .K7.8.7;♠5 ♦4;♠J;5
N;NT;N:96.A.Q9. QJ.9.A.9 2.T8.J.8 ..KT.743;;♥A ♦9 ♦Q ♠6 ♠9;1
S;NT;N:A5.5..86 7.KJ6..A Q62.Q.. T9..Q3.;♣J ♠3;♣6 ♣8;1
S;NT;N:852.7..T A4.95..8 J7.4.6. .Q.82.J;♥K ♠T;♥7;1
W;NT;N:A.J8.Q.8 .964.3.4 ..A654.T J5..J.9;♠Q;♠A;5
N;NT;N:T.A..AQ2 J9.4.2.4 ..J9.T98 A3...765;;♣2 ♣Q ♣A ♥A;5
S;NT;N:4..72.93 .T.T5.AK 9.Q7..8 QT7.2..;♥9 ♦8;♣3 ♠4 ♣9;1
N;NT;N:AJ.J5.4. 86.2.6.4 K.8.7.76 7.K3..A2;;♠J ♠A ♦4 ♥5 ♥J;3
N;NT;N:.5.3.T74 K.42.2.K 73..AT.J Q2.9.9.3;;♦3;2
W;NT;N:A8..9.T9 J9..T5.3 63.Q.A.6 Q7.4..7;♠T;♠A;5
S;NT;N:5.KT.T5. 64..3.QJ Q7.3..4 2.A4.Q.;♣6 ♣A;♠5 ♦5 ♦T;2
E;NT;N:A3.2.3.6 .9.Q98. .Q6.A.8 2..5.AQ;♥5 ♠9 ♠J;♥2;3
E;NT;N:QT3..8.8 .A5.2.T 4.6.7.K 8.2.AK.;♦5 ♥7 ♠K;♦8;5
W;NT;N:9.76.K5. K52.K.3. J7.Q.J.7 .A3.Q.5;♦A;♦5;2
N;NT;N:Q65.6.T. K..2.973 T.7.97.T .J.43.K6;;♦T;1
S;NT;N:Q..Q6.72 K.T.95.4 ..J3.T8 653...6;♦8 ♠9;♦Q;5
N;NT;N:72.KT3.. ..T75.82 K85.74.. .A.4.J95;;♠2 ♠7;3
S;NT;N:Q8...T86 KT.K.T.Q 9.6.A.9 .95.64.;♠6 ♥7;♠Q ♠8;1
N;NT;N:6.Q.9.K8 Q5..5.T4 2.53.K6. 4.A82.8.;;♦9 ♣K;3
S;NT;N:..K7.KQ3 73.2..A6 KQ.Q8.. J.74.J.;♥K ♦3;♣3 ♦7 ♣Q ♣K ♦K;5
W;NT;N:9.8.3.A4 74..Q6.6 2.A.9.J2 .95.7.3;♣8;♣4 ♣A;4
S;NT;N:.Q2.9.KQ J3.T..T4 .74.8.2 86..AT.;♣J ♣5;♣Q ♣K;4
W;NT;N:.4.KT.Q3 .K.874.4 A5.AJ3.. ..5.875;♠T;♣3 ♥4 ♣Q ♦T ♦K;5
S;NT;N:9..873.Q 2.4.2.T5 Q.87.J. 3.A9..A;♦5 ♥3;♦3 ♦7 ♦8;3
S;NT;N:4.765..6 T985.9.. K763... .JT2.A.;♦5 ♥K;♥5 ♥6 ♥7 ♠4 ♣6;2
E;NT;N:J..AKQ2. T74..3. Q86...4 5.QT.8.;♣2 ♣6 ♠K;♦2 ♦Q ♦K ♦A;5
E;NT;N:75.73.2. 2.J..A2 J..K9.K Q4.2..7;♣3 ♣9 ♠8;♦2 ♠5 ♠7 ♥3 ♥7;3
W;NT;N:74.3.76. 6..KJ8.4 5.A7.Q3. 2.8..53;♣Q;♠4 ♥3 ♦6 ♦7;2
S;NT;N:97..Q3.7 J3.52.4. 8..AT.2 6..86.3;♣6 ♥K;♣7;3
W;NT;N:A2.T.A.T T..K54.8 J..92.A3 8.8.QJ.;♥4;♥T;5
W;NT;N:.J2.6.K9 985..K.J .A7.Q.63 QJ2...7;♥5;♥2 ♥J;4
S;NT;N:A9...Q52 874.4.4. QJ..9.7 3.AJ5..;♥3 ♣J;♣2 ♣5 ♣Q ♠9 ♠A;4
S;NT;N:K9..K9.A 8.5.Q6.9 .AQ3..5 ..T752.;♠J ♠5;♠9;5
E;NT;N:3.3.J6.3 A9..Q.9 T7..8.2 J8.8.K.;♦9 ♦A ♣4;♦6 ♦J;1
N;NT;N:4..A9.T8 J.QJ.4.7 82.7.T7. 7.AK.Q.6;;♦A ♣8 ♣T;4
W;NT;N:Q.J2.JT. 8.7.54.9 .K.K97.6 9.95..A;♠6;♠Q;5
N;NT;N:.Q98.3.7 8..Q4.98 KQ.3.9.2 A5...654;;♥8 ♥9 ♥Q;3
E;NT;N:2.J.AQ.6 T.82.K. 3.A6..5 4..83.2;♣3 ♥7 ♦5;♣6;5
N;NT;N:.T42.J.T ..T95.42 6.QJ7..8 AT42..3.;;♦J ♣T ♥2 ♥4 ♥T;5
N;NT;N:A..87.T4 87..Q.96 Q.J65.T. J.8.4.J7;;♠A ♦7 ♦8;2
S;NT;N:Q8.QT..2 7.2..KQ5 .63.3.4 T..A5.T;♥A ♣3;♥T ♥Q;4
W;NT;N:.965.T3. KQ85..6. 76.AK.7. .3.J.AQ;♥T;♥5 ♥6 ♥9;2
S;NT;N:T.QT9..Q .AJ8..73 .K4.T.6 5.7.2.A;♠J ♣9;♠T;2
E;NT;N:8..AQT.5 2.8.8.4 A7.J4.. Q96.5..;♦2 ♦4 ♦5;♦T ♦Q ♦A;5
S;NT;N:J5.7.3.T A.T.864. .A43.9. QT..K7.;♣K ♠3;♣T;4
E;NT;N:2.Q9.A.3 74..K4. .82..J6 .T.93.8;♦6 ♥5 ♣2;♦A;5
W;NT;N:KJT6.K.. Q..K8.Q8 A542.7.. .5.4.32;♦6;♠6 ♠T ♠J ♠K ♥K;1
N;NT;N:7.62..T7 .J8.J75. ..KQ32.9 4.97.9.K;;♠7 ♣7 ♣T ♥2 ♥6;2
W;NT;N:..K972.3 T.T.Q.AQ K7.4.A5. .82..95;♦8;♦2 ♦7 ♦9 ♦K;5
N;NT;N:5..43.63 8.Q8.5.4 2.6.Q.AJ .AK7.96.;;♣3 ♣6 ♦3 ♦4;3
W;NT;N:9..J8.K3 8.3..Q72 T.A.A3.T 53.8.4.;♣5;♣K;5
W;NT;N:9.K4.T.3 AJ.2..Q9 ..K52.J8 Q.T.Q7.;♠K;♠9;1
W;NT;N:.QJ6.K2. .98.Q3.4 T52..T6. .7.A5.6;♣9;♥6 ♦2 ♥J ♥Q ♦K;1
E;NT;N:.3..J532 2..T.87 6.4.AJ. K.KQ.9.;♠5 ♥8 ♦3;♣2 ♣3 ♣5 ♥3;1
N;NT;N:2.A3.J2. 43.Q..Q2 K9.T.65. J8.2..KT;;♥A ♠2 ♦2 ♦J;5
N;NT;N:2..J9.94 A.A2.K.6 K7..6.K5 .T3.85.T;;♣4 ♣9;2
S;NT;N:3.AK62.. .T3.AT8. ..Q973. 2...432;♦6 ♠5;♥2 ♥6 ♥K ♥A ♠3;3
N;NT;N:8.Q.42.5 J.6.T.76 5.JT.K.8 72.A5.Q.;;♦2 ♦4 ♥Q;3
W;NT;N:Q.2.4.J7 .T64.6.A AK.K.9.2 T.A.5.9;♥Q;♥2;4
N;NT;N:K2.2.K.Q A.A43.3. QT..Q8.6 63.K..54;;♦K ♣Q;2
S;NT;N:A75.5..J JT963... Q.2.5.4 .4.K.Q9;♦A ♦6;♠5 ♠7 ♣J;4
S;NT;N:93.7..74 .A92.T2. J7.K.4. 6.QJ..8;♦J ♦6;♠3 ♥7 ♣4 ♣7 ♠9;3
W;NT;N:.J2.K.96 ..J9.AK5 Q7.A5.5. 92.3..J;♥Q;♥2 ♥J;4
S;NT;N:.9.3.964 .A2.95.3 KQ..A.T 3.J.6.8;♥T ♣A;♥9;3
S;NT;N:Q8.Q.K.4 AK.3.4.T .K7.2.Q T7..7.J;♥9 ♦J;♥Q;5
S;NT;N:K765..6. .96.KJ.6 A9.Q3.. .4.Q85.;♠4 ♣2;♠5 ♠6 ♠7;5
W;NT;N:753.4..6 K4...K93 A.K.53.A Q62..9.;♣J;♣6;4
N;NT;N:J8.7..52 K3.8.J5. 7..K8.K8 .3.9.T94;;♥7 ♠8 ♠J ♣2 ♣5;2
E;NT;N:65.6.J.3 K.2..T8 8..K6.A 7.AT.5.;♥4 ♠T ♠4;♥6;4
N;NT;N:3.43.9.4 76..5.KT K.2.4.Q5 Q9.T8.8.;;♦9 ♣4;3
W;NT;N:.KT.K5.4 K.J5.A.A 7..T3.J2 Q.Q.7.K;♥7;♥K ♥T;1
N;NT;N:5.KT.K8. K2.6.2.Q .J54..K7 J.Q2..93;;♥K ♦8 ♦K ♠5;3
N;NT;N:.J.K85.6 7.72.9.8 K.94.7.T J3..4.J5;;♦K ♥J;4
N;NT;N:Q3.42.T. K.8.KJ.A 8.T5..QJ J4..2.62;;♥2 ♥4;2
E;NT;N:.63..K75 4.T.Q.Q T.2..J6 52.A.A.;♠Q ♦T ♥9;♣5 ♣7 ♥3 ♥6;2
S;NT;N:..K53.Q4 K85.A..6 Q..4.95 .932..T;♣A ♣K;♣4;5
S;NT;N:8.J4.Q6. 2.A.9.A6 K.97.7. ..T85.8;♣Q ♠Q;♦6 ♥4 ♥J;2
N;NT;N:6.JT7.7. 43...K62 972.64.. AT..83.5;;♥7 ♥T ♥J;3
E;NT;N:.854.QT. 986..9. 4..A.KQ .96.86.;♥2 ♦K ♠K;♥4 ♥5 ♥8;4
N;NT;N:.J97.3.T .6.754.J 7..AQ2.Q AT..J98.;;♥7 ♥9 ♥J;5
S;NT;N:3.K7.A.5 7.4.83.8 9.Q.T4. A5.9.2.;♦5 ♦K;♦A;4
N;NT;N:98..7.94 .K.986.2 J..5.765 3.J62..Q;;♠8 ♠9;1
S;NT;N:3.74..Q2 .2.4.JT7 6..763. K.Q5..4;♥6 ♦2;♥4;4
N;NT;N:8.9.JT.8 .T.K5.A4 5..Q8.32 KQ4.53..;;♦T ♦J ♥9 ♣8;1
S;NT;N:J.A.J.92 .7.K52.Q A.6.8.7 K.K9..6;♦T ♦3;♦J;3
N;NT;N:86.K.A3. T4.5..K9 J7.84.Q. .93..762;;♠6 ♥K ♠8 ♦3 ♦A;5
S;NT;N:QJ.A..K6 .2.52.43 3.74..A 92..Q.2;♠5 ♠T;♠J ♠Q;5
W;NT;N:Q.2.43.K 3..KJ7.Q A.J..985 KT.K3..;♥9;♥2;5
N;NT;N:T3.8.7.9 62.J.K.8 .Q3.65.K 7.T2.82.;;♥8 ♠T ♣9;3
N;NT;N:.4.K95.Q 5.7.T4.4 QJ4..3.A A62...63;;♣Q ♦K;3
S;NT;N:.QT.A83. Q9.K2..7 3..J6.A .J..JT6;♠A ♥3;♥T ♥Q;5
N;NT;N:T9.A.Q.A Q.J.82.Q 3..T5.T3 K6.T..95;;♣A ♥A ♦Q;4
S;NT;N:93.K.9.A .A.75.QJ 6.95.8. T.7.32.;♦A ♠4;♦9;3
S;NT;N:T.7..AJ2 7.62.T.5 .Q84..K ..653.4;♥A ♣7;♥7;5
S;NT;N:642..52. 95.2..K5 .K87..Q .6.KQJ.;♣2 ♣6;♠2 ♠4 ♠6 ♦2 ♦5;1
E;NT;N:.9.K2.A5 AQ..3.K .3.9.Q2 976...4;♦J ♥K ♥T;♦K;5
N;NT;N:T.2..K43 8..976.9 6.9.T8.Q .T6.3.A2;;♠T ♣3 ♣4 ♣K ♥2;2
W;NT;N:T.T6.2.Q Q8.A7.9. 2.9.Q.J3 .83.J.8;♥2;♥6;2
E;NT;N:983.9..2 J7.A.2. Q2.6.7. T6.J.8.;♣3 ♦5 ♣T;♣2;1
S;NT;N:Q7.K.4.4 92.2.3.8 A4..A6. J6...K9;♥J ♥3;♥K;5
W;NT;N:98..95.5 64.T.Q.Q .K.K2.92 .86.A4.;♣6;♣5;2
S;NT;N:754...K6 AQ.8.9.9 ..A7.J5 6..82.8;♦3 ♠8;♠4 ♠5 ♠7 ♣6 ♣K;1
E;NT;N:.QT6.Q.6 8.74.2. 6.2.3.Q 7.A98..;♠5 ♣J ♦K;♥6 ♣6 ♥T ♥Q ♦Q;2
N;NT;N:8.T.84.T Q.K.2.98 K6..T5.Q .9.J7.72;;♠8 ♣T ♦4 ♦8 ♥T;3
S;NT;N:Q..AQ.84 KJ.73.2. 2..JT.5 .T.95.6;♦4 ♣J;♦Q ♦A;4
W;NT;N:74.K..K7 K.6.A3.T 9..T74.J .3.QJ.4;♣3;♣K;3
W;NT;N:4.8.7.62 K5.2.5.9 J3.KQ..Q .96.J.K;♠9;♠4;2
E;NT;N:4.A2..75 ..J74.A J.T5.6. T7.Q.9.;♥J ♠K ♠9;♥A;2
W;NT;N:7.T2..Q5 43.Q..KJ J5.96.6. T9..A.A;♣2;♣5 ♣Q;1
E;NT;N:83.T4..K 7..K4.7 A.5.87. 5.32.3.;♣6 ♣Q ♣2;♣K;5
S;NT;N:K63.4.Q. Q4.7.T5. .8.9.83 .A6.4.5;♣J ♥T;♠3 ♠6 ♥4;5
W;NT;N:.KQJ7.4. .A.8.AT5 Q6..T.62 AT3.T..;♠5;♥7 ♥J ♥Q ♥K ♦4;2
W;NT;N:K8..2.43 J...QT85 74.3.AT. A2.J..2;♠3;♠K;3
S;NT;N:Q97.53.. .T.95.KQ 8.A.A.9 32.6.2.;♦6 ♥8;♠7 ♥3 ♥5 ♠9 ♠Q;2
E;NT;N:.J4.Q.A2 .QT7..7 KQ3..7. .K.2.86;♥6 ♠4 ♠A;♥J;3
E;NT;N:.KT4.5.A .6..652 .J..KQ4 AQ..A8.;♣3 ♥3 ♠7;♣A;4
E;NT;N:.AK.T.Q2 8.J..AJ J4.Q.6. .3.Q.K7;♣6 ♦3 ♥5;♣Q;3
N;NT;N:.953.32. A6.K..K6 Q..T9.A7 .86.Q8.2;;♥3 ♥5 ♥9;2
W;NT;N:5.87..KT .JT.54.A J93.9.9. ..6.Q87;♥5;♥7 ♥8;2
W;NT;N:T6..3.J2 5.QJ9.A. Q9.A4.8. K.3.5.8;♣6;♣J;2
W;NT;N:A.KT2..7 95.7.4.Q J7.6.83. 2.9.Q.5;♣3;♣7;2
W;NT;N:Q..JT7.6 85.A.4.9 2.3..AQJ .96..83;♦5;♦7 ♦T ♦J;5
S;NT;N:2..A95.7 3.AJ.J7. Q.Q..Q5 94.6.T.;♠T ♣9;♠2;4
W;NT;N:852..T.K 9.5.K.T4 .KJ3..73 .62.73.;♦J;♦T;2
S;NT;N:92.4..J2 KJT.3.Q. .Q.J3.7 .K9.7.3;♣4 ♥6;♣2 ♣J;2
S;NT;N:..65.T63 6.J54..Q K.K8..9 A.3.7.A;♦K ♠3;♦5 ♦6;2
S;NT;N:Q.75.3.4 4.2..T96 6.A.A.8 3.J..52;♥K ♠J;♥5 ♥7;4
N;NT;N:6.K65.3. Q.3.AK8. .Q.4.972 .J.96.A5;;♥K;3
E;NT;N:KQ74...8 63...96 J..K8.2 8.A.3.T;♣3 ♣4 ♥4;♣8;5
W;NT;N:.J3.74.A 876.7..9 J4.T.J.K .9.AQ.2;♥4;♥3;4
S;NT;N:AT.J.3.J 2.8.7.K3 98..62. 4..85.T;♥7 ♦9;♥J;3
W;NT;N:9873..J. .Q5.4.JT J.J3..A4 .984.6.;♦Q;♦J;2
S;NT;N:A65.8.7. Q2.T9.2. T8..3.8 K.K..Q5;♥3 ♦J;♥8;1
N;NT;N:Q..Q.J42 K4.65..6 A.J.94.7 8.7.8.85;;♠Q ♦Q ♣J;5
S;NT;N:.T8.T.A7 T4.K.J5. K87..2. .3..QT3;♥A ♠Q;♥8 ♥T;3
S;NT;N:.A.K32.6 .K7.Q5.7 .4.A4.8 94.92..;♣5 ♣3;♣6;4
N;NT;N:J.A6.A2. 8.9.QJ6. A5.2.4.K 32.7..73;;♥A ♠J ♦A;5
W;NT;N:K62.2.7. T8.3..84 J5.AJ.A. Q4..6.5;♦Q;♦7;4
S;NT;N:A6..4.J4 J2.Q9.J. .T8..K3 Q..T2.7;♣T ♥2;♣J;4
N;NT;N:.3.Q73.6 4.T..T87 32..AK.J J.Q2.9.4;;♣6 ♦3 ♦7 ♦Q;3
N;NT;N:J85.9..3 T4.QT..4 Q3.J6.9. .32.873.;;♠5 ♠8;4
S;NT;N:..J9.K94 7.976.A. 98.5..J K3...A2;♣5 ♣7;♣9 ♣K;2
S;NT;N:J8..A.KJ K..Q.A74 A2.AK.. .J.3.T2;♥8 ♦8;♠8 ♠J ♣J ♣K ♦A;5
S;NT;N:Q7.7.6.9 J9..Q.63 A8..AJ. .654..J;♦8 ♦K;♦6;3
N;NT;N:KQ7.5.A. .A7.J3.3 JT2.8..Q 3.QJ..T9;;♠7 ♠Q ♠K ♦A;5
N;NT;N:74..K7.8 K.75.J.5 AJT.K.A. 95..8.T3;;♠4 ♠7 ♦7 ♦K;5
S;NT;N:A.J.3.T5 KQ86.4.. 4.6.T.J 2.3.72.;♣7 ♥8;♣5 ♣T;5
N;NT;N:.AQ..972 4.T.86.3 .76.94.A K..J.Q54;;♥Q ♥A ♣2 ♣7 ♣9;3
S;NT;N:..KQJ94. KT4.KT.. .J.5.A8 AJ.3..3;♦8 ♦2;♦4 ♦9 ♦J ♦Q ♦K;5
E;NT;N:Q.5.4.87 73.3.8. 8.K96.. .8.93.3;♥J ♠6 ♠K;♥5;2
N;NT;N:54..2.KQ T62.J.8. 3.853.Q. K.K.A.T8;;♦2 ♠4 ♠5 ♣Q ♣K;2
N;NT;N:Q6.A.J.T K7.T5.2. .84.6.Q9 .Q63.5.8;;♦J ♣T ♥A;4
N;NT;N:3.K..KQJ 8.63.2.8 2.AQ.J.T K5..75.7;;♣J ♣Q ♣K ♥K;5
W;NT;N:65.QJ6.. .854.2.8 J.7.QJ.Q 93..98.;♥K;♥6 ♥J ♥Q;4
N;NT;N:742..A.6 .Q72.6.J A..43.AQ Q..K85.7;;♣6 ♠2 ♠4 ♠7;5
S;NT;N:Q3..K.T5 A..QJ3.9 8.2.7.3 2.Q3.6.;♦A ♦2;♦K;3
S;NT;N:KT82..J. A.2.T5.J Q3.3.A. 74.95..;♦Q ♣2;♦J;2
W;NT;N:KT..3.95 .K.T.AKJ .8.AQ4.4 J863...;♣2;♣5 ♣9;1
N;NT;N:.K983..J .4.J4.83 85.5.8.9 JT.A6..4;;♣J ♥8 ♥9 ♥K;2
W;NT;N:7.4.8.QJ A.7.KT.2 Q.A.652. 5..A3.9;♥K;♥4;2
S;NT;N:2.9.93.5 .J.AKQ7. 6.6.4.4 .A3.8.Q;♠4 ♦2;♠2;2
N;NT;N:5.J5.AT. .3.Q54.Q A2..2.A6 .Q2.K6.7;;♦A ♠5;5
W;NT;N:J.4.KJ.5 A.QJ..A6 .A7.A32. 3.6.9.Q;♠9;♠J;2
N;NT;N:4.Q3.98. ..QJ.976 2.JT..A3 QJ.87..J;;♥3 ♥Q ♦8 ♦9 ♠4;3
S;NT;N:3..2.653 JT.7.K.7 KQ...KQ .T83.J.;♥2 ♣T;♣3 ♣5 ♣6 ♦2 ♠3;3
S;NT;N:A5..A86. 7..J4.K6 .A54..J .K.3.87;♠K ♣2;♠5;4
W;NT;N:T..52.73 7.Q.Q4.Q KJ.3.7.T Q.9.8.4;♦A;♦2 ♦5;1
S;NT;N:.542.K.2 J84..6.7 A2..J.4 .6.93.5;♥7 ♣6;♥2 ♥4 ♥5;3
S;NT;N:8.5.K.J5 J.A.A.76 Q2.J.3. 9.7..84;♦4 ♠A;♦K;3
N;NT;N:85.T5..4 ..A742.7 J.K.T83. 4.3.65.3;;♣4 ♥5 ♥T ♠5 ♠8;3
S;NT;N:AJ3..7.Q .A52.5.9 .Q6.Q4. K.7.A9.;♣7 ♣8;♣Q;4
W;NT;N:86.3..QJ J3..6.KT Q.AQ5.5. 5.K..93;♠7;♠6 ♠8;4
W;NT;N:4.6.Q.KT 95.5.A.8 K...AQJ7 2.9.T.2;♥A;♥6;2
S;NT;N:.T7.T75. 7.2.A4.2 Q..3.KQ A..K.J9;♥9 ♣A;♥T ♥7;3
E;NT;N:T4.3..T5 7..Q6.2 Q6..A.4 A..J.83;♠5 ♣7 ♦3;♠T;4
W;NT;N:T4..K.KT 5..JT3.7 KQ.AK..6 .73..A3;♦4;♦K;5
S;NT;N:J.6.973. 9.2.6.63 .85.AT. 75...Q8;♠4 ♦5;♠J;5
E;NT;N:J..K.QJ4 4..76.3 T8..3.5 9.62.5.;♠6 ♦9 ♣6;♠J;5
E;NT;N:AJ..K75. 7..T62. T.A8..J 64.J6..;♥Q ♠9 ♦9;♦5 ♦7 ♠J ♠A;3
N;NT;N:.3.AK.95 .QJ54..J 83.72.4. 42.T..AK;;♦K ♦A;2
S;NT;N:.53.J.A9 72.T.T9. Q..2.85 T3.7.8.;♥4 ♦6;♥3 ♥5;3
E;NT;N:AJ63.3.. T..KQ.8 KQ...A2 .AT9.3.;♦J ♠2 ♣3;♠3 ♠6 ♥3 ♠J ♠A;2
S;NT;N:.AT76..6 T.85.J.A K..A.T5 J3..94.;♠6 ♥Q;♥6 ♥7 ♥T ♥A ♣6;3
E;NT;N:A.76.T.A T.J5.7. 6.Q.9.5 7.8..32;♥4 ♥9 ♠4;♥6 ♥7;5
S;NT;N:4..74.A2 9.T73.T. .K6.Q5. 82.5..8;♥8 ♥Q;♣2 ♦4 ♦7 ♠4;3
W;NT;N:4.A7..K2 65.6.5.4 .T5.J.J9 K..74.Q;♠J;♠4;3
W;NT;N:.2.T65.3 Q.4.98.T .A53.J2. ..7.QJ2;♠2;♥2 ♦5 ♦6 ♣3 ♦T;1
W;NT;N:T7.3.T.6 ..84.KQ9 J.Q7..A2 .54.53.;♥T;♥3;4
N;NT;N:.A2.3.Q7 .6.K8.A3 8.9.64.5 J.KQ.T7.;;♣7 ♣Q ♥A ♦3;1
E;NT;N:K3.4..K7 2.Q3.T. .92..53 ..AQ97.;♣2 ♣A ♥8;♣7 ♣K;4
N;NT;N:T.KJ.53. .65.J6.9 5.2.2.K8 94.4.7.6;;♥J ♥K ♦3 ♦5 ♠T;3
S;NT;N:JT.97.8. 2..96.A7 .K.K.Q5 65.JT..;♥5 ♠Q;♥7 ♥9;5
S;NT;N:..A7.T74 6.3.9.AK Q.975.. 9.T6.J.;♣6 ♠T;♣4 ♣7 ♣T;2
S;NT;N:J.A5..Q2 9..75.K4 Q3..3.8 A6.K..J;♥J ♣T;♥5 ♥A;1
W;NT;N:K.J2.Q.8 .3.63.KQ T.5.A.73 86.A.5.;♥Q;♥2 ♥J;2
W;NT;N:.KJ.Q7.Q .97.KT.8 7652..5. A9...J4;♣6;♣Q;3
S;NT;N:.5.Q9.97 K..A72.5 3..J4.4 J.J2.5.;♦K ♥T;♦9 ♦Q;3
W;NT;N:AJ.83..Q 43.J6.6. 62..7.A6 .Q5.A3.;♣4;♣Q;4
W;NT;N:6.QJ.8.7 Q.843..Q 54..J3.8 .62.92.;♣A;♣7;3
W;NT;N:2.8.2.T4 5.3.AK7. A..84.A6 83...32;♠9;♠2;4
S;NT;N:.86.2.T3 Q3.J9..7 752.2.. J8.K.K.;♣2 ♠6;♣T;2
W;NT;N:K2.6..J4 .Q3.T7.Q .9.Q52.7 Q8...T5;♠5;♠K;2
N;NT;N:K4.3.9.Q .KJ.K32. 9.4.A.52 7.6.5.T3;;♦9 ♠4 ♠K ♣Q;4
S;NT;N:T6..K6.5 9.A9.7.7 A.J.T.3 J4..4.6;♣4 ♠K;♣5;2
S;NT;N:Q7.J..82 6.Q54..6 .K9.43. 8.7.A9.;♠A ♥2;♠7 ♠Q;3
N;NT;N:92.9..T7 .J.85.Q3 64.K42.. .3.74.A8;;♥9 ♠2 ♠9;5
S;NT;N:Q97..6.T .K2.Q.K9 J.A3.9. .9.A3.A;♥T ♦T;♠7 ♠9 ♠Q ♦6 ♣T;1
N;NT;N:8.63.82. .82.95.5 Q7..T.K4 95.J.3.7;;♦2 ♦8 ♥3 ♥6 ♠8;4
S;NT;N:Q.A6..93 J.82..J2 ..T94.5 96.3.6.;♠5 ♥T;♠Q;3
N;NT;N:75.K3..8 3.T2.6.6 A9.J..QJ ..AQ84.K;;♠5 ♠7 ♥3 ♥K;3
N;NT;N:8.3.AK6. 4.J.73.5 2.5.J.A6 T7.6.2.9;;♦6 ♦K ♦A;3
W;NT;N:84.8.5.K T9..K.Q4 6.J..A65 ..AJ2.J;♣7;♣K;4
E;NT;N:K74.6..8 9..A6.2 A.5..AJ 2.A.J.5;♥7 ♦9 ♥9;♥6;1
S;NT;N:K..AJ.AJ 87.82.T. 4.97..Q .65.82.;♣6 ♥T;♣J ♣A;5
W;NT;N:Q4.A.Q.8 63.4..A6 9.JT.2.9 7.8.J.2;♥2;♥A;5
N;NT;N:Q3.3..T8 .K95..53 A9.J4.3. KT.7.T.9;;♣T;4
E;NT;N:T3..A95. 54.8.3. KQ.9..3 .Q2..T9;♠9 ♠7 ♣4;♠T;5
S;NT;N:.AKT.9.6 T.Q6.6.2 A5..7.9 6.54.K.;♠8 ♣T;♥T ♥K ♥A ♦9 ♣6;3
N;NT;N:74..Q2.8 .9.7.Q93 A6.5.5.K J..AT.A5;;♠4 ♠7;2
S;NT;N:K4.Q7.5. 2.KT.T.2 Q.3..84 .94.92.;♦K ♣5;♦5;5
S;NT;N:4.87.5.6 K.4.A.85 Q.5.3.J 7..6.93;♣T ♦T;♣6;4
W;NT;N:4.J2..98 K6.T4.6. .Q.3.A62 Q..T52.;♣5;♣8 ♣9;4
W;NT;N:A6.9..T3 73.6.3.6 JT.5.Q2. 9..6.Q2;♠Q;♠A;5
S;NT;N:4..7.Q97 Q5.5.5.6 8.64.8. A.A9..3;♥3 ♣T;♣7 ♣9 ♠4 ♣Q ♦7;1
N;NT;N:.42.JT6. K6.J7.3. 92.K5.2. J..K9.Q6;;♦T ♦J ♥2 ♥4;1
S;NT;N:2.8.T.K9 K.54..J4 85.2..6 .7.94.3;♣7 ♦A;♣K ♣9;3
W;NT;N:K.J.53.Q T..K2.A4 Q.Q4..J6 ..AT.98;♣2;♣Q;2
E;NT;N:4.J8.8.5 K..7.K7 73.T.T. .974.3.;♥A ♥6 ♦6;♥8 ♥J;1
S;NT;N:J8.AK..5 A3..AQ.T K6..K.K Q..5.83;♦2 ♦7;♣5 ♠8 ♠J ♥K ♥A;2
W;NT;N:Q73.T.K. T.7.T.K5 K.A4.Q4. A.Q.A.9;♣3;♠3 ♠7 ♠Q ♥T ♦K;1
N;NT;N:95.96.A. .AT5..76 .Q.KJ7.3 Q8..T.A9;;♦A ♠5 ♠9;1
E;NT;N:JT5.Q.2. .6.73.6 8.93..7 .J..T83;♠6 ♦4 ♠3;♠T ♠J;4
N;NT;N:.87.92.6 .Q3.A87. T.A9..53 82...KJT;;♥7 ♥8;3
E;NT;N:3.A6..J6 65.9.8. .2..952 Q8...T7;♣Q ♥K ♦A;♣6;1
S;NT;N:5..AJ4.Q K.J5.97. .Q9..96 T.43.3.;♥A ♣2;♦4 ♠5 ♦J ♦A ♣Q;5
S;NT;N:AQ.AQ..Q 5..AJ82. .82.Q.T 2.T.T9.;♥5 ♦5;♥Q ♥A;5
N;NT;N:.9.K87.7 J4.A2..9 9.8.A.KT T.K.6.Q5;;♦7 ♦8 ♦K ♣7;2
E;NT;N:7..Q5.76 53...53 K8.73.. A..AJ.9;♦6 ♠T ♦8;♦Q;1
S;NT;N:K32.3..T ..QJ9.AJ 65.Q2.. 7..4.53;♥7 ♦K;♥3;5
S;NT;N:4..J4.K9 J7...843 3.72.3. .A.A.T7;♦6 ♥4;♦4 ♦J;3
N;NT;N:Q..K97.4 4.AJ.A.5 63.Q.Q2. J.K3.5.Q;;♦7 ♦9 ♦K ♠Q ♣4;1
E;NT;N:.J.JT9.Q .T4..96 ..86.A2 J32.7..;♣K ♥6 ♠T;♣Q;4
E;NT;N:A.63..Q2 4..2.63 2.J92.. K..QJ.4;♥7 ♠8 ♥Q;♥3 ♥6;2
N;NT;N:.8.J.KJ3 AT3.5.4. J.A.A.52 9.JT..T9;;♦J ♥8 ♣J ♣K;5
W;NT;N:.J.J7.K4 852..2.5 63.T7.Q. A.4..T3;♣6;♣K;4
W;NT;N:4.A9..A2 5.8.K.75 J..Q9.63 .K7..K4;♠6;♠4;3
E;NT;N:3.2.Q.Q4 86.9..A 4.J..KT K.Q.T.9;♦4 ♠9 ♠T;♦Q;1
S;NT;N:.A6.J.K4 4.KT.75. K.J.9.Q .5..J63;♣8 ♥4;♣4 ♣K;5
N;NT;N:K.3..J54 84.2..93 QJ7.7.6. 3.KJ6..Q;;♠K ♣4 ♣5 ♣J ♥3;1
W;NT;N:53.2.73. K84..A5. 6.874.2. QJ..T.5;♥3;♥2;3
N;NT;N:K5.T4.2. 7..T.AK5 64.K.6.6 Q.Q76..8;;♠K ♥4 ♥T;3
E;NT;N:8.64..83 .A.T92. ..AQ6.Q 3.Q..T9;♦4 ♠4 ♠2;♥4 ♥6 ♣3 ♣8 ♠8;3
W;NT;N:93.6.T.8 A742..A. 86.T.K.9 .KQ.6.7;♥8;♥6;3
W;NT;N:85..KJ.9 .T.AT.32 T.2.Q2.A 6..8.K8;♥7;♠5 ♣9 ♠8 ♦J ♦K;2
W;NT;N:7.A74..K 8.Q8.5.5 .T9..J94 4..A.73;♦T;♥4 ♥7 ♠7 ♣K;2
W;NT;N:.98.K75. Q92.4..J 75.32..7 ..42.54;♥6;♥8 ♥9;5
W;NT;N:Q.AT.4.4 83.63..T 9.7..Q96 A5..6.3;♦8;♦4;1
W;NT;N:Q.Q4.Q5. T5.7.2.A A2.3..J4 .K.K4.7;♥8;♥Q;2
N;NT;N:..AQ.QJ5 72..87.4 J.75.T.K A..J94.T;;♣5 ♣J ♣Q ♦Q ♦A;5
S;NT;N:Q65..8.4 2.J3.2.Q A.QT7.. J..95.A;♣9 ♣2;♣4;1
E;NT;N:73.A.2.Q AJ.4..A ..T64.3 T.QJ7..;♣J ♥2 ♥3;♣Q;5
E;NT;N:2.8.3.JT 74..7.7 KJ...K5 Q8.63..;♣8 ♦T ♠T;♣T ♣J;5
N;NT;N:A.3.85.8 93.T.6.T T2.8.4.Q 7.7.2.A3;;♦8 ♠A;3
S;NT;N:3.KT7.Q. 4.J4.4.4 6.5.6.5 J9..T2.;♦8 ♣9;♦Q;2
W;NT;N:Q.AQ.J.3 5.2.32.K J2.3..AT 3.K..85;♦A;♦J;4
E;NT;N:4.A9..87 82.3.Q. .54.4.3 .6.J.A6;♠6 ♣J ♦8;♠4;1
N;NT;N:5.J..Q52 T..AJ2.9 K.8.T.64 J.T6.8.A;;♠5 ♥J;2
S;NT;N:..64.Q87 J.64..95 ..A.A32 Q2..T.T;♥J ♥2;♣7 ♣8 ♦4 ♦6;5
E;NT;N:QJ62.6.. T...Q95 ..T94.7 7.T2.Q.;♣2 ♥7 ♣4;♠2 ♠6 ♠J ♠Q ♥6;1
N;NT;N:.J.A6.82 K.Q2.3.4 5.3.85.J .765.Q2.;;♣2 ♣8;4
E;NT;N:Q.J.Q.KJ .T.42.4 43.3..5 6.5.96.;♣6 ♥9 ♣8;♣J ♣K;5
S;NT;N:.93.J.63 95..87.9 .8.65.Q J.5.KQ.;♥6 ♣4;♥3;4
W;NT;N:A3..62.K K4.2.5.2 J.83..43 ..T4.Q7;♦8;♦2 ♦6;2
N;NT;N:K5.J..62 9.8.J3.A T4.K.5.4 8.AQ7..9;;♠5 ♠K;2
W;NT;N:Q8.Q8..A 4..6.K82 AT6.J.5. .2.A9.J;♥7;♥8 ♥Q;5
N;NT;N:8.AKJ..2 ..J942.4 763.T9.. A42...A6;;♥J ♥K ♥A;3
W;NT;N:A.A.A5.3 .32.Q.95 765..KJ. T.T6..6;♠9;♠A;4
S;NT;N:8..J2.K4 T7...987 A4.A..5 .Q.86.A;♠2 ♠Q;♠8;2
N;NT;N:A9.J.J.6 2.Q..QJ3 3..92.74 Q.K.Q6.5;;♠A;2
E;NT;N:3..A.Q85 6.A.9.4 5.5..96 7.42.Q.;♦K ♥T ♦J;♦A;4
E;NT;N:.Q72.8.J A..A3.7 .J.5.T4 KT...Q6;♥T ♣A ♥9;♥Q;2
S;NT;N:.T.A863. Q76.AK.. A.8..A6 .54.QT.;♦5 ♥3;♦3;4
N;NT;N:.5.Q32.4 J.AQ.64. .3..AJ83 Q73..A.T;;♣4;4
N;NT;N:K.A.94.K .2.Q83.3 73..A2.2 Q8..K.76;;♦4 ♦9 ♥A ♣K ♠K;4
S;NT;N:Q.7.J8.8 T9.5.A.6 J8...92 42..K7.;♦Q ♥9;♦8 ♦J;4
S;NT;N:T.AJT..A ..85.KT5 .2.6.Q7 5.9.Q.2;♣8 ♠A;♣A;5
W;NT;N:.87.Q7.K AJ5.Q.9. 6.92.KT. .A.A3.8;♣7;♣K;2
N;NT;N:.4.972.2 T8.8.4.J .52.8.98 Q53.7..Q;;♦9;3
W;NT;N:AJ7.5.6. .6.7.J54 Q.8.A.Q2 2...KT7;♦2;♦6;5
S;NT;N:A.T3..76 5.98.T8. J.65..4 ..96.JT;♠7 ♠K;♠A;2
W;NT;N:7.9.85.T J.72.T7. .T64.96. 986...4;♦4;♦8 ♦5;3
W;NT;N:AK2..Q6. 8.53..A8 6.Q8.83. J.T9.5.;♥2;♠2 ♦6 ♠K ♠A ♦Q;5
N;NT;N:A.T6..42 J2.Q7.7. .K542..3 K..52.95;;♥6 ♥T;3
N;NT;N:..J752.T 6.J.K.AJ 8.K54.3. 75.2..KQ;;♦2 ♦5 ♦7 ♦J ♣T;2
W;NT;N:A6..KT6. Q..Q5.54 8.QT..KJ .85.8.T;♦7;♦K ♦T ♦6;4
W;NT;N:5.A9..92 T.62.Q.K 64.4.8.4 .Q.2.J8;♦5;♣2 ♠5 ♣9;2
S;NT;N:6.T.K6.3 93.83..6 .A.2.T9 Q.J2..5;♣J ♦J;♣3;5
W;NT;N:9.T7.J8. .9.6.Q92 A.5.T5.4 KT3.4..;♠8;♠9;5
S;NT;N:J.7.4.73 T6.T.KQ. 8.5..T8 5.9.5.6;♠K ♦A;♠J;3
S;NT;N:.A7.Q84. J..AJ53. .9..972 87.8..J;♣8 ♣3;♦4 ♦8 ♦Q;3
E;NT;N:T9.6.7.J 5..J.87 .7.T.Q2 A.A..KT;♣3 ♦2 ♦3;♣J;2
S;NT;N:3.3..KJ4 6.4..T98 2.2..Q7 ..T872.;♠7 ♥6;♠3;5
S;NT;N:.854.K.K K3..8.AQ T..63.J A8.Q2..;♥J ♣4;♥4 ♥5 ♥8;2
W;NT;N:..Q.Q642 J.7.T53. 9.A.98.T KQ.Q.6.;♥3;♣2 ♣4 ♣6 ♣Q ♦Q;5
S;NT;N:8.4.A4.Q .AQ.K.KJ .K8.Q.7 ..63.93;♥2 ♥J;♥4;1
S;NT;N:K6.7.3.3 ..T9762. JT4.8.. Q...A62;♣K ♣Q;♣3;5
E;NT;N:7.4.8.T9 K2...AK J.T.95. .AQ6..4;♣7 ♠5 ♦J;♣9 ♣T;3
E;NT;N:95.3.Q6. J6.J2.. 7..JT.5 .96.7.K;♦5 ♣9 ♠2;♦Q;3
W;NT;N:..KJ83.J KT6.Q5.. A85..Q2. .J.6.A9;♣7;♣J;5
E;NT;N:9.32.A3. K.J4..A 4.7.T.K ..2.642;♠5 ♦4 ♦9;♠9;3
S;NT;N:.K52.7.K K6.J3.8. .9.4.A7 Q.Q.9.9;♠8 ♣T;♥2 ♥5 ♦7;2
E;NT;N:2..K2.A9 A5..5.2 Q..T.Q5 K..J4.8;♦Q ♠T ♥J;♦K;3
E;NT;N:Q4.5.4.4 J93...7 85..T3. 2.92..5;♣8 ♣A ♥K;♣4;4
S;NT;N:.5.543.J 9.2.A9.2 .A.Q6.9 QJ.J..6;♣5 ♣T;♣J;3
E;NT;N:A.J6.T.K 6..8.A2 .7.Q3.4 9..2.73;♣6 ♣8 ♦9;♣K;5
E;NT;N:.J72.K.5 6..843. T8.K.T. 5.8.AQ.;♥9 ♣A ♦9;♥J;5
N;NT;N:KJ73.3.. .J9.862. .A..KT85 6.54..Q4;;♠7 ♠J ♠K;5
N;NT;N:7.7.876. K.4..T97 A5.K2..4 ..KT53.5;;♠7 ♥7;4
W;NT;N:AQ3..3.8 K.4.6.J5 7.T7..K9 9.K5..A;♥J;♠3 ♦3 ♠Q ♣8;1
S;NT;N:J..K5.A8 52.5..K2 A.K.96. K..Q3.4;♣T ♣Q;♣A;5
N;NT;N:K2.K.K9. 3..QJ6.J 4.Q76.5. JT..T.QT;;♦K ♠K ♥K;3
W;NT;N:7..K75.3 J3.3..75 9..8.AKT QT..2.4;♥4;♦5 ♦7 ♣3 ♠7 ♦K;2
W;NT;N:K6.9..K8 8..Q6.J6 .Q3.J9.2 .J6.8.9;♥K;♥9;3
E;NT;N:J63..K9. Q.T.5.K 7..6.J8 ..QT2.A;♣Q ♥7 ♣9;♠3 ♠6 ♠J ♦9;1
E;NT;N:63.T.T.8 K5...43 Q9..8.6 .5.QJ.5;♣A ♦2 ♥3;♣8;2
N;NT;N:Q4.3.8.8 76.8..T2 ..Q95.A3 KJ..4.94;;♣8 ♦8;4
E;NT;N:Q4.Q.Q.5 8..83.T T.K.9.3 .95.A.9;♦J ♠K ♣8;♦Q;4
W;NT;N:.AQ.QJ6. J.J9.4.4 7.8.AK.8 Q3.76..;♣2;♦6 ♦J ♦Q ♥Q ♥A;5
W;NT;N:9.9.98.4 2.T3.6.2 .5.J.J83 7.K82..;♥4;♥9;1
S;NT;N:97.2.T.5 3.9.K95. .3.A.86 .7.J7.Q;♣K ♥A;♣5;3
N;NT;N:.A.3.542 AK2..6.7 J..T4.QJ 3.K83.5.;;♥A;5
W;NT;N:..Q2.987 3.T.KJ.K J.7.6.J3 A.Q4..6;♠T;♦2 ♣7 ♣8 ♣9 ♦Q;1
E;NT;N:KQ.96..9 .82.7.Q 754.Q.. 3.J.A5.;♠8 ♥7 ♣2;♠Q ♠K;5
N;NT;N:5..T.QT4 .QT..AK7 8.74.7.9 J.K5.32.;;♦T;1
S;NT;N:.J4.AJ.K J.T.2.73 KQ.K..9 .Q9.7.J;♠A ♣T;♥4 ♥J ♦J ♦A;5
E;NT;N:7..QJ.J6 A.K8..4 5.4.2.5 .J9.T4.;♣8 ♣2 ♠8;♣J;4
E;NT;N:KQ.3.T.7 7.Q6..9 T.82..3 84..76.;♠A ♣5 ♥K;♠Q ♠K;2
W;NT;N:T..2.QT4 .62.3.52 4.97.94. AK.3..6;♥K;♣4 ♦2 ♣T ♣Q ♠T;2
W;NT;N:T.953.5. 7.6.8.A2 Q3.7..Q4 .8.AQ4.;♦J;♦5;1
N;NT;N:8.A.J.T4 A..K63.2 Q..8.765 .73.T5.A;;♥A;1
E;NT;N:K..Q3.KT 3.9.T6. QT9.J.. 8.8..J8;♣2 ♣7 ♥5;♣T ♣K;4
W;NT;N:JT7.J8.. 6.A4..64 5.7.A72. K2.K..A;♠9;♠T ♠J;2
S;NT;N:2.T..A84 95.Q9.8. KQ..53. T7..T.3;♥J ♥6;♥T;2
W;NT;N:T.A.Q7.J 5.5.J.KT 932.T3.. .K72..8;♥8;♥A;4
S;NT;N:3.82.8.3 .QJT5..4 K.64.7. 9.9..QT;♦A ♠T;♦8;3
E;NT;N:2..AKQ.5 6.Q..T3 T.532.. .9.6.62;♣4 ♣K ♠5;♣5;2
S;NT;N:52.54..Q A..J94.8 Q..AK.6 .Q87..A;♣T ♠7;♣Q;3
N;NT;N:5.6.73.T 93.92..7 8.AT3..4 42.Q.T.5;;♣T ♥6;4
N;NT;N:.KJ.7.T3 K6.76.2. .AT.KQ4. 954.8..6;;♥J ♥K ♦7 ♣T;5
N;NT;N:Q3.2..T9 9.87.T2. .K43.84. 74.A.J.6;;♠Q ♥2 ♣9 ♣T;3
N;NT;N:3.T8.3.Q 95.J7.8. Q..76.T4 .Q9..632;;♣Q;3
E;NT;N:A.A3.6.K 92..92. Q..AK.4 5.K5..A;♦Q ♣T ♣8;♦6;2
N;NT;N:.9.53.T4 4.K7.2.K A5.Q.Q.A T.A2.8.2;;♣4 ♣T ♦3 ♦5;4
S;NT;N:.3.AQ.J5 Q.2.42.8 T.6.6.9 5.9.9.K;♦5 ♦K;♦A;2
N;NT;N:J3.5.63. 95.7.7.5 6..J2.QJ .QJ3..82;;♦3 ♦6 ♠J;5
N;NT;N:3..72.Q9 .A.A8.J4 .9753..2 AJ7..Q6.;;♣Q;1
N;NT;N:A32.4..4 6.K.9.75 KQ.97.2. 94.A8..K;;♠2 ♠3;3
N;NT;N:7.K5.2.J .A2.Q5.4 K.6..T82 .Q.AT4.7;;♣J;4
S;NT;N:J72...AT Q9..K8.9 A..AJ.5 .86.Q9.;♣7 ♥J;♣T ♣A;4
W;NT;N:.3.AK.82 .2.J.Q97 5.Q.2.J4 .85.8.3;♠2;♣2 ♥3 ♣8 ♦K ♦A;4
S;NT;N:A..Q62.2 2.K.A7.7 .9.J.T9 J.2.8.Q;♠K ♣4;♠A;1
W;NT;N:JT4.Q..2 .J762..3 .93.4.A5 A.5.T.J;♣Q;♣2;2
S;NT;N:5.7.73.J Q6...KQ9 J.K9..6 2.6.2.7;♦T ♥A;♦3 ♦7;3
N;NT;N:52.K72.. 43..42.2 8.6.KQ.3 .94.7.J7;;♠2 ♠5;5
W;NT;N:A.AQ3..Q 5.KT.5.T ..J986.6 62..3.9;♠9;♠A;4
N;NT;N:.J865.4. T.A.3.Q2 Q.K7.9.K A.3.J7.T;;♥5 ♥6 ♥8 ♥J ♦4;1
N;NT;N:5.K.K.Q6 73.T.6.J 98..3.T8 Q.3.J.A4;;♠5 ♥K ♦K ♣Q;3
S;NT;N:5.T3..J8 KJ2.4.T. 7..5.T6 .8.K.Q7;♦A ♠8;♥3 ♠5;3
N;NT;N:K.A6.93. .4.Q2.43 Q.K95..Q 532.7..6;;♥6 ♥A ♠K;5
E;NT;N:97..9.J2 4.42..6 6..J3.4 53.3..K;♦Q ♣Q ♦T;♦9;1
N;NT;N:5.Q2..Q7 T.A6.K.2 Q73..92. A.43.3.5;;♣7 ♣Q;2
S;NT;N:A.K.J5.2 3.76.K.3 9..73.7 76.A..8;♦Q ♦8;♦5 ♦J;2
W;NT;N:9.3.86.J .A64.2.3 .T95.A.2 .2.9.74;♠3;♠9;4
W;NT;N:32...AT7 94.A4.2. 7..Q95.Q .72.T.2;♣5;♣7 ♣T;4
W;NT;N:.4.T.KJ9 4..K5.43 T73.K..5 8.Q7..6;♥T;♥4;5
N;NT;N:Q..A87.A 9.KJ6..5 .AQ7.T9. KJ..42.4;;♣A ♦7 ♦8;5
S;NT;N:T..AK7.9 K85.K.Q. 9.T3.4. A.65..6;♥7 ♦6;♦7 ♦K ♦A ♠T;3
S;NT;N:A853.A.. .832.AK. 2...A96 94..T.5;♥T ♥7;♥A;2
E;NT;N:32.KQ.6. A..T3.4 Q76...8 JT.J.2.;♥5 ♠4 ♠K;♥Q ♥K;2
N;NT;N:.Q.K2.87 6.3.75.2 QJ2.K.6. T4.4..A4;;♥Q ♦K;5
S;NT;N:QJ.T.A.3 K.97.9.4 84..Q.2 .J3.J5.;♥4 ♥K;♥T;1
S;NT;N:A76.Q6.. .J2.J.AT .A7..92 ..Q93.7;♥K ♦7;♥6;5
N;NT;N:J6.6.A5. A8..7.52 9.A.Q2.J .Q.643.4;;♦5 ♦A ♥6 ♠6;4
E;NT;N:.9.T74.K 8.2.J.8 K.AT..6 2.84..5;♠T ♦Q ♠Q;♦4 ♦7 ♦T;4
N;NT;N:6.54.J.A 953..9.9 .A9.Q.T2 2.T.T6.K;;♣A ♦J ♥4 ♥5;5
E;NT;N:.86.A43. 96.J.7. J..6.Q5 A.K7.8.;♦J ♦2 ♣7;♦A ♦3 ♦4;1
S;NT;N:.AQ4.5.6 AJ..82.2 .9.6.J9 K.3.T4.;♣T ♣7;♣6;5
W;NT;N:.T9.K.95 8..75.Q4 96.KJ7.. K5...KT;♥3;♥9 ♥T;4
E;NT;N:82.A7.Q. T..AK2. K4.K.7. Q97...J;♣T ♣3 ♣Q;♠2 ♠8 ♦Q;3
N;NT;N:K.4.J.J2 2.J2.65. 94.7.Q8. T3..A.76;;♦J ♠K ♥4 ♣J ♣2;2
W;NT;N:9..J9.A2 .AJ8.4.4 A.5.T7.3 85..65.;♣6;♣A;5
S;NT;N:4.K6.A.5 .AJ.T9.K .9.Q7.3 5.5.K.6;♠A ♥2;♠4;3
N;NT;N:.AK8.9.2 K43..Q.K .43.K.74 T..8.AQJ;;♦9 ♥8 ♥K ♥A;4
N;NT;N:Q94..J.A 2.Q7.K3. T8..T6.Q A.64.7.6;;♠4 ♠9 ♠Q ♦J ♣A;1
W;NT;N:6.Q.A2.T 9..63.76 AQ.54..3 4.A.T.2;♥T;♥Q;5
W;NT;N:3.KJ9..7 8.82.8.4 62..T2.9 .T.K9.8;♥A;♥9 ♥J ♥K;2
E;NT;N:6.A.T9.4 8..J4.3 ..AQ3.2 T.92..5;♣K ♣T ♥K;♣4;2
E;NT;N:43.4.83. Q..T42. ..K976. .J2.A5.;♣6 ♣9 ♣J;♦3 ♥4 ♦8 ♠3 ♠4;1
N;NT;N:7.5.AJ.3 K8.8.6.2 A93..KQ. .9763..4;;♦J ♦A ♠7;5
N;NT;N:5.73.9.Q .Q.A85.6 A.T86..7 32.2.2.T;;♣Q ♠5;2
E;NT;N:.3.J43.9 A.T..65 .9.62.Q 97.2.A.;♠J ♥J ♥Q;♦3 ♦4 ♦J ♣9 ♥3;1
W;NT;N:92...Q32 A...AK95 6..97.87 7.7.Q.J;♠J;♠2;2
S;NT;N:T.J84.5. .Q.T.J53 Q.6..74 .2.7.QT;♠6 ♠2;♠T;1
S;NT;N:.KQ.K2.9 J.T76.4. 2.9..J7 Q83...8;♦9 ♠T;♦K ♦2;5
S;NT;N:62.Q..75 Q.4.J9.2 4.J..QT .7.A4.6;♣A ♠8;♣5 ♣7;4
E;NT;N:K.2.A2.9 2.Q64.. 3.7.J7. 85.J..K;♦8 ♦T ♦5;♦A;4
S;NT;N:..Q2.KJ7 KJT.3.T. 9.A2..Q 5.J9.8.;♦K ♥7;♦2 ♦Q;5
S;NT;N:KT43...K .A.T3.85 .Q..974 86..A4.;♥J ♥7;♠3 ♠4 ♠T ♠K ♣K;2
W;NT;N:32..Q75. J5.6..98 A.T5.2.K .A2..QJ;♣7;♠2 ♠3;5
N;NT;N:7.92.9.5 .4.T84.T A.T7.K5. 8.3.Q6.A;;♥2 ♥9 ♣5 ♠7 ♦9;4
W;NT;N:.32.AT.A .Q4.32.9 T2..Q6.Q ...J852;♦8;♦T ♦A;5
N;NT;N:3.A.54.K 7.4.J.J4 .K9.Q7.6 2..K9.A9;;♥A;1
S;NT;N:765...87 4.Q.QT.T .87.7.A 3.5.9.5;♦2 ♠J;♠5 ♠6 ♠7 ♣7 ♣8;2
E;NT;N:9.AJ83.. T.2.Q.2 74...86 Q..T.T4;♦3 ♠2 ♠3;♥3 ♥8 ♥J ♥A ♠9;1
N;NT;N:T.943.3. ..AT6.98 6.A6..J5 54.QT.8.;;♠T ♥3 ♥4 ♥9;3
E;NT;N:3.T.4.Q7 T..A6.8 Q.KQ..6 AK...43;♥9 ♠6 ♦8;♥T;3
W;NT;N:63.43..7 .KQ8.85. T42.A.K. .J72.7.;♦6;♥3 ♥4 ♠3 ♠6 ♣7;5
N;NT;N:T4.T.Q.6 .J93.4.5 932.4..K .7.K98.9;;♣6 ♠4 ♠T;4
E;NT;N:Q.K32..4 .6.QJ.2 6.Q.7.7 .A9.86.;♠K ♣6 ♣5;♠Q;1
N;NT;N:.JT.7.J4 Q42.8.8. 83.A6.3. 6.9.4.K7;;♥T ♥J;3
S;NT;N:Q7..AJ5. .Q83..Q9 64..7.K J2.7..A;♦8 ♦K;♦A;5
S;NT;N:T872..Q. A6.Q2..9 ..K6.A3 K...QJ2;♣6 ♥J;♠2 ♠7 ♠8 ♠T ♦Q;1
N;NT;N:3.AQT.4. 4..32.Q7 KT...532 Q8.7.5.4;;♥T ♥Q ♥A;5
S;NT;N:..J3.862 T.9..KT5 643...3 72.8..4;♦T ♦8;♦J;2
E;NT;N:A.62..T5 J..J2.2 KT.9..7 5.8.93.;♥Q ♣3 ♣K;♥2 ♥6;2
W;NT;N:97..9.A8 K3.2..K9 5.94.6.2 AT..T.J;♦Q;♦9;1
S;NT;N:6.3..KQ8 Q7.KT7.. ..73.74 A.J9.9.;♣5 ♠K;♣8 ♣Q ♣K;3
N;NT;N:4.96.K5. 752.T..4 JT..8.T3 .KQ5.J9.;;♠4 ♦K;5
E;NT;N:J.T.JT3. .K2..97 A.Q8..T 8..96.4;♣K ♥6 ♦K;♦3 ♦T ♦J ♥T ♠J;2
E;NT;N:85..K.J2 .82..54 7..6.87 .6.82.A;♠A ♠2 ♣K;♠5 ♠8;1
E;NT;N:.T.43.A5 A..A9.4 .Q54.K. K5.2..J;♠Q ♥A ♥8;♦3 ♦4 ♣5 ♥T;1
W;NT;N:T8..T9.8 6.2.J5.5 .9743.7. 4.T..32;♦6;♦9 ♦T;3
S;NT;N:KJ6..93. A75.6..9 .AJ.A.6 .Q..743;♥7 ♦2;♠6 ♠J ♠K ♦3 ♦9;4
W;NT;N:986.A2.. .Q7.3.74 J.K4.6.2 5.98..3;♠3;♠6 ♠8 ♠9;5
N;NT;N:K9.Q.Q.9 AJ.A72.. T.4.4.T7 4..8.863;;♦Q ♣9;2
N;NT;N:Q.9.86.3 A6.742.. K.3.95.A .5.T3.52;;♥9 ♦6 ♦8 ♣3;3
N;NT;N:8.T..653 2.5.K6.A A5...J92 J.A2.J5.;;♠8;2
N;NT;N:.K2.T53. T2.7.A6. .Q4.9.J4 KQJ.6.J.;;♥2 ♥K;4
N;NT;N:T5..8.63 .8.942.Q J.K54..A 9..Q76.2;;♣3 ♣6 ♠5 ♠T;5
S;NT;N:Q64..9.Q 985.KJ.. K32.2.. .93..JT;♦2 ♥6;♦9;4
E;NT;N:JT5.7.4. Q3.Q2.. 2.5.K.Q 7..QT6.;♠4 ♣8 ♦3;♠5 ♠T ♠J;3
S;NT;N:K7.QJ..7 .A.2.JT8 4.K9.8. 3.T.6.2;♣A ♠Q;♣7;4
W;NT;N:T84.K7.. J9...AT6 .A4.K.J5 Q7.Q.3.;♣9;♠4 ♠8 ♠T ♥7 ♥K;2
W;NT;N:K..KQ7.4 8.A2..A3 A...QT96 9..4.85;♥Q;♣4 ♦7 ♦Q ♦K ♠K;2
E;NT;N:T.AQ.A6. .6.T4.J 93.4.J. 4.KJ..4;♣9 ♠A ♠K;♦6 ♥Q ♦A ♠T;3
S;NT;N:.43.A.98 2.K7.J5. T7.5..Q 5.J..53;♣6 ♣4;♣8 ♣9;5
W;NT;N:JT.75..T 8.94..K3 K.T.Q86. 9..T4.6;♦K;♥5 ♥7 ♣T ♠T ♠J;2
W;NT;N:.J987..8 ..AQT87. 2..62.32 .54..J5;♠J;♥7 ♥8 ♥9 ♥J ♣8;2
S;NT;N:95..2.K6 K7..3.Q4 3.5.J5. 2.A3.K.;♥6 ♣T;♦2 ♣6 ♠5 ♣K ♠9;1
E;NT;N:J9.J5.J. K4.73.. 3.6.Q.Q Q.A.K.3;♠2 ♦7 ♥9;♠9 ♠J;1
E;NT;N:K.87.8.K .A.3.98 63.4.T. .52..Q7;♠9 ♠5 ♠4;♠K;5
E;NT;N:Q.A.K7.5 3.J6.8. .8.62.8 .KQ..AK;♥2 ♦4 ♣3;♥A;4
W;NT;N:98.3.3.8 7.AQT..9 K..Q2.K6 2..9.32;♥5;♥3;2
E;NT;N:T8.3.Q.6 6.J.J.4 K..T2.2 Q.T7.9.;♠3 ♥5 ♣8;♠8 ♠T;5
N;NT;N:75.6.42. 8.T.T.92 T.Q7..T8 J4...J53;;♥6 ♠5 ♠7;3
W;NT;N:..5.KJ72 KJT9..6. Q.9.T8.6 .A4.7.5;♣9;♣J ♣K;5
W;NT;N:8.3.Q4.7 .A.6.KJ9 93.65.A. T5.8.8.;♦9;♦4 ♦Q;1
N;NT;N:AK..Q8.5 6.AK.T.T .Q8..AQ4 Q9.6..83;;♠K ♠A ♦Q;5
W;NT;N:3.2.AK.T 2.KT.7.7 J8.4..Q5 ..QJ43.;♣3;♣T;5
S;NT;N:K7..T.T5 986.9..3 ..84.72 J.8..A6;♣4 ♦3;♣5 ♣T;3
N;NT;N:6.Q63..5 .T.QJ4.4 .7.73.Q6 972.K9..;;♣5;2
E;NT;N:A8..QT.3 6.J.A7. .72.4.2 .5.82.J;♥T ♠J ♠7;♣3 ♠8 ♠A;2
S;NT;N:A2.4.87. KQ..JT4. 3.K76.. ..Q2.43;♥5 ♦6;♥4;5
N;NT;N:T..3.872 J6.4..Q6 A.AK7.9. K9.J..J9;;♠T ♦3;5
S;NT;N:7.A432.. .J6..Q75 A.K.QT. ..8.J98;♦7 ♦A;♥2 ♥3 ♥4 ♥A ♠7;1
E;NT;N:95..Q.73 K62.4.. A.6.8.9 3.T.4.Q;♣A ♦A ♦9;♣3 ♣7;2
N;NT;N:.AK.K8.6 874..J.5 2...QJT8 KQ.3.Q2.;;♥K ♥A ♦K;5
S;NT;N:2.A2..QT 8..9.A73 4..753. J7.K.J.;♥9 ♣9;♥2;2
N;NT;N:J.J7.A2. 5.5..984 7.T9..T2 .3.K5.A5;;♥7 ♥J ♠J ♦A;4
E;NT;N:Q85..Q.J 2.A..53 T.9.98. 73..AK.;♥5 ♣Q ♠J;♠5 ♦Q;3
W;NT;N:A.T7.T.4 954..5.2 J2.J9..Q KQ.2.9.;♣T;♣4;5
E;NT;N:3.A93.A. K.5.Q6. 84.J.5. 2..98.4;♦J ♥7 ♦T;♦A;4
W;NT;N:J6.2.J.9 82.Q.4.T K.7.75.2 T7.9.A.;♣A;♣9;2
S;NT;N:.JT6.Q.K ..AT873. 9..J.Q8 7.5..92;♠Q ♥K;♥6 ♥T ♥J ♦Q;5
W;NT;N:.A.Q.AQ4 ..A98.75 8.K7.2.K Q6.Q..9;♠4;♦Q ♥A;5
W;NT;N:T.K3..A6 .J.72.J8 5.6.53.9 ..K4.KQ;♥7;♥K;4
E;NT;N:.A5.QJ4. 8.Q.K.3 ..A.KT8 K7.7..2;♥6 ♦T ♠2;♥A;5
E;NT;N:A94.T..7 JT5..4. 6.7.K.T K..J2.J;♠3 ♣Q ♦T;♠4 ♠9;4
S;NT;N:.J4.2.85 J4.73..K Q3.A6.. K..J9.J;♥K ♣2;♥4 ♥J;3
N;NT;N:32.3.K9. .K7.A.53 A..T5.64 6.6.76.2;;♠2 ♠3;3
S;NT;N:J.K9.7.6 Q3.7.8.A 97.2..8 .AT..K5;♥4 ♦Q;♥9 ♥K;2
W;NT;N:J9...KJT 6.9.K.Q8 .T.85.94 Q.8.J3.;♥5;♣T ♣J ♠9 ♠J;2
S;NT;N:8.J.4.JT KJ.7..K9 AQ..J.3 .5.972.;♥6 ♠2;♥J;4
S;NT;N:Q..3.A82 A7..A.T4 K.JT..K .3.K.J3;♥A ♠5;♣2 ♣8 ♦3 ♣A ♠Q;4
S;NT;N:6.K.62.6 K.8.K73. 984...9 .J.9.T3;♠5 ♥3;♠6;1
W;NT;N:T54.A.6. 6...AT97 Q3.Q.Q8. .J3.4.J;♠8;♠4 ♠5 ♠T;5
E;NT;N:J5.K.A4. 3.J..42 A.82..T Q.Q.K.9;♠6 ♥T ♠8;♠J;5
E;NT;N:2.K.9.92 4.Q6.4. 5..5.K6 ..876.J;♦A ♦Q ♥J;♦9;1
S;NT;N:K.A.AQ.2 Q8.Q8..3 7.3..Q4 6.95..7;♥K ♣T;♥A;5
N;NT;N:K9.Q6..5 J.KJ9.9. T.2.82.8 72.5.K5.;;♠K ♣5;3
S;NT;N:3.875..K .T6..974 T.2.Q.Q 6.Q.T2.;♣2 ♦6;♣K;4
W;NT;N:.J3.A.Q6 .A.98.73 AQ..KJ.2 6.8.5.J;♦2;♦A;3
E;NT;N:.43.A7.T 6.2.9.3 83..43. ..6.J96;♣4 ♠4 ♣7;♣T;5
S;NT;N:63.5.9.J K.9.83.K 7.T.2.8 A4.6.Q.;♥A ♦K;♥5;2
N;NT;N:7.Q.87.2 K4..KT6. 8.2.Q.73 96.J..84;;♥Q;1
N;NT;N:J2.7.K.4 .T.A.KQ3 3.A98.8. T.63.7.2;;♥7 ♠J;5
S;NT;N:6.7.J.K9 T.A3.98. .J4.7.A 9.8.4.T;♦5 ♠A;♦J;2
E;NT;N:.J5.A9.K 87.8..5 2..J.T7 .9.6.Q6;♦8 ♠A ♠3;♦9 ♦A;5
W;NT;N:.9.KJ.T4 A4.5.2.5 JT.763.. .A.A.K3;♠3;♥9 ♦J ♦K;1
E;NT;N:96.A2..T .K8.K.Q .T.9.32 T.Q.Q.6;♥4 ♦J ♠4;♥A ♥2;1
E;NT;N:972.T.4. .K.8.KQ .A3.3.5 K84.6..;♦5 ♦9 ♠A;♦4;3
N;NT;N:.AJT.3.A Q8..K7.6 6.5.A6.3 A4.Q.T4.;;♣A ♦3 ♥A;5
E;NT;N:.KJ6.Q9. .2.6.K5 ..T.AQ3 654..4.;♣T ♠J ♦3;♦9 ♥6 ♥J ♥K;4
S;NT;N:.3.A63.7 .54..T93 5.JT..Q 4..Q.AJ;♥8 ♥K;♥3;2
N;NT;N:9.953..8 .Q7.A.AK 83.A2.2. K4.K..54;;♥3 ♥5 ♥9 ♠9 ♣8;1
S;NT;N:J.KQ6.9. .3.42.97 2.T..AQ QT...T5;♠A ♦6;♠J;5
E;NT;N:K8...Q42 .3.T.A5 7.7.K.6 4..2.KJ;♣3 ♦6 ♥8;♣4 ♣Q;3
N;NT;N:J.A..962 KQT.K.4. 9.J2.2.K 6.84.6.A;;♥A;1
E;NT;N:9.8.JT.6 K.76..8 .J.Q.Q7 J5..85.;♠6 ♠A ♥A;♠9;5
N;NT;N:.6.A8.64 J862..3. .K..A952 Q.3.74.Q;;♦8 ♦A ♣4 ♣6 ♥6;5
E;NT;N:.32.64.4 .97.A.2 ..53.93 .AKJ5..;♦9 ♦Q ♠Q;♦4 ♦6;3
W;NT;N:6.Q5.84. .T962.5. 5.AJ4..T 97..K7.;♣K;♠6 ♥5 ♥Q;1
N;NT;N:T.AQ..Q5 J4..K.87 53.9.4.J AK..85.4;;♣5;4
S;NT;N:J.J.J.72 .5.T3.64 AT86... 95.7..Q;♥A ♣A;♥J;5
S;NT;N:.T.8.Q86 T4..9.J7 .A.T3.K .86.K7.;♣2 ♦A;♣Q;3
E;NT;N:42.K73.. Q3.5..A ..654.7 A.6..K5;♦3 ♣3 ♣Q;♥3 ♠2 ♠4 ♥7 ♥K;1
N;NT;N:73..2.K3 9.6.84.J .J84..62 .2..T975;;♣K ♠3 ♠7 ♦2;2
S;NT;N:..8.KJ92 8.4.J9.T 6.2.2.5 7.7.A5.;♣6 ♥5;♣J ♣K;4
S;NT;N:6.QJ.9.A .9.K4.K3 Q4..76. .86.2.5;♥3 ♠2;♥J ♥Q;5
S;NT;N:Q72.J..5 .94.J85. 9.52..T 8.Q.A.K;♦K ♠3;♣5 ♥J;4
S;NT;N:2.T9..Q3 9.5.J3.A J.8.97. 6..6.J2;♠4 ♦2;♠2;2
S;NT;N:.97.8.T6 Q4.K.53. ..72.K4 A9.J..Q;♠J ♥6;♥7 ♥9 ♣6 ♣T ♦8;1
W;NT;N:9.T5.4.6 3.42.Q.5 KQ.6.2.J J6.9.A.;♣Q;♣6;3
N;NT;N:7.T5..A8 J5..T.K7 2.2.K2.4 T.Q4.5.5;;♣A ♠7 ♥5 ♥T;2
S;NT;N:Q3.2.8.T .7.3.975 T7..Q.K J.KQ.K.;♣3 ♦T;♣T;4
W;NT;N:5.AT6..T J..J32.K Q6.2..Q4 94..T.A;♦6;♠5 ♥6 ♥T ♥A ♣T;1
W;NT;N:.T2.5.KT J64..A9. 832...Q6 .A.J7.2;♣5;♣T ♣K;2
E;NT;N:T.A.7.95 .7.AK.6 52.Q2.. Q..Q52.;♠8 ♥6 ♥4;♠T;4
W;NT;N:Q2.5..QT 54.72.7. .KJ..985 .A3.J3.;♦2;♠2 ♥5 ♣T ♣Q;1
N;NT;N:KQ.5.2.T 7.J84.5. A52.2..2 .Q.A8.K5;;♠Q ♠K;3
N;NT;N:5.9.K9.A 3.T5.2.9 AJ6.Q.Q. K84...Q8;;♦K ♠5 ♥9 ♣A;5
N;NT;N:Q.5.K5.J 75.T.8.6 J.K8.A.K A9.3..A5;;♥5 ♦5 ♦K;3
W;NT;N:A2.43..J 4.7.AQ5. .K95.7.3 3...AQ8;♠5;♠A;4
S;NT;N:J.J.73.5 .Q7.6.T7 K7.4.4. 64..2.J;♥8 ♣2;♥J;1
W;NT;N:J.Q.73.2 ..652.K5 82..984. K3..AJ.;♥8;♥Q;2
W;NT;N:JT.J..Q5 .75.A5.8 5..JT63. 83...KJ;♠Q;♠T ♠J;2
E;NT;N:KJ.5.7.T 7..J4.6 Q5...Q8 .83.K8.;♣9 ♠6 ♦2;♣T;5
N;NT;N:QT.9.J.7 .6.AT32. 2..8.QJ5 93.43..2;;♥9 ♣7 ♠T ♠Q;5
E;NT;N:AK6.K.K. 3.J..J9 Q.A8.T. .72.Q.7;♣3 ♦7 ♠8;♠6 ♠K ♠A ♥K ♦K;2
S;NT;N:32..3.K7 9.T2..JT .Q764.. ..KJ7.9;♠5 ♠8;♠2 ♠3;3
W;NT;N:.5.742.6 63.98..K .K2.AJ5. J..9.J5;♥Q;♥5;4
N;NT;N:.QT4..43 .93.8.K7 KT2.72.. Q96.A..Q;;♥4 ♥T ♥Q ♣3 ♣4;1
N;NT;N:T.J.97.3 92...AJ9 J.94.A.K .8.T52.5;;♥J ♠T ♦7 ♦9;4
N;NT;N:3.82.8.5 JT.7..96 .6.A972. K6.9.3.4;;♦8;4
W;NT;N:6.T..QJ9 KJ7..9.3 .K76..74 .J.83.8;♣6;♣9 ♣J ♣Q;5
W;NT;N:A8.Q..K7 6.8.74.4 3.J2.2.6 QJ.3..Q;♦A;♠8;4
N;NT;N:2..AT.A6 76.Q.KJ. K5..5.J3 3.753.4.;;♠2 ♦A ♣6 ♣A;5
S;NT;N:..KQ962. .AK2.J3. 73..4.3 T.Q.8.5;♥9 ♣Q;♦2 ♦6 ♦9 ♦Q ♦K;1
N;NT;N:A92...Q5 QJ5..3.8 .QJ6.4.6 8.3..J32;;♠A ♣Q ♠2 ♠9;3
W;NT;N:A.9.Q.T5 J..KJ.86 842..5.4 .8.43.2;♣Q;♣5;2
N;NT;N:6..2.J62 K7..3.87 9.62.86. 2.Q9.9.4;;♣J;1
W;NT;N:K7.64..6 A4.K.T.9 .A.A72.Q T6..5.2;♥9;♥4 ♥6;5
W;NT;N:KQ7.2..7 T..7.KT6 9.4.A.Q9 .J6.6.A;♦8;♥2 ♣7;4
N;NT;N:2.75..92 9.K62.2. 4.Q.T4.4 8..965.T;;♠2 ♣2 ♣9 ♥5 ♥7;1
W;NT;N:T62.K.Q. 83.T.K.5 9.9..843 .3.73.6;♠5;♠2 ♠6;5
E;NT;N:.K6.K7.J 8.A.5.6 AQ.J.Q. ..962.T;♦J ♥7 ♣K;♦K;5
W;NT;N:95..87.3 84.QJ..K Q2.K.3.5 .6.JT.4;♠A;♠5 ♠9;1
W;NT;N:AJT8.8.. Q.2.974. .AT5.3.4 6.4.J5.;♥J;♥8;4
E;NT;N:.T3.K2.J ...K872 K.K..T6 7.2.9.9;♦8 ♠A ♠2;♦K;4
N;NT;N:5.4.J3.9 QT9.6..Q 6..A.K75 .K9.T.J6;;♣9 ♦3 ♦J ♥4;2
S;NT;N:.A2.Q.95 K6.7.6.7 .T3.3.K 8.5.K4.;♣T ♠4;♣5 ♣9;4
S;NT;N:..AT.A98 94.9..J3 A7.A5.. .862.7.;♦K ♦4;♦A ♦T;4
S;NT;N:.K2..K65 6.J.KT.3 8.T.9.A .A53.2.;♦5 ♦3;♣5 ♣6 ♣K;2
S;NT;N:87.8..KT KJ..3.62 2.65..J 5.A3.K.;♣Q ♦5;♣T ♣K;2
N;NT;N:K.T..A62 T.2.K5.Q Q9.A..J5 .KJ5.Q6.;;♣A ♠K ♥T;5
S;NT;N:JT..64.2 A4.9.2.5 97..3.9 6.7..A8;♦5 ♣K;♦4 ♦6;2
N;NT;N:J..J86.6 87.6.4.J Q3.5.A7. AK5.7.2.;;♦6 ♦8 ♦J;3
W;NT;N:AT.K.K.5 84.4.8.7 Q.8.A.Q4 6.7..96;♣J;♣5;5
N;NT;N:K.K.85.3 2.Q.AJ6. 65.2..T6 .73.4.KJ;;♥K ♠K ♦5 ♦8;2
S;NT;N:T3..A.Q9 9.K32..2 2.6.3.A J.8.7.T;♦T ♣8;♦A;2
E;NT;N:63..KT.T 7.86..7 AJ.9..4 .2.2.K6;♦7 ♠4 ♥7;♦T ♦K;5
E;NT;N:AKJT..J. .6.2.J7 .Q9.6.9 .2.K4.T;♦9 ♦Q ♣Q;♦J;3
S;NT;N:AK.T.Q.4 T6.2.86. .98.3.3 Q.643..;♦5 ♠J;♦Q;5
N;NT;N:83.7.T.4 T5.53..6 .J.43.KT 9.K4.9.3;;♦T;4
W;NT;N:.2.T84.5 .AQ.AK.6 J7.J..J2 .3.75.8;♥6;♥2;1
W;NT;N:Q9.J8.T. 83.K.7.7 J5.2..93 ..A2.AJ;♦3;♦T;3
E;NT;N:A5.Q.K.2 .65.7.T QT.2..K .T..A84;♣Q ♦6 ♠J;♣2;1
W;NT;N:.8.J2.AJ Q.J9.6.9 AJT..5.T 6.T..53;♣6;♣J ♣A;4
W;NT;N:96.AQJ.. 7.2.T5.Q AJ.53..K 5.K.4.5;♥6;♥J ♥Q;5
E;NT;N:92.8.Q2. QJ..9.A .A4..95 83.6..Q;♦7 ♥T ♠T;♦Q;3
W;NT;N:Q.J.A.A8 8.K.K.72 AK2..Q9. T7.Q..J;♦J;♦A;5
S;NT;N:A8.Q.5.Q 2.32..94 .74.3.8 .A6.6.A;♥8 ♦4;♥Q;3
W;NT;N:2.7.J.K2 T4..T9.4 K5.T3..5 .654..A;♥K;♥7;2
W;NT;N:.K87.6.K .T.K.A76 .J..QT84 4.2.A.5;♦8;♦6;3
E;NT;N:T.6.9.Q2 52..A.4 Q..6.T8 A7.4..5;♦4 ♠J ♠3;♦9;4
W;NT;N:3.3.4.KT 64.KT..J 9.Q..985 .87.J.2;♦5;♦4;1
S;NT;N:J.J75..6 843..4.J A.T..74 7.A9.6.;♦2 ♦K;♥5 ♥7 ♥J ♣6 ♠J;1
E;NT;N:T5..K9.6 87..Q.5 .K3.4.Q .J..A84;♠6 ♠4 ♣7;♠T;3
N;NT;N:A3.3.K.4 T62..4.3 K.6.Q6.2 .Q2.7.J8;;♦K ♠3;3
S;NT;N:9.A.2.65 3.J.K6.A Q4..5.Q A.T.Q.8;♦A ♠8;♦2;2
N;NT;N:Q..J5.43 A2..7.KT ..QT984. KT873...;;♦5 ♦J;5
W;NT;N:8.J42.5. 2.K..AQ9 .AT5.86. 5..42.4;♦7;♦5;5
W;NT;N:8.AK.6.T 2.J.T53. K..K98.9 Q.2..K6;♥4;♥K ♥A;5
W;NT;N:9.8.AJ9. 5.5.7.62 A.Q4.KQ. 86.9..9;♣T;♦9 ♦J ♥8 ♠9 ♦A;3
S;NT;N:9..T765. 2.74..T7 AJ...K2 ..QJ3.5;♣3 ♠4;♦5 ♦6 ♦7 ♦T ♠9;2
W;NT;N:.6.Q9.75 .AK72..8 A8..3.K9 2.98.7.;♦5;♦9 ♦Q;5
S;NT;N:AKQ.2..2 T9..T3.J .T.Q5.T 8.J.J9.;♦A ♥6;♥2 ♣2 ♠Q ♠K ♠A;4
N;NT;N:76.6.Q5. Q.Q83..5 9.A.32.8 2.K..964;;♥6 ♦5 ♦Q;3
S;NT;N:Q7.6.K.9 J..J53.K K.5.2.T .Q8.96.;♦4 ♥7;♦K;2
E;NT;N:982...Q3 A.5.8.4 75...J2 T..A4.K;♦T ♦K ♦9;♠2 ♠8 ♠9 ♣3 ♣Q;1
E;NT;N:K.82..QT 87.K.9. .Q.KJ2. .6.T.K5;♣4 ♠6 ♣2;♣T ♣Q;3
E;NT;N:5.2.A.K9 Q3..8.4 .84..Q7 K.9.9.5;♥5 ♦J ♦3;♥2;2
S;NT;N:95...A75 .J43.9.J 3.K2..T K..A84.;♥A ♠7;♠5 ♠9;5
S;NT;N:T.8.AJ.J 4.72.5.7 A.JT.T. 75.5..6;♦Q ♣3;♦J ♦A;5
S;NT;N:A.Q8..A5 5.5.9.T6 Q6..Q.Q 4..J43.;♦A ♥K;♣5 ♣A ♥8 ♥Q ♠A;5
S;NT;N:.64.JT.K 98.5..62 6.Q.5.3 7.K3..4;♠3 ♠J;♦T ♦J;2
N;NT;N:3..7.KQJ ..Q.7542 A96.T6.. Q.5.T.T9;;♠3 ♣J ♣Q ♣K;5
S;NT;N:53.K.KQ. Q2.J.AT. A4.3.8. .Q4.2.7;♥6 ♥5;♥K;4
S;NT;N:AQ9.K3.. 73.2.J.5 ..A98.7 .T9.Q2.;♠4 ♣3;♠9 ♠Q ♠A;4
N;NT;N:.Q5.5.K9 92.4.J.8 .T732.8. J3..4.76;;♣9 ♣K ♥Q;5
N;NT;N:42.863.. 83..Q.83 A7.5.AT. T.AJ.4.2;;♠2 ♠4;3
W;NT;N:A2.95.J. T.63..JT 75..A.Q2 96..94.;♣6;♠2 ♥5 ♦J;4
N;NT;N:.9.J.QT7 .A74.Q5. K6.2.3.A Q4...K82;;♣7 ♣T ♣Q;3
W;NT;N:J.7.KQT. A865...8 .Q5.83.A K.6.A.6;♣J;♥7 ♦T ♦Q ♦K ♠J;3
N;NT;N:Q5.4..64 T.5.K6.T .9.T5.73 J3.A.J.K;;♣4 ♣6;2
N;NT;N:T.9..AQ8 .8.94.JT 96.2..74 5.J.J.53;;♣Q ♣A ♠T;4
E;NT;N:Q8.7.72. 7.3.T.7 KJ...A8 .A.98.K;♣6 ♦5 ♣Q;♦2 ♦7 ♥7 ♠8 ♠Q;1
S;NT;N:K2.K.T.8 .Q85.A.T ..K2.K9 7..76.4;♣3 ♥2;♣8;3
S;NT;N:93.Q2..K .A6.94.5 ..AK.A7 85...J6;♠4 ♠J;♠3;3
E;NT;N:4.J96..6 .A2..K3 .T.T2.Q .8.AJ4.;♥7 ♠A ♠3;♥9 ♥J;2
E;NT;N:Q7.62..Q A8..9.J 9.3.T.7 3.97..T;♠J ♣4 ♦4;♠Q;3
W;NT;N:AT84.7.. .K9.Q.75 .653.K.8 .T.J8.2;♦9;♠4 ♠8 ♠T ♠A ♥7;2
S;NT;N:A.A5..Q9 .K73.J.4 T4..Q.2 5.Q92..;♣5 ♣6;♣9 ♣Q;4
E;NT;N:3.9.4.K5 5.2..Q2 A2.8..7 8..72.4;♠7 ♥J ♦Q;♠3;3
E;NT;N:A64..AK. J.Q.J.3 Q8.K..4 7..T2.6;♣A ♣9 ♥T;♠4 ♠6 ♠A ♦K ♦A;3
E;NT;N:5.4.952. 84.85.. .T.7.84 A.9..Q9;♠Q ♠T ♦T;♠5;1
E;NT;N:T.A..Q92 4.T4..K 9.8..87 6.J.K.5;♦4 ♠Q ♣T;♣2 ♣9 ♣Q ♠T;2
N;NT;N:.6.Q975. .J7.6.74 K2...K83 93.9..95;;♦7 ♦9 ♦Q;4
E;NT;N:A.Q4..T4 84.J..9 .K972.. J..9.76;♣3 ♣Q ♥5;♣4 ♣T;5
W;NT;N:A.32.65. K8.A..42 .J7.A4.Q T95...T;♥5;♥2 ♥3;4
W;NT;N:T5.K7.4. .65.8.T7 K.JT8.A. Q8.2.5.;♣5;♠5 ♦4 ♥7 ♠T ♥K;3
S;NT;N:8.6..753 4.J2.J.2 J.A5.4. 62...JT;♣A ♣K;♣3 ♣5 ♣7;4
W;NT;N:J6..A.KT .9763.4. 2.K.Q6.9 .4.85.6;♥T;♠6 ♠J ♣T ♣K ♦A;5
N;NT;N:84.K.7.4 3.T7..Q9 QT.2.5.8 .5.T.JT2;;♥K ♠4 ♠8;3
S;NT;N:4.T4.Q.T 6..76.A5 8.8.52. ..K4.K8;♠Q ♥A;♠4;4
S;NT;N:AT9.Q..J .AJ..Q86 5...AK9 .83.J4.;♠J ♣4;♠9 ♠T ♠A;5
E;NT;N:Q.AJ.5.9 T2..K.J J.Q..83 .986..6;♠4 ♦4 ♣K;♠Q;3
W;NT;N:.742..72 97.3.2.Q A2..85.K 4.K.6.6;♦4;♥2 ♣2 ♥4 ♥7 ♣7;4
N;NT;N:.Q5.64.9 AT.7..Q2 6.J6.7.K K9..J.A5;;♥5 ♥Q;2
W;NT;N:.8.A4.K2 K.KQ7..6 J.T5.5.Q .3.9.T7;♦7;♦A;2
E;NT;N:K8.82..K 7.6.8.Q 6..A5.J Q..J2.7;♠T ♠5 ♥T;♠K ♠8;4
W;NT;N:Q.K8.2.T T5.AJ..A K2..AJ.Q J.6.Q.2;♥5;♥8 ♥K;2
S;NT;N:7..8.T83 8.4.2.64 9.Q.76. J4.52..;♠6 ♠Q;♠7;2
S;NT;N:.8.Q8.K2 A4.92..T QT7..2. J.5.K.8;♦7 ♣3;♦8 ♦Q;3
E;NT;N:J7..J3.3 Q.3.7.6 5.7.K.A 4.JT4..;♣9 ♣J ♦6;♣3;3
S;NT;N:A8..97.8 .KT9.8.5 J2.Q..Q .2.4.97;♦A ♥7;♦7 ♦9;5
E;NT;N:.J2.T.Q5 A.4..J6 K2..K.9 .T7.J.K;♣8 ♦2 ♥Q;♣Q;3
S;NT;N:52.Q2.7. 6.4.6.J9 K8.J.Q. .A8.3.5;♣7 ♦2;♠2 ♠5 ♦7;2
W;NT;N:Q4.4.2.9 .K86..A3 AK.Q.Q.6 ..T53.5;♠5;♠4 ♠Q;3
S;NT;N:T.4.53.2 9..97.J3 A.92..A J.AJ..5;♠3 ♣K;♠T;3
E;NT;N:A..42.J5 4.52.Q. Q.A3.J. K83..9.;♠5 ♠6 ♥4;♠A;3
S;NT;N:.9.92.A8 A.A6.5.Q 4.Q5.K. .8.Q6.9;♦7 ♣K;♦9;4
E;NT;N:T3.A3.4. 9..3.54 5.2.52. .Q4..J7;♥7 ♣3 ♠A;♥A;5
S;NT;N:.86.Q.K6 43.A.63. ...T872 8.J5.8.;♣J ♥3;♣K;5
S;NT;N:7..AJ3.5 A.4.KQ6. KQ8..T. 2.7.8.Q;♠3 ♥9;♠7;1
E;NT;N:AK7..8.A 3.Q.92. 5.7.T4. 94...K5;♠2 ♥9 ♣6;♠7 ♠K ♠A;5
S;NT;N:A.32..98 7.T.5.T6 2.6.62. K4.9.7.;♦A ♦K;♥2 ♥3;3
S;NT;N:..942.T3 53.QT..6 ..KJ.J9 6.94..2;♥A ♠J;♦2 ♦4 ♦9 ♣3 ♣T;5
S;NT;N:..A.T953 84.84..K 5.5.7.8 9.J2.2.;♠A ♦K;♣3 ♣5 ♣9 ♣T ♦A;2
W;NT;N:53.T..95 KJ..65.6 9.2.A.32 7..74.4;♣A;♣5 ♣9;2
E;NT;N:.6.K8.K4 5.K2.9. 98..5.7 Q.5.T.Q;♦2 ♥9 ♣T;♦8;4
S;NT;N:Q.5.Q.82 2.A97.A. KJ.8..6 .3.J9.Q;♠9 ♠7;♠Q;1
S;NT;N:A.5.87.6 3.7.J93. .T.A.QJ 96...K5;♠5 ♥8;♠A;3
S;NT;N:7..73.J5 6.8.9.62 J.J3..T 8.Q4..Q;♦8 ♠Q;♦3 ♦7;1
W;NT;N:52.7.A.8 A.5.J96. .T3.73.6 9.4..A7;♣9;♣8;1
N;NT;N:.9.KT3.6 J75..J.Q ..7.A543 82.83.A.;;♥9;5
W;NT;N:5.6.A65. 64..QT.3 .A94.9.K 8.Q.J.7;♣8;♦5 ♦6 ♠5 ♥6;5
N;NT;N:J5..A.75 .986.K3. K7.A5..8 A4..7.AJ;;♦A ♠5 ♠J ♣5 ♣7;2
S;NT;N:K42..3.8 T.Q3.9.J J.9.AJ. ..65.AQ;♥6 ♣7;♠2 ♠4 ♦3 ♠K ♣8;2
N;NT;N:7.AK.Q.8 95.6..K4 .Q84.6.Q T2..9.93;;♥K ♥A ♦Q;3
N;NT;N:J.Q4.J.T 32.2.T.5 4.K.7.92 A.A.4.J8;;♦J ♥4 ♥Q ♠J ♣T;2
S;NT;N:Q63..T.3 .94.A.96 .A.8.K8 4..6.T2;♦7 ♠J;♦T;3
W;NT;N:.82.9.QT 8.5.J6.A K2.K.A.5 .4.7.84;♦Q;♦9;4
S;NT;N:A6.A93.. 9..A.763 ..94.T2 .K6.2.A;♣4 ♦K;♥3 ♥9 ♠6;2
N;NT;N:AT.7.T.4 .AT2.86. Q.J3.Q.5 76.5.7.2;;♦T ♥7 ♣4 ♠A;4
E;NT;N:J.5.5.K6 3.T.A3. ..76.Q4 4..K.53;♠6 ♠T ♠A;♠J;1
W;NT;N:62..JT.7 .K4.3.T3 T3.Q.4.K 8..8.64;♥A;♠2 ♠6 ♣7 ♦T ♦J;4
W;NT;N:.52.T6.8 72.9.K.3 .Q.8.A92 Q...K75;♦J;♦6 ♦T;2
W;NT;N:.J3.T2.2 54.A5.5. AK7.6.7. 8...A83;♣K;♣2;1
N;NT;N:.8.9.JT9 5.Q3.J.Q J.5.K.K6 A7..85.8;;♣9 ♣T ♣J ♦9;4
S;NT;N:T5.6.92. Q.8.A.53 ..76.A8 K3..Q.K;♦4 ♠6;♦2 ♦9;1
N;NT;N:QJ..T.J9 AT2.3.4. 7.T.Q9.6 8.962..2;;♦T ♣9 ♣J;5
N;NT;N:..T.KQ74 A.T52.5. .KJ6..A2 8.74.43.;;♦T ♣4 ♣7 ♣Q ♣K;5
W;NT;N:J.A9.A.7 3.6.K.T6 5.J.6.K2 .T43..A;♥Q;♥A ♥9;3
N;NT;N:K.6..T65 QT4..A8. .9.54.A8 95.85.3.;;♠K ♣5 ♣6 ♣T ♥6;5
W;NT;N:J..6.986 .985.A.J .AQ2.9.3 ..875.A;♣5;♣6 ♣8 ♣9;2
E;NT;N:Q.A8.JT. 6.T6..5 7.4.6.7 52.2..9;♥K ♦7 ♠4;♥A;4
W;NT;N:T2.Q9.Q. 4..K82.K J.K..JT9 .J6.6.7;♦J;♦Q;1
S;NT;N:Q8...T82 9.J.T.53 4..862. KT7...7;♥8 ♠A;♣2 ♣8 ♣T;1
N;NT;N:.A54..T6 A3..7.A8 J95.Q3.. .T9..KQ2;;♥4 ♥5;3
E;NT;N:8.2.K7.K 3.3..AJ J4...T6 62..Q8.;♦9 ♥Q ♦J;♦K;3
W;NT;N:.AK4..T3 92..Q2.9 8.7.96.A 3.J.A.6;♦3;♥4 ♣3 ♥K ♥A ♣T;1
S;NT;N:K.A.T5.K .K52.A4. 6.J.J6. J4.87..;♦8 ♣5;♦5 ♦T;4
E;NT;N:3.4.8.K9 A.J8..5 J6.T..A 85.5..2;♦6 ♠9 ♦3;♦8;2
S;NT;N:T..63.KJ 82.3.4.2 Q.K.2.4 4..T.A6;♣T ♥T;♣J ♣K;3
E;NT;N:.KQ8..72 K7.6.J. .2.85.J .J9.A.3;♠A ♠J ♥5;♥8 ♣2 ♥Q ♥K ♣7;1
N;NT;N:98.74..7 J.93.74. Q.KQ.3.2 .T.T5.K4;;♥4 ♥7 ♠8 ♠9;3
E;NT;N:A.AK7.K. K9.T.5. 4.3.7.T 8.9.A8.;♣J ♣9 ♦4;♥7 ♥K ♥A ♦K;2
S;NT;N:.T7.J43. Q4..K.T8 K65...2 2.QJ5..;♠8 ♠7;♦3 ♦4 ♦J ♥7 ♥T;1
S;NT;N:Q52.9..9 T7.6..T8 984...Q .Q.A.J6;♦3 ♦5;♠2 ♠5 ♥9 ♣9;2
W;NT;N:8.962..3 ..K6.Q98 K4...KT2 T..84.4;♣J;♣3;3
W;NT;N:T.A.K4.2 A.J.73.6 7.43..KQ 9.T.8.4;♣5;♣2;4
S;NT;N:.Q5.2.K9 96.T.K.5 .J.A.72 73.K4..;♣6 ♣A;♣9 ♣K;1
E;NT;N:..K74.K2 .64.9.6 T.J.6.T .92.T3.;♣8 ♠2 ♠Q;♣K;5
W;NT;N:94..Q4.8 7.97.9.2 J.Q4..T3 .KT2..6;♠6;♠4 ♠9;5
S;NT;N:K83.J..6 96.K3.T. J..J6.T A.6.5.Q;♣K ♦9;♣6;3
S;NT;N:AQ.K2.J. 9..7.K64 8.6.53. 5.7.KQ.;♥Q ♠T;♥2;4
S;NT;N:.3.95.A8 5.52.4.7 43..K.5 .T.Q.KT;♠K ♥J;♣8 ♦5 ♦9 ♥3;5
N;NT;N:.A96.98. .QT.T3.A K9..765. 5.3.K.Q5;;♥A ♦8 ♦9 ♥6 ♥9;1
W;NT;N:5.J.62.4 T7..A83. .3.7.KT9 A.8.5.6;♣J;♣4;4
W;NT;N:8.A3.7.9 93..A.52 JT.4.8.Q ..KJ2.4;♠Q;♠8;3
E;NT;N:.Q4.4.96 5.2.5.8 6.9.6.5 9.JT.3.;♠2 ♥8 ♦Q;♥4 ♣6 ♦4;3
E;NT;N:A42.8.K. 6.7..Q3 T.K.2.7 .QT3..4;♠9 ♥4 ♣A;♠A;5
N;NT;N:K.Q5.7.8 8.3.83.J T4.K9..9 A.6.4.K2;;♥5 ♥Q;2
W;NT;N:JT.7.K.9 6..Q52.T A93.8..Q .32.AT.;♦J;♦K;5
W;NT;N:K6.A.J7. 8.62..97 J.T5.8.8 A4.Q..5;♣3;♦7 ♦J;2
E;NT;N:A53.4..T .72.J.Q .Q3.54. .T.632.;♣4 ♦9 ♠T;♣T;5
E;NT;N:765..K.8 8.A3..K .T8.6.6 3..JT9.;♥9 ♣A ♠J;♠5 ♠6 ♠7 ♣8 ♦K;1
N;NT;N:.J7.J3.A K5...842 97..7.K9 Q.A6.5.Q;;♣A ♦3 ♦J ♥7 ♥J;3
W;NT;N:Q3..65.3 4.652.A. T7..8.A8 J85..3.;♦2;♦5 ♦6;1
S;NT;N:T8.Q.4.Q .J42.J.A .6..KT3 5.95.8.;♥7 ♠2;♥Q;3
W;NT;N:Q53.75.. J..842.K 8.A62..Q 7.8.T.9;♣2;♠3 ♠5 ♥5 ♥7;2
W;NT;N:3.AQ..J4 AJ86...6 7.K.AK3. 4..Q65.;♥2;♥A;4
S;NT;N:.5.JT9.6 A.A.82.5 95.8..7 J3..5.A;♦3 ♥6;♦9 ♦T ♦J;3
W;NT;N:84...KJ9 AJ.7.94. T7.A9..Q 5.J2..8;♠3;♠4 ♠8;1
N;NT;N:Q.J.63.5 K4.5.7.A T.2..Q98 .T97.KT.;;♥J ♦3 ♦6;1
S;NT;N:6.A5.4.9 .2.T.J82 Q3.7..7 J..Q3.K;♣T ♠5;♣9;1
S;NT;N:.T.KT.98 A3.AJ.4. Q.3..T5 .9.8.Q7;♥5 ♠4;♥T;1
S;NT;N:7.A2.3.Q A.7..T82 ...K975 J4.K.T.;♥4 ♣4;♥A;4
N;NT;N:Q7..KQ9. J2.5..93 4.J9.T3. 9.87.5.4;;♠Q ♦9 ♦Q ♦K;5
S;NT;N:.9.AJ6.T 4.5.98.4 75..Q5. .A842..;♦2 ♣Q;♦J ♦A;5
N;NT;N:J.Q8..K8 Q84..K.A 92..T8.Q .94.3.T2;;♥Q;2
E;NT;N:8.4.AQ.3 7.9.7.A .AQ8..Q 2.K3.K.;♣5 ♠3 ♠4;♣3;2
W;NT;N:T5..KJ.8 A.3.2.A3 7.6.T.T6 K.A.53.;♣K;♣8;1
E;NT;N:K4.5.9.2 Q..AJ.5 JT3.8.. 5.2.5.T;♣Q ♠8 ♥T;♣2;1
N;NT;N:43.87.7. T.A..T74 7.Q.K.AJ 8.93.32.;;♠3 ♠4 ♥7 ♥8 ♦7;3
S;NT;N:K..98.93 .K974.5. A.Q5.T. 9.T.3.7;♥3 ♦6;♣3 ♦8 ♦9 ♠K;3
N;NT;N:JT.Q..K7 4.J.76.Q AK9.7.A. Q.A8..T4;;♣K;5
N;NT;N:7.2.2.A3 Q3.4.3.8 K..J.K96 .87.7.Q4;;♦2 ♣3 ♣A ♠7;5
W;NT;N:52.94.Q. 7.3.J52. .7..T964 Q.AT..3;♠A;♠2 ♠5;1
N;NT;N:3.A9.J.K 2..62.Q9 85.3.9.6 A.T.84.8;;♠3 ♣K ♦J ♥A;4
S;NT;N:4..42.52 JT.K8.6. A.J6..3 .4.K.94;♠6 ♦3;♠4;1
W;NT;N:KJ..T9.T .6.K.QJ2 9.K3.J.K 5.84..3;♠2;♠J ♠K;4
N;NT;N:.Q7.Q.T5 A4..8.97 Q72.3.7. 96.A8.A.;;♦Q;2
S;NT;N:.K.T.952 7.8.5.A8 Q.T6.7. 2.A4..7;♠J ♦K;♣2 ♣5 ♣9 ♥K ♦T;3
N;NT;N:A72..QT. Q6.9.9.7 3.Q2.4.2 K54..32.;;♦T ♦Q ♠A ♠2 ♠7;3
W;NT;N:.73.A.43 6.A9.4.5 T8.T2..7 A5..93.;♣A;♣3 ♣4;1
N;NT;N:.T2.Q5.4 QJ..42.6 73.3..K5 52.85..9;;♣4 ♦5 ♦Q ♥T;5
W;NT;N:Q85.3..6 4.Q.K.K4 .T.942.A .K4..75;♠6;♠8 ♠Q;4
N;NT;N:A53.Q..T 4..63.QJ 8.6.5.54 ..JT2.K2;;♠3 ♠5 ♠A ♥Q;4
S;NT;N:Q2.T3.9. .J7..953 J3...KQ 4..86.7;♦5 ♦3;♦9;5
N;NT;N:JT5.T..8 4.K.J3.7 72..7.Q6 83.43..3;;♣8 ♠T ♠J;5
W;NT;N:AQ84..9. J..K4.A9 6.Q8.52. 5.7..Q3;♣2;♠4 ♠8 ♠Q ♠A ♦9;1
S;NT;N:K32.7..K Q..9.A98 .84.A4. AJ9..8.;♣Q ♥A;♣K;1
E;NT;N:J..93.QJ 3..Q5.T T4..J.K 9.KT3..;♠6 ♦7 ♣9;♠J;4
E;NT;N:.A4.T63. K4.86.. 7.7.Q.Q J.2.7.A;♥5 ♦5 ♥K;♥A;2
W;NT;N:3.A.KQ3. .Q.8.976 .K93..QT 95.85..;♥T;♥A;4
E;NT;N:9.T6.T.8 .74.2.9 5.8.Q.6 A8..A5.;♣J ♣K ♥Q;♣8;2
S;NT;N:..KQ7.T6 T6.Q.6.4 7..98.J K5.JT..;♣9 ♥3;♣6 ♣T;5
E;NT;N:QJ.A4..Q .5.7.A9 .K.A6.K A93...2;♥J ♣3 ♥Q;♥A;4
E;NT;N:Q9.K..64 .T84.Q. 4...987 T..J.K3;♦3 ♥Q ♥9;♣4 ♣6;3
N;NT;N:4.J4.5.3 Q.6.A.74 3.8.8.Q8 J7..J6.T;;♣3 ♥J;4
W;NT;N:T.95.7.6 .8.A98.8 J5..6.Q3 A.3..T4;♠8;♠T;4
S;NT;N:.7.KQ8.5 75.5.4.8 4.QJT.. 32.8.6.;♦T ♠A;♦Q ♦K;5
E;NT;N:97.AT7.. T.5.T.T 5..J.K5 ..86.J6;♦9 ♣Q ♠6;♥7 ♥T ♥A ♠7 ♠9;2
W;NT;N:.4.QJ8.A 9..4.JT2 .85.73.7 54.K.K.;♥2;♥4;2
S;NT;N:QT..2.K4 5.8..QT8 .Q.A4.7 8.T7.8.;♦7 ♠K;♦2;5
E;NT;N:74..Q6.9 ..J87.6 .62.T3. 8.7..52;♣3 ♣A ♥A;♣9;2
W;NT;N:K.2.4.K5 Q3..K85. 2.84.A.9 J95..T.;♣T;♣K;5
E;NT;N:A.Q2..AK 9..76.2 ..83.Q3 4.A5.5.;♠K ♠3 ♥K;♠A;3
N;NT;N:.2.64.KJ KQ3.Q..3 8.9.QJ.2 9.K.K73.;;♣J ♣K;2
N;NT;N:7...A874 J.K5..53 K4.2.J8. Q..K7.92;;♠7 ♣A ♣7 ♣8;3
S;NT;N:Q.4.J2.K .J.Q.972 4.A.A4. 5.KQ5..;♣Q ♠A;♣K;5
S;NT;N:.JT3.94. 3..K7.Q9 9..A6.8 87.A.2.;♣T ♥7;♥3 ♦4 ♥T ♥J ♦9;2
W;NT;N:A.Q2.T.7 J7.T3..4 T3..K97. .J..KQ5;♣3;♣7;5
E;NT;N:.9.T.K85 A2.3.J. 4.T.K.2 53.4.4.;♣J ♠T ♥2;♣K;5
W;NT;N:J8.T.K4. 96.J.8.6 72..AJ3. .8.5.AJ;♦9;♦4 ♦K;4
N;NT;N:97..5.T8 JT5.3..6 8.T5.T9. AK..87.2;;♣8 ♣T;5
S;NT;N:J7.76.A. K.KQ.J6. T..K.54 86..Q.K;♥A ♦9;♥6 ♥7;3
W;NT;N:J6.9.Q2. T7..74.5 A.642..T ..6.J87;♥Q;♥9;1
N;NT;N:QT5..K.8 42.93..J 7..Q65.A A..97.93;;♠5 ♠T ♠Q ♦K;4
S;NT;N:AK9..42. .T7.K95. T7...T8 2.9.Q.7;♠4 ♠Q;♠K ♠A;5
E;NT;N:2.K.43.K 4.7.JT. .85.95. 73.2..T;♦2 ♥4 ♦6;♦3 ♦4;1
N;NT;N:84.3.2.K 7.6.T4.3 A.5.5.92 .4.7.T75;;♠4 ♠8;3
S;NT;N:Q.Q9..75 64.5.72. 8.8.8.6 K.J6..8;♥T ♦6;♥9;3
W;NT;N:7.3.A7.Q A.T74..5 J3.A.Q.6 4.Q.K2.;♣9;♣Q;4
W;NT;N:..543.J9 K3.T3.T. .K852..2 5.J..T5;♦A;♦3 ♦4 ♦5;2
N;NT;N:.6.KQ32. 98.8..64 52.2.98. 764...KQ;;♦2 ♦3 ♦Q ♦K;4
N;NT;N:.4.7.Q43 86.6..95 QT3...72 74.A9.9.;;♣Q ♦7 ♥4;2
S;NT;N:.T.6.AT9 8.J7.QT. A92.2.. T6...J6;♦9 ♦J;♦6;1
S;NT;N:.AQ.4.Q6 .K54.A.2 AT85... K.T7.8.;♦Q ♦5;♦4;3
W;NT;N:T.KJ4..6 72..872. .862..K2 8.95.6.;♦Q;♥4 ♣6 ♥J ♥K;2
E;NT;N:Q...T875 4.Q.98. 7.6.J.J A..6.64;♦5 ♥7 ♦4;♣5 ♣7 ♣8 ♣T ♠Q;2
W;NT;N:J5..5.T8 .7.A2.63 QT.3.T.4 97..7.7;♥Q;♦5 ♠5 ♣8 ♣T ♠J;2
E;NT;N:9.A83..T 7..Q63. T.T9.7. .KJ6.8.;♣J ♠5 ♣A;♣T;1
N;NT;N:AT7...T4 4.J7.Q4. 5.8.A6.A .K6.K5.7;;♣4 ♣T ♠7 ♠T ♠A;5
N;NT;N:9.86..T3 J83.A..7 2.43.2.J .J9.A.96;;♣3 ♣T ♥6 ♥8 ♠9;1
S;NT;N:.K.98.KQ 87..A2.J KQ..JT. .J83..3;♥Q ♦6;♥K;4
E;NT;N:..A3.QJ8 .76.86. A96...6 .A2.K7.;♦2 ♥8 ♣2;♦3;5
S;NT;N:.T.3.642 J3..AK5. 8.6..J5 .A75..8;♠A ♦6;♦3 ♥T;4
E;NT;N:86...A76 .4.T.J3 A.7.J4. 3.J.8.8;♥5 ♥8 ♥K;♣6 ♣7 ♠6 ♠8;3
W;NT;N:K9.3.T8. QJ.4.J.8 6.T8.2.2 ..753.4;♦Q;♦8 ♦T;3
E;NT;N:7.J3.J4. .T.K2.4 4.98..J 8.62.T.;♥A ♥5 ♣Q;♥3;2
E;NT;N:9.7.7.KT 63...J4 4.2.AT. A.J4.4.;♣2 ♠T ♣Q;♣K;3
N;NT;N:7..3.K73 9.Q2.Q.6 .J.JT.A2 J654..9.;;♣3 ♣7 ♣K;3
N;NT;N:98..T4.K J4.6.6.7 .J8.A7.A A7.3.K.5;;♦4 ♦T ♣K;5
S;NT;N:.6.82.A4 2.8.A.KJ 4.A.96. T.J3..5;♠7 ♣9;♣4 ♥6;4
S;NT;N:.93.Q.95 .A2.J2.Q 9..965. QJ54...;♣A ♥5;♣5 ♣9;3
S;NT;N:5.9.A.63 T2.2.T.9 K.K.K9. Q..Q3.4;♣J ♦5;♣3 ♣6;5
W;NT;N:A5.6.J.A 4.Q..J92 .A.K7.T5 62.5.2.;♠3;♠5 ♠A;5
N;NT;N:.3.K7.95 .A96..AQ 6.T4.5.3 Q5.7.J.2;;♥3 ♦K ♣5 ♣9;2
E;NT;N:5.9.Q7.A .A7.8.Q ..T9.54 K7.8..8;♥K ♦A ♣3;♥9;1
E;NT;N:.5.95.54 .6.J4.9 A2..7.K K.Q7..7;♠T ♥4 ♠J;♣4 ♣5 ♥5 ♦5 ♦9;2
S;NT;N:A.T.9.92 7.J.T3.T ...KQ73 KQ.3.8.;♠8 ♥9;♠A;5
W;NT;N:Q62...JT .3.JT3.9 9.5.AK8. .Q2..K8;♠3;♠2 ♠6 ♠Q;3
W;NT;N:.A.63.K5 4.T3.Q9. 7.Q9.2.8 .J872..;♣A;♣5 ♣K;2
S;NT;N:.3.K5.JT 6..T32.9 T2..8.6 .K9.6.8;♣K ♥7;♣T ♣J;5
E;NT;N:3.52..72 K..T.63 7.8.Q.A Q.T4.6.;♦3 ♠6 ♥9;♠3 ♥2 ♣2 ♥5 ♣7;2
S;NT;N:875..J5. 43.Q.K.7 .A7.8.4 A.86..8;♣T ♣A;♠5 ♠7 ♠8 ♦5 ♦J;1
E;NT;N:.AQ3.84. J..A3.9 .T98..5 .764.J.;♥J ♣2 ♠4;♥Q ♥A;4
W;NT;N:5.J.95.4 .Q6.J.J8 .T.A2.AK K2.7.8.;♣9;♣4;4
W;NT;N:J.J3.AT. 3.5.4.73 2.Q.75.5 76.6..9;♥2;♥3;5
E;NT;N:K.JT4..9 .Q.J9.4 J3..5.A .5..T63;♦8 ♣8 ♦T;♥4 ♥T ♥J ♣9 ♠K;1
S;NT;N:T..K2.84 A53..T3. 6.95..5 .AQ.5.A;♣J ♦Q;♣4 ♣8;2
E;NT;N:.T.A2.A6 Q..K4.9 JT.Q..J .84.Q.3;♣K ♠K ♥K;♣A;4
E;NT;N:4..AT.92 Q.J.8.5 K9.Q..6 .9.KJ6.;♣4 ♣7 ♥6;♣2 ♣9;5
N;NT;N:6.54.A6. .97.32.4 9..T75.J .A6.K4.9;;♠6;4
N;NT;N:.A7.K5.7 T8.K.Q.5 Q.5.63.Q 94..8.AK;;♦K ♥A;5
N;NT;N:Q3.Q.T.K 6.A5.J.A 5.42.9.8 9.KJ9.8.;;♠Q;2
E;NT;N:8.J7.K8. 4..T5.7 K.Q8..9 9.K.AJ.;♥6 ♥T ♦3;♥7 ♥J;3
W;NT;N:Q4.9.K2. K.8.7.86 .J7.Q.J2 A5.T..4;♠J;♠4 ♠Q;4
W;NT;N:.QT4..Q8 T..Q.JT6 A97..72. 6..T6.9;♠3;♣8 ♥4 ♥T ♥Q;4
N;NT;N:..T65.K6 96.Q.Q9. .63.K7.Q AK3.9..5;;♣K ♦5 ♦6 ♦T;3
E;NT;N:6..A8.A2 QT.9.3. 7.KJ..K 4.6.J6.;♣5 ♥2 ♠3;♣A;5
E;NT;N:JT..83.2 3..74.A Q..T.J4 A8.5..5;♣8 ♠K ♠4;♣2;1
N;NT;N:5.A.85.9 .Q7.3.74 K.JT8..T Q6..J4.A;;♦5 ♦8;3
E;NT;N:7.Q987.. A4..J.6 2.5.3.7 Q.J6..5;♥2 ♣J ♣3;♥7 ♥8 ♥9 ♥Q;2
S;NT;N:Q5..8.75 T86.K4.. 2..AQ5. J.65..9;♣3 ♦3;♣5 ♣7;5
W;NT;N:AQ4..J.8 T.94..32 .KQ.K4.Q J..Q.A9;♣4;♣8;5
S;NT;N:3.63.8.9 J..93.K3 .K75.Q. 52..J.8;♦A ♥Q;♦8;5
S;NT;N:7.T2..J4 6.93.JT. 2.5..AQ 5.76.3.;♦A ♣T;♥2 ♣4 ♣J;5
E;NT;N:3.T42.6. J4...64 .K.J.KQ K9.A8..;♥3 ♥9 ♦7;♥2 ♥4 ♥T;4
S;NT;N:8.9.74.8 .3.53.J3 4..KT.A K63...2;♠Q ♣7;♠8;4
W;NT;N:AT.Q..T6 K75...K8 J4.7.9.9 Q.K5.J.;♣J;♣6 ♣T;1
E;NT;N:3.A.97.7 4.Q3..2 J..3.T4 A..J6.Q;♥9 ♠5 ♣6;♥A;2
S;NT;N:4.7..T43 7.5.3.65 T.J43.. ..5.QJ2;♠3 ♠2;♠4;1
W;NT;N:QT5.8.8. 82.62.J. 4.K.2.Q9 A...K43;♦T;♦8;2
N;NT;N:.85.8.63 5.AQ.63. J98.J.2. T...AJ54;;♦8;2
E;NT;N:3.A.K2.3 A7.9..Q 542..5. Q.JT.A.;♣K ♣A ♣6;♣3;2
N;NT;N:K.6.T4.8 4.A.J.AK 8.Q85.K. AJ6.K4..;;♦4 ♦T;1
W;NT;N:5.6.KQ3. K.QJ2.J. 93.8.7.A ..652.6;♥7;♥6;1
S;NT;N:J.J9..84 .7.T9.65 5..Q72. A94..3.;♦6 ♠8;♣4 ♠J ♥9 ♥J;3
S;NT;N:.Q54.7.Q Q.3.J8.7 .7.A.T5 A.J9..4;♥2 ♥A;♥4 ♥5;3
S;NT;N:T.9.K4.J 6.J.83.7 92..Q6. Q7.T..4;♣Q ♠A;♣J;3
N;NT;N:Q42.9..K ..AQ.Q54 A7.A2..2 5.T.5.97;;♠2 ♠4 ♣K ♥9 ♠Q;5
E;NT;N:A.6.932. J9.4.Q. .8..Q74 4..J6.5;♠2 ♣K ♦7;♠A;5
N;NT;N:Q6.A3.T. T8...K42 3.QJ.9.Q J..6.963;;♦T ♥A;5
W;NT;N:73.Q2..T 8.7.T.QJ .9.J65.3 .6.94.4;♠J;♠3 ♠7;2
W;NT;N:KQ.3.2.2 4.J5.93. AT.42..9 .86.76.;♣6;♣2;3
S;NT;N:.5.Q.QT3 .J.K.652 2.8.T.7 QT5..4.;♦7 ♦6;♦Q;2
N;NT;N:8..Q5.76 Q.K.4.K9 A.Q4.2.3 64.3.A.A;;♠8 ♦5 ♦Q ♣6 ♣7;1
N;NT;N:T82.K..3 63.Q.3.6 ..Q2.KQ5 A7.3.5.2;;♥K ♣3;5
W;NT;N:9.8.A5.T 8..K84.Q .J5.6.A6 ..T9.K4;♥3;♥8;5
E;NT;N:Q.5.3.A4 .Q7.7.T 94..K.Q .AJ.Q2.;♠2 ♥4 ♠3;♠Q;5
S;NT;N:J4.6.4.T 6.5..832 .7.J.J6 ..975.9;♠9 ♦K;♠J ♠4;5
N;NT;N:Q8.96..4 2.8.A.62 5.Q5.7.Q T63..6.7;;♣4 ♥6 ♥9;5
S;NT;N:.A.AJ.J5 AJ.2..64 T2.4..9 .6..Q83;♥Q ♣K;♥A;3
W;NT;N:42.7.6.A .4.J8.42 K.86.53. .2..T63;♦4;♦6;3
S;NT;N:.8.KT4.T .JT43..7 82.2..9 Q..QJ.3;♣K ♦7;♣T;3
N;NT;N:7.T2.5.7 .5.J.432 A9.4..86 64..T4.A;;♥T ♠7;4
E;NT;N:..KT54.8 T.86.8. A.J9..7 3..2.A2;♥7 ♠9 ♦6;♦4 ♦5 ♦T ♦K ♣8;3
S;NT;N:.5.J7.Q9 QT.6.3.4 ..K82.J J.K..83;♠2 ♥2;♥5 ♣9 ♦7 ♣Q ♦J;2
N;NT;N:3.J82..A AT.3..J5 Q9.K.9.4 82.96.A.;;♥2 ♥8;4
N;NT;N:J3.T6.T. 8.8.K8.3 ...KQJ76 A.A.A4.2;;♠3 ♥6 ♠J ♥T ♦T;1
S;NT;N:8.A.6.94 .J2.K9.8 A64..2. .5.4.A7;♥8 ♦3;♥A;4
N;NT;N:.KT.K.74 J.74.JT. 72.A.8.3 94..3.KJ;;♦K ♥T ♥K;3
E;NT;N:5.KT7.3. .Q8.J4. T.4..A9 Q8.J5..;♣Q ♦2 ♠6;♥7 ♦3 ♥T ♠5;1
E;NT;N:T3.6..T6 .AJ.9.K 5.4.2.7 .9.87.5;♥5 ♦3 ♦A;♥6;3
S;NT;N:62.A6.2. 8.KT8..4 975..5. J.3.J4.;♣2 ♠3;♠2 ♦2 ♠6 ♥6;1
N;NT;N:T.2.J2.4 8.43..A2 6.8.Q3.7 3.T6..95;;♠T ♦2 ♦J;3
S;NT;N:8.6.75.6 .42.8.87 Q.Q.4.3 .7.9.K2;♦A ♣5;♦5 ♦7;3
E;NT;N:3.J9.8.7 6.T8..3 A84...2 K.6.A4.;♦9 ♥7 ♥Q;♦8;4
S;NT;N:5.4.943. 96.K.7.6 AQ.5..T 2.6.8.2;♠K ♦Q;♠5;4
W;NT;N:K.K.8.K5 98.T3..7 2.8..AJ3 6.7.7.T;♣4;♣5 ♣K;5
N;NT;N:.K76.A.3 7.32.5.A 4.9..KQ6 2.J.3.T5;;♦A ♥K;4
S;NT;N:974..3.J .T5.A.T9 Q.7.T.Q A6..K5.;♣4 ♥K;♣J;2
N;NT;N:K9..94.5 QT.2.2.Q 832.65.. A.K..T63;;♦4 ♦9;2
N;NT;N:82.J..75 A3.K9..9 94.8..Q4 7.7.K43.;;♠2 ♠8 ♣5 ♣7 ♥J;2
E;NT;N:J8.J..42 7..Q54. .54.3.8 .6.T.96;♣J ♠T ♦6;♣2 ♣4;1
N;NT;N:.K3.A.97 4.6.J.KJ 97.T9.2. .74.T.Q3;;♦A ♥3 ♥K;5
N;NT;N:QT.8..T2 A5.62.9. .KQ.8.K6 9.9.54.Q;;♥8 ♣2 ♣T;4
S;NT;N:Q..98.T3 K9..5.95 3.5..J7 J5.T.3.;♥8 ♦J;♠Q;5
E;NT;N:2..A9.K7 9.T4.J. 7.65.6. 8.J8.7.;♣9 ♠Q ♣Q;♣K;4
S;NT;N:.42.J8.3 Q.5.T97. KT.73.. 92..4.9;♦3 ♣4;♦J;5
E;NT;N:95.5.J.K A4...72 ..87.63 J8.6..J;♦Q ♣4 ♦4;♦J;1
S;NT;N:T..73.Q9 3.QJ.95. 4.8..87 .2.Q2.3;♠Q ♣5;♠T;4
W;NT;N:.4.5.J32 T6..K2.A K..A97.6 2.6..85;♦3;♦5;4
S;NT;N:6.863.2. .AK.KT.6 ..5.952 K7.J..8;♥2 ♠J;♥3 ♥6 ♥8;1
S;NT;N:9.K4.2.K K3..T.J5 7..J.82 4.98.Q.;♠8 ♥7;♠9;2
N;NT;N:4..T32.Q A.43.7.2 .A.J.654 KT.5.Q4.;;♣Q ♦2 ♦3;3
S;NT;N:..J8.542 K8.7.Q4. AQ.6..9 T4.4..K;♠J ♣3;♣2 ♣4 ♣5 ♦8 ♦J;1
S;NT;N:J6.7.4.J .2.KJ5.Q A.3.2.4 8.98.9.;♥Q ♠Q;♥7;2
S;NT;N:QT5.3..K 9.8.8.74 6.7.9.5 ..J2.J3;♥K ♥2;♥3;5
E;NT;N:2..5.A54 .86.97. 94..J.7 .J3.T.6;♠J ♦A ♣8;♠2;2
W;NT;N:K75.J.7. 4.T.J6.T 2...Q986 J.Q7..J;♦4;♦7;1
N;NT;N:.84.3.A2 4.6.A8.Q 6.A.K9.8 J72.3.5.;;♥4 ♥8 ♣A;4
N;NT;N:873.J.7. .84.T.J3 J95.K..7 .T63.8.A;;♥J ♠3 ♠7 ♠8;4
W;NT;N:8.A93.6. 7.4.Q.K5 2..A.986 T3..T4.;♦5;♦6;1
S;NT;N:.J..K632 9..J4.J9 .A9.5.7 42.8..Q;♥4 ♥K;♥J;1
E;NT;N:.Q3.T.A2 T.8.J.Q QJ8..4. 7..763.;♣4 ♦8 ♥5;♣A ♣2;3
W;NT;N:2...K964 .72.A2.Q T95...T5 .8.Q4.J;♥4;♣4 ♠2 ♣6 ♣9;1
E;NT;N:Q.A3..J4 AKJ..7. 9...K63 .K62.A.;♠T ♥5 ♣9;♠Q;5
S;NT;N:K...AKJ4 T.J9.J.3 3.A3..8 .Q6.86.;♠7 ♠8;♠K;5
N;NT;N:.T9.J5.9 K.A.76.2 Q42..3.7 J3..T2.4;;♣9 ♥9 ♥T;3
S;NT;N:AK82..A. 7.4.T5.T .Q.2.74 J.5..A8;♣9 ♣J;♠2 ♠8 ♠K ♠A;2
W;NT;N:KQT..K8. 52.5.4.K A6..6.QT ..5.963;♠7;♠T ♠Q ♠K;5
W;NT;N:7.K2.4.K T..5.AQ6 K.AJ.9.5 9..T.T9;♥9;♥2 ♥K;3
N;NT;N:5.9.2.Q9 .AJ.QT.8 AQ..J.AK K83..K.3;;♣9 ♣Q;4
E;NT;N:.Q42.K3. AQ.J..8 KJ..A.7 .T96..3;♣9 ♠9 ♦7;♥2 ♥4 ♦3 ♦K;2
W;NT;N:52..43.K .9.J5.Q3 A.6.K.T4 .8.8.92;♠K;♠2 ♠5;4
N;NT;N:6.T.97.J .A.A.984 K7.9..K6 2.542.T.;;♠6 ♣J;4
S;NT;N:7.Q8.J7. .J2.52.7 A.T6.Q. KJ3.A..;♦9 ♠9;♦7 ♦J;4
N;NT;N:J83.5..K T.T9.96. .763..J9 Q54.2..5;;♣K;1
E;NT;N:J73.9.8. .52.A2. Q...AKJ 4.7.T6.;♠K ♣8 ♠2;♠3 ♠7 ♠J;2
N;NT;N:A..84.QJ QT.J.75. J.K4..T3 4.9.2.94;;♠A ♦8 ♣J ♣Q ♦4;4
S;NT;N:84.3.42. T.Q.6.75 .85.T.2 62..3.6;♥A ♣3;♥3;4
S;NT;N:K.73.A.T .Q9.64.A .T5..54 6.8.J8.;♥6 ♠Q;♥3 ♥7;2
S;NT;N:.52.6.T6 .QJ.J.Q4 9.3..J5 5.A.3.A;♥K ♥4;♥2 ♥5;2
N;NT;N:.K8.QJ.9 J4.73..7 Q.9..653 A52.T5..;;♣9 ♥K ♦J ♦Q;4
W;NT;N:.T942..9 .J86..A8 765.KQ.. K.73..J;♣3;♣9;2
W;NT;N:T.2.53.3 7..T7.AJ A.K76.6. .84.K.2;♣Q;♣3;1
W;NT;N:9.2.A8.4 3.A9.T.Q QT.4.K4. 5..92.9;♥K;♥2;2
W;NT;N:K.7.K.J7 Q43..Q4. 62.6..T3 .9.62.8;♥5;♥7;5
N;NT;N:Q2.T..Q5 4..QT2.6 K.5.4.J8 J76...97;;♣5 ♣Q ♠2 ♥T;5
E;NT;N:K.K.93.T A8...K3 4..K6.4 .9.Q7.6;♥7 ♣2 ♠7;♥K;2
S;NT;N:.6.82.T6 6.98.65. 5.7.A.2 J3.Q.J.;♦9 ♥3;♦2 ♦8;4
N;NT;N:K9..AK.9 T6.T.Q.4 .AK2.J.A ..92.863;;♦K ♦A ♣9 ♠K;5
E;NT;N:.A9.2.J6 J.J4..9 A2..K.Q 3.76..A;♠9 ♠T ♥Q;♦2 ♣6 ♣J ♥9 ♥A;4
W;NT;N:.3.J63.8 .84.84.Q 432.2..A .9.Q.92;♣J;♣8;4
S;NT;N:Q.A7.T.8 AJ7.QJ.. .9.J43. .T2.8.9;♣A ♦2;♣8;5
W;NT;N:9..J.AJ8 4.T2.4.T 5..72.K6 7..KT.Q;♣3;♣8 ♣J ♣A;4
E;NT;N:8.K8.7.4 .4.K8.A 7.QT.9. T6.5.6.;♦5 ♣2 ♠J;♦7;3
S;NT;N:75.K5..6 K4.62.9. .J9.2.9 3.QT.8.;♦3 ♥4;♥5 ♠5 ♠7;2
E;NT;N:A76...KJ 3..A8.T J.Q.5.2 .A7.T.8;♥J ♥K ♦J;♠6 ♠7 ♠A ♣J ♣K;5
S;NT;N:2.K94..K .J862.4. 8.5.9.3 .3.QJ.A;♦2 ♠6;♥4 ♣K;3
E;NT;N:95.J.K5. 8.6.4.9 J72...T 3.T8.6.;♣7 ♥9 ♠A;♠5 ♦5 ♠9;4
N;NT;N:3.8..Q95 A5..83.8 6.AK.Q.2 Q9.75..6;;♣9 ♣Q ♥8;5
E;NT;N:2..J.AQ5 .4.T4.9 Q97..K. .Q96..T;♠J ♠3 ♥7;♠2;1
W;NT;N:9.5.9.96 AK..Q83. Q4.A6.A. .93.K.T;♦5;♦9;2
W;NT;N:75.42.4. .8.7.JT6 .J.95.A4 K2..8.7;♥9;♥2 ♥4;4
E;NT;N:QT.K8.5. .543.7. 9..9.T4 5..3.87;♦A ♦J ♦K;♦5;4
S;NT;N:5.73.Q3. Q.2.54.4 .5.A.T9 KJ..6.Q;♠A ♥T;♠5;5
S;NT;N:J.6.9.A6 7.J75.6. T..T85. 4.4.4.2;♥8 ♥T;♥6;2
N;NT;N:72.K.A.J .7.J7.Q2 8.2.6.K4 9..KQ.AT;;♥K ♠2 ♠7;3
S;NT;N:2.J94..K 54.2..83 KT..7.6 .K.A9.T;♣4 ♥7;♣K;3
S;NT;N:K.K2.7.8 A.JT..QT 6.97.2. ..KQT.7;♠T ♠2;♠K;1
N;NT;N:.Q6.J9.5 42..A2.3 .A3.T7.K K97..6.6;;♣5 ♥6 ♥Q;3
N;NT;N:7.J5..75 K..Q5.96 T.76.K.Q A9.T3..T;;♣5 ♣7;4
N;NT;N:2..7.KQ6 AJ87..T. 3.832.J. .KJT.8.5;;♣6 ♣Q ♣K;4
N;NT;N:84.9.7.2 .J82..KT Q..J9.43 T.AKT3..;;♠4 ♠8 ♦7;3
S;NT;N:8.72..T8 K.64.KT. A5..43. .Q3.7.4;♠6 ♣7;♠8;1
E;NT;N:95.7.A.8 .J3.T.3 .8.753. Q8..K.5;♠3 ♣7 ♥A;♠5 ♠9;3
E;NT;N:.T85.AT. K5...85 7.7..A2 .J4.Q.Q;♥K ♠T ♦J;♥5 ♥8 ♥T;1
S;NT;N:.Q9.K.JT T.2.3.98 A.3.8.7 Q.AK..A;♠4 ♠9;♥9 ♥Q ♣T ♣J ♦K;1
W;NT;N:5.J76..2 .98.J.KQ QJ.Q.T.J .3.7.T9;♦5;♣2 ♥6 ♥7 ♠5 ♥J;2
N;NT;N:T2.5..Q2 875...J7 Q..AJ4.4 .KT84.5.;;♠2 ♠T ♣Q;5
E;NT;N:A52..8.4 8.94.T. 6.J6..T K.87.5.;♦9 ♦7 ♦K;♦8;3
W;NT;N:A.K.8.32 .A5.J42. Q8..A.J4 J.8.3.8;♦7;♦8;5
S;NT;N:92.QT.Q. 3..A.875 ..7.K94 Q.K.5.T;♥6 ♦2;♥T ♥Q;2
N;NT;N:K2..4.95 .63.82.T T..Q9.AJ 5.85.T.7;;♣5 ♣9 ♦4 ♠2 ♠K;5
N;NT;N:87.K3..4 Q93.7.9. .A8..AT5 .J954..Q;;♥3 ♥K ♣4;5
E;NT;N:7653.K.. T.A9..K ..KQ8.8 9..65.6;♥7 ♠8 ♠2;♥K;1
E;NT;N:8..82.95 Q.T..Q8 A4.J..J K.3.64.;♥K ♦Q ♥9;♦2 ♦8;3
N;NT;N:84...AJ9 5..K4.86 6.7432.. 2.AQ9.3.;;♠8 ♣9 ♣J ♣A;5
S;NT;N:A6..Q.AQ .7.763.J .A.T9.9 .T3.4.T;♥J ♣6;♠6 ♠A ♣Q ♣A ♦Q;5
S;NT;N:87..T6.J 4.Q.Q3.K 2..75.8 J.8.J8.;♠A ♦A;♠7 ♠8;1
W;NT;N:A2.8.Q.3 ..8632.Q K95.4..9 .6.J4.J;♥T;♥8;2
E;NT;N:42..T5.Q .7..T86 86.4..3 Q.9.74.;♦3 ♣9 ♠3;♦5;3
E;NT;N:.A.9.KQT .4.65.7 98.87.. 2.2..J5;♣A ♦3 ♣9;♣T;4
E;NT;N:4.4.A3.7 T.7.7.5 AQ.K.5. 95..9.A;♠J ♦4 ♠2;♠4;3
W;NT;N:.62.A4.2 54.7.Q.A 2.A3.3.3 3..K7.J;♠J;♥2 ♦4 ♣2 ♥6;2
N;NT;N:.AJ3.T.7 Q85..A.5 T.75.K.A 64..7.83;;♣7 ♥3 ♥J ♥A;4
S;NT;N:3.AKT9.. 8.3.3.QT 6.4..98 .J.65.A;♥5 ♥6;♥9 ♥T ♥K ♥A;4
S;NT;N:.A.A4.74 Q7..K.AK K.92.3. T.JT..5;♥3 ♦J;♥A;3
N;NT;N:8.J7..J8 .853.A.6 62.4.5.K .AT.Q7.2;;♣8 ♣J ♠8;3
S;NT;N:J8.A6..3 .9.43.54 K.Q.A5. .T.QJ6.;♣7 ♦K;♣3;5
W;NT;N:2.J.J7.8 .762.T2. A5.Q.K4. .9.95.2;♣Q;♣8;3
S;NT;N:QT.A.3.Q .K3.8.A8 8..J2.K K.6.Q.6;♦A ♦6;♦3;2
W;NT;N:J54.3..T 6.75.75. 97.A8.K. 2..T.J7;♣K;♣T;2
N;NT;N:.QT3.6.Q .A2.T2.9 T.95.8.5 .8..T432;;♥T ♥Q ♥3 ♣Q ♦6;2
E;NT;N:A82.J..8 6.97.8. Q.4..K3 .52.AQ.;♠J ♦J ♠T;♠A;5
W;NT;N:5.K7.T.7 T..AJ6.Q Q.T.K93. 7.5.Q.9;♠6;♠5;3
S;NT;N:97.K.96. .A6.K.82 8.T.AJ. 3.85..4;♣A ♠K;♦6 ♦9 ♥K;5
S;NT;N:3.3.4.K9 875.J..2 4.Q.T.7 T6...T4;♠K ♠Q;♠3;5
N;NT;N:3.A.K.K6 J.T.65.J 7.K6.A7. .87.QT.3;;♣K ♥A;5
W;NT;N:..Q94.K9 7.7..A85 KQ65.J.. .2.7.J4;♥9;♦4 ♦9 ♦Q ♣9 ♣K;5
E;NT;N:A.K2.T.Q 9.3.86. .T.K9.K 7.A5..J;♣4 ♠2 ♦J;♣Q;5
E;NT;N:.AJ3.4.9 J3..8.6 7.76.A. A.T4.3.;♠Q ♣T ♦J;♥3 ♦4 ♥J ♥A;3
S;NT;N:.J2..872 AK5..T9. .74.64. ..Q83.Q;♦K ♠Q;♣2 ♣7 ♣8 ♥J;3
E;NT;N:.T96.4.2 9.4.62. AK.Q.Q. 32.8..3;♣Q ♠T ♣9;♣2;4
N;NT;N:95.83.J. 42..42.2 Q73.A.A. ..T6.KJ4;;♦J ♠5 ♠9 ♥3 ♥8;5
N;NT;N:T6.K4..T .Q.K2.53 K3.63.3. 2.2.A.A8;;♥K ♠6 ♠T;4
W;NT;N:K.5.K9.7 4.94.5.9 53.T.T.2 96.A.6.;♦A;♦9 ♦K;2
E;NT;N:8..7.A64 ..K2.T2 A73.J.. K5.Q.4.;♦T ♣Q ♥5;♦7;2
N;NT;N:.AKT..42 65.9..93 7..T92.J A3..6.K8;;♥T ♥K ♥A;3
N;NT;N:.54.T.Q6 J54..Q7. .98.K.52 K8.A..J4;;♦T;3
E;NT;N:A8..2.94 K.7.K.J Q.T.7.8 T..3.AT;♥8 ♥4 ♥9;♦2 ♣4 ♠8 ♣9;1
E;NT;N:3.AJT.K. T5.8.7. ..J.875 ..AQ62.;♣4 ♣K ♥K;♠3 ♥T ♥J ♥A ♦K;4
N;NT;N:.4..A752 843.J.J. K.QT.Q.8 J..K82.K;;♥4 ♣A;5
E;NT;N:A.54..J5 .32..T4 J63...6 Q.Q9.2.;♦7 ♥7 ♥A;♥4 ♥5 ♣5;1
E;NT;N:A.84.96. .K..K63 .A.T8.A KQ.T.5.;♦K ♦J ♠4;♦6 ♦9;4
N;NT;N:A.82.7.T 6.K.63.5 T4.7.Q.J K32.5..4;;♣T ♥2 ♥8;4
W;NT;N:64.76..4 ..T.8752 J.3.7.K6 7.KT..3;♣9;♣4;2
N;NT;N:.K.A75.6 .2.QJ2.5 T7..T4.7 2.Q6..84;;♥K ♦A ♣6 ♦5 ♦7;2
N;NT;N:T.QJ.J7. 5.T2.A.2 ..KQ9.QT K..62.87;;♦7 ♦J ♠T ♥J ♥Q;3
N;NT;N:4..K9.K7 A9.Q..J6 K.K43..5 8.9..A42;;♠4 ♦9 ♦K;2
W;NT;N:3.3.8.KJ 7..2.975 5.J8.Q3. .Q.K.Q3;♥6;♥3;3
S;NT;N:KT..K9.7 764.T3.. A5.Q6.. .9.T7.3;♣K ♠9;♣7;5
W;NT;N:8.T4.Q8. J.A3..Q5 A7.J.A.K .Q5..84;♦4;♦8 ♦Q;4
N;NT;N:..K8.T72 .Q7.6.A8 A.8.T9.5 963.9..K;;♦8 ♦K;3
S;NT;N:.Q4.T.A5 .J.63.K8 98.7..7 3.8.8.2;♠2 ♣4;♥4 ♣5 ♥Q ♣A ♦T;5
W;NT;N:4.A6.83. A6.9.4.7 Q83.J.6. .3.QT.2;♣T;♦3 ♥6 ♠4 ♦8 ♥A;1
W;NT;N:.2.Q9.A2 8..72.65 7.Q.T8.9 Q94..4.;♣7;♣2;5
W;NT;N:J.65.A.5 Q2..Q6.A 86..42.K .74..76;♦J;♦A;2
E;NT;N:Q.3.76.T 7.8..KQ 5..A5.3 98.Q..A;♥4 ♦2 ♣2;♥3;2
E;NT;N:..84.Q53 K6.6..6 4.KQ7.. 8..T.J4;♦J ♣T ♠Q;♦4 ♦8;1
S;NT;N:3.2.65.T 4.87.A.9 T.4.K4. 5.Q.Q.J;♠A ♣4;♠3;2
W;NT;N:7.T3.93. K.7..954 T2.KQ..Q .A62..7;♠9;♠7;3
E;NT;N:A..4.Q96 7..J87. 5.72..4 .93.32.;♥T ♥4 ♠2;♦4 ♣6 ♣9 ♣Q;1
W;NT;N:A7..43.A J.A8..K9 9..K7.T5 6.76..4;♠T;♠A;5
S;NT;N:73..A2.7 A.Q98.Q. .J.83.5 K.3.K.K;♦5 ♣4;♦A;1
S;NT;N:63..J.Q3 .J96.A.K Q.Q7.Q. .3.74.8;♥8 ♥K;♣3 ♠3 ♠6 ♦J ♣Q;2
N;NT;N:42.2.T2. K.3..842 .7.K5.T9 .Q4.J3.7;;♥2 ♦2 ♦T;3
E;NT;N:.J5.Q3.K T.8.2.7 J9.2.4. A.A..A6;♥6 ♠2 ♣9;♥J;3
W;NT;N:K.65.4.6 J6..82.2 T.A4.AT. 84...K7;♠2;♠K;5
S;NT;N:AK.3.9.Q J..A6.97 7.J9.7. 2.K..A8;♣5 ♦4;♣Q;3
N;NT;N:AK.2.43. QJ.5.J.A 7.8.KT8. 9.4.Q6.8;;♥2 ♠K ♠A ♦3 ♦4;4
N;NT;N:532.K.5. K..6.JT4 J..J987. Q.T4.2.A;;♥K;5
W;NT;N:2..T2.65 3.87.K7. J.4.A.T8 7.K2.6.;♠9;♠2;4
S;NT;N:.AK9..T3 QT8.8..8 ..J8.Q5 4.7.K.9;♣7 ♠3;♣T;5
W;NT;N:.KQ.6.94 .75.K2.7 .J.7.KJ2 K6...QT;♥9;♥Q ♥K;3
N;NT;N:K9..2.A8 A8765... .A.AKQT. Q.K2.J5.;;♦2 ♣8 ♣A;5
W;NT;N:4..953.K J.AQ4.T. A765...7 .7.Q2.J;♣Q;♣K;5
E;NT;N:A.K.J9.8 K.9.T.3 Q.7.3.9 82.J.7.;♣T ♦2 ♥2;♣8;4
E;NT;N:K.95.7.5 A.J.J9. 97..85. T.KT..4;♠Q ♦6 ♥2;♠K;2
W;NT;N:4.T9.A.Q .Q.T5.A8 T.3.J.KT .5.9.53;♠J;♠4;1
N;NT;N:T3.92..7 94.74..Q J..QJ9.4 .AT.K64.;;♠3 ♠T ♥2 ♥9;2
S;NT;N:3.A4..75 A2..6.A4 85...63 .T.98.2;♦A ♣K;♥4 ♠3 ♣5 ♣7 ♥A;3
W;NT;N:AT.6..KQ 5.5.3.32 J.8.8.J9 K.J7.5.;♦7;♥6;5
W;NT;N:T.T9..KT 9.6.A3.4 74.J.9.3 Q..742.;♠8;♠T;5
E;NT;N:Q6.J..75 .A2.2.K 5.5.T4. 9..3.J8;♦5 ♦J ♦6;♣5 ♣7 ♥J;5
S;NT;N:..AK6.T6 J.Q4.J8. .K7.92. Q..Q3.5;♣K ♦4;♣6 ♣T;5
N;NT;N:.4.Q82.8 A5.K2.J. .JT8.76. J9.9.T.Q;;♦Q;3
S;NT;N:A8.5.JT. 72.8..97 5.J..Q2 J.Q3.3.;♠K ♦8;♠8;5
S;NT;N:K6..742. Q54..5.8 3..JT.7 .T.AQ3.;♦8 ♥Q;♦2 ♦4 ♦7;3
N;NT;N:KT..T7.9 Q.8.842. 4..QJ3.7 J82.6..Q;;♦T;5
E;NT;N:5.3.A.62 KJ.5.5. .AJ4..5 8.9.J.8;♠3 ♠7 ♥6;♠5;4
N;NT;N:K9.2.5.A A..Q8.54 T3.87..9 Q5.4.74.;;♥2 ♣A;3
S;NT;N:9.9.Q.72 T62..3.6 7.8.8.9 .J2.97.;♣8 ♦A;♣2 ♣7;3
E;NT;N:A.9.T.AQ .62.3.7 9.QT..5 8..6.J3;♦7 ♥K ♥3;♦T;5
S;NT;N:6.9.T4.A A3.T.75. ..Q8.T6 T.K.A.4;♣7 ♦J;♣A;1
W;NT;N:A..AQ.KT T4.7..75 K872...6 9..73.J;♥4;♣T ♦Q ♦A ♠A;4
E;NT;N:A.T..A43 .6.Q8.6 6.A3.6. K8..2.2;♣5 ♥9 ♠Q;♣A;4
E;NT;N:K2.QT.2. 6..AQT. .5.5.Q3 .A.6.A2;♠4 ♥2 ♣4;♠K ♠2;1
W;NT;N:A872..Q. 6.5.J8.T 9.J.5.K6 ..K7.J9;♠5;♠A;4
N;NT;N:Q.97.7.6 .KJ3.J9. K963...7 4.6.T.92;;♠Q;4
E;NT;N:4.6.83.J .K942.. .AQ7..T 7.5.K.8;♣A ♣7 ♦2;♣J;3
S;NT;N:Q5...A75 T6.3.9.J 82.T9.. .K6.Q.8;♦A ♦T;♠5;5
E;NT;N:7.82.5.6 6.J.9.4 K9..J.2 J..A6.T;♦4 ♥6 ♥Q;♦5;3
E;NT;N:A.A.T.96 T9.9..2 .5.752. ..AKQ3.;♠Q ♥K ♥3;♠A;4
S;NT;N:8..75.K4 J6.7..J7 ..QT4.8 .K6.3.T;♠Q ♠3;♠8;5
W;NT;N:.J3.92.T Q.4.KJ4. .AT.5.92 T.6..K6;♦7;♦9;1
S;NT;N:9.J5.85. Q..QJ3.2 T.A2..8 2.86.4.;♥3 ♠6;♥5 ♥J;3
W;NT;N:T2.5.Q.8 J.A.T73. 3.8.K6.7 K..4.KJ;♠6;♠2 ♠T;1
S;NT;N:4.A.A9.K 96..2.A7 .Q52..6 T8.8..3;♣T ♥K;♣K;1
N;NT;N:Q.AQ5..5 A.J.9.AQ KT..J6.4 J2..73.T;;♥Q ♥A;3
N;NT;N:.65.K.K4 6.4.J.QT KT5..8.J J72.8.7.;;♦K ♣K;4
E;NT;N:2.7.75.A .J8..QT Q..9.93 .KQ.2.8;♥A ♥9 ♦Q;♥7;2
S;NT;N:9.AJ4.6. Q.9..876 5..A9.4 32..T.K;♠K ♦Q;♠9;4
S;NT;N:T.73..QJ .AJ9.9.9 K.5.A.5 .2.Q7.K;♠3 ♣4;♠T;1
W;NT;N:AQ7...Q6 KJ.AK.J. 32..3.87 4.94.K.;♦5;♠7 ♣6 ♠Q ♣Q;2
N;NT;N:8..5.Q94 K.AK.2.2 .53.8.87 T.92.A4.;;♣4 ♣9 ♣Q;3
S;NT;N:..K4.JT4 2.6.85.A 3.J..Q9 T7.4.3.;♠4 ♦9;♣4 ♣T ♣J ♦4;4
N;NT;N:.T.52.42 J4.Q..Q5 K.32.7.J 876...T9;;♥T ♣2 ♣4 ♦2 ♦5;2
W;NT;N:.J.Q8.63 AT5.T.T. 7.Q6.2.4 J.32..A;♥8;♥J;4
N;NT;N:Q4.A8..A AK86..7. 7.5.J62. 2..A8.53;;♥8 ♥A ♣A;3
S;NT;N:T6.J.8.J .6.95.K9 K.A9.T. ..Q7.64;♦J ♠8;♦8;4
W;NT;N:2.3.32.4 6.2.KT7. 8.KT8.Q. A75..9.;♥Q;♥3;3
S;NT;N:.Q.AJ82. Q.KT..K5 9.3..AT .7.53.6;♣Q ♥9;♦2 ♦8 ♦J ♦A ♥Q;1
N;NT;N:.K7.A3.9 4..76.86 A8..Q8.T T.AJ.5.2;;♦3 ♣9 ♦A;5
E;NT;N:A.A7..AQ 972.T.. .J2.7.3 Q6..AJ.;♦Q ♦K ♠K;♥7 ♥A ♣Q ♣A ♠A;5
S;NT;N:..87.KQ9 .J73.J.T 9.6.K.3 2.A2..8;♠K ♦A;♣9 ♦7 ♦8 ♣Q ♣K;5
S;NT;N:Q9...QJ9 7.K8.7.6 J.Q2..3 K.6..T2;♠6 ♥J;♠9 ♠Q;4
W;NT;N:42..K7.4 7..J42.A Q.85.T.T .QT.53.;♣J;♣4;2
W;NT;N:862..T5. 74.8.Q.9 .AT.82.6 J.4..84;♥J;♠2 ♠6 ♠8 ♦5 ♦T;2
W;NT;N:J.4.432. .T7.Q.K5 8752.K.. .952.8.;♣7;♦2 ♦3 ♦4 ♥4 ♠J;2
E;NT;N:T.7.Q2.4 .432.9. 8.A6.4. Q9...T6;♠A ♦6 ♣A;♠T;4
E;NT;N:A5..K.K5 K..85.7 Q93.A.. .Q..AT6;♦T ♥2 ♦A;♦K;3
S;NT;N:92.8.9.9 A.6.8.Q4 3.T..AT ..54.K6;♥2 ♠K;♥8;4
S;NT;N:4..J4.74 93.72.7. KT...Q3 7..32.T;♠J ♦5;♠4;5
S;NT;N:7.7.AT.6 .9.86.A7 QJ.6.K. .Q.2.32;♥A ♦9;♥7;5
N;NT;N:J9.7.8.A KQ.JT8.. .9.AT3.T 54.3.97.;;♦8 ♣A;4
E;NT;N:82.8.K.K .2.5.87 4..T94. 6.6.J.6;♣3 ♣A ♦7;♣K;5
W;NT;N:J..AT.K7 Q.K..T65 4.A32..Q ..53.93;♦9;♦T ♦A;5
S;NT;N:8..54.97 .KT2.K8. 9.A7.3. 6.J.6.T;♥Q ♣2;♦4 ♦5 ♠8 ♣7 ♣9;2
N;NT;N:.AQ4.3.2 7.3.4.J8 93.72.9. J.5.Q6.Q;;♥4 ♥Q ♥A;3
E;NT;N:6.KT..75 8.6.K6. 4.A.J9. .J87..T;♣K ♦8 ♥4;♣5 ♣7;2
E;NT;N:.A8.AJ9. 53.4.K. 8..Q.A6 K.K9..T;♥5 ♥T ♠2;♥8;5
E;NT;N:A.J5..83 6.4.T9. T.7..A4 J.Q8..6;♦2 ♥9 ♦A;♣3 ♣8;3
W;NT;N:8.8.J.43 J7..A.52 AQ..832. K.Q65..;♣J;♣3 ♣4;1
W;NT;N:86.A.K7. 92..J3.5 .8.A.J92 T.T5..Q;♥4;♥A;2
W;NT;N:K9.J.J.A 7.975.T. J4.K.4.J Q.T..87;♦Q;♦J;4
N;NT;N:Q.K.K5.4 K..T82.Q 8.J.Q.K7 .AT6.6.8;;♣4 ♦5;4
E;NT;N:J.A.K.JT A.9.T3. 8..J4.K .4.62.6;♥Q ♦Q ♦9;♥A;4
W;NT;N:..AJ97.J Q.J3.Q.A 7..82.K5 .5.K.42;♣7;♣J;1
N;NT;N:J8.9.95. 7.J.AT.6 T.3.K.J5 A5.A.J8.;;♥9 ♦5 ♦9 ♠8 ♠J;1
N;NT;N:A.3..Q86 .T7.T.K3 J3.A.J.9 .Q.Q83.4;;♠A;3
W;NT;N:QT..96.5 .6.843.7 K.QT.7.K 42...J8;♦J;♦6 ♦9;4
W;NT;N:.T6.8.KJ A7.J.2.3 .K93.Q.7 .8.T4.T;♦J;♦8;5
S;NT;N:8.A843.. KQ5.Q..J J..K.A4 .T9.4.9;♣7 ♠7;♥3 ♥4 ♥8 ♠8;1
N;NT;N:7.A6.K6. 42..QJ.2 3..98.K5 9.874.2.;;♦K ♠7 ♦6 ♥A ♥6;2
E;NT;N:..Q.K943 .J.J62. .A9.T.7 .T.A98.;♠3 ♠7 ♠6;♣3 ♣4 ♣9 ♣K ♦Q;5
S;NT;N:9.J.96.K J.KQ5.2. K..KJ.2 Q.A2..3;♣4 ♦4;♣K;4
W;NT;N:4.9.AQ.9 A98.K3.. J52.Q..J .4.KT.5;♠T;♠4;2
S;NT;N:.Q.Q.876 T4.A8..J 82..6.3 Q..4.QT;♦3 ♣4;♦Q;1
N;NT;N:T.Q.2.65 KJ8.K7.. 95.A2..3 ..875.J7;;♥Q ♠T;1
W;NT;N:7.Q6.3.6 T.4.AQ.3 KJ.T..J2 5..J4.4;♦6;♦3;3
W;NT;N:A.T9.J9. 42.75..K J6..T.95 .6.Q.A3;♥2;♥9 ♥T;3
N;NT;N:T.T.Q.93 K85...J2 7.2.75.4 Q.4.JT9.;;♥T ♦Q;2
N;NT;N:K..J5.KT 2.7.6.62 J3.4.A.9 .AQ96.2.;;♦5 ♦J ♠K ♣T ♣K;5
W;NT;N:AQ.7.K7. .J53.4.2 2.Q.2.64 .K8..A7;♦8;♦K;4
E;NT;N:K8.7.6.6 6.A5.K. .T.42.T .4.85.3;♣2 ♠2 ♠9;♣6;3
N;NT;N:.J62.5.A Q4.5.96. A.Q3.QJ. T.AKT..6;;♣A;4
N;NT;N:8...A763 9..K98.8 6.K9.4.Q J5.A.3.5;;♣A;4
E;NT;N:6.A.4.Q5 Q.95.8. J..AQ.8 K..T.64;♥Q ♣9 ♠8;♥A;4
E;NT;N:J.86.6.K ..KT2.4 7..98.J .3.A3.6;♣5 ♣2 ♣9;♣K;4
N;NT;N:5.KQ6..K T8..7.72 J..2.T96 A7.52.9.;;♣K ♥6 ♥Q ♥K;4
N;NT;N:9.9.T.J2 K4..42.6 T.6.K.T7 .Q.AJ.K9;;♣2 ♣J ♥9 ♦T;1
N;NT;N:2.T.K.74 .7.Q6.T5 T7.9.5.K KQ..7.J6;;♦K ♥T ♣4 ♣7 ♠2;3
E;NT;N:.K32.8.4 Q6..3.J 9..KJ2. A3.J.5.;♣5 ♣Q ♥7;♣4;5
S;NT;N:64.K2.Q. J2.8.T6. T5.3..T .AQJ..5;♠7 ♦2;♠4 ♠6;3
S;NT;N:732.6..5 T.A9.3.4 9.J.7.J J..K8.9;♦T ♣K;♠2 ♠3 ♠7 ♥6 ♣5;2
W;NT;N:7..K4.K2 ..J5.965 T6.8.8.8 K.J.9.T;♥A;♣2 ♦4 ♠7;2
N;NT;N:.K2.92.5 2.98.K.2 6..543.3 .7.Q6.A7;;♥K ♦2 ♦9 ♣5;1
E;NT;N:J.K765.. 6..94.K A.A4.Q. .Q..832;♣A ♥T ♠T;♥5 ♥6 ♥7 ♥K ♠J;3
S;NT;N:K3.K3.4. ..AQ7.93 4..K9.6 T9...Q7;♣J ♠A;♠3 ♦4;4
S;NT;N:3.3.2.K7 K...AQ96 .64.J.2 8.AK.9.;♠6 ♦3;♠3;2
N;NT;N:AJ7..T.5 9.A.KJ.T .Q8.Q3.6 Q6.7.7.9;;♦T ♣5 ♠A;2
N;NT;N:.A.A72.9 6.3.K.QT A3.T..52 Q9.8.8.J;;♦A ♥A;4
N;NT;N:.A43.4.7 5.J.8.K9 .T6.2.J5 Q32...A6;;♥A;2
E;NT;N:87.3.T.T .Q.Q.Q4 Q.J7.9. K32...A;♣2 ♦2 ♣3;♣T;2
W;NT;N:9.9..T65 Q.7.QJ8. KT2.A.6. ..5.742;♠7;♠9;4
N;NT;N:.Q6.K.K8 73.9.84. A6..5.72 8.J8.3.A;;♦K ♣8 ♣K ♥Q ♥6;3
S;NT;N:5.2.Q8.J K.K.7.K8 .9.T.96 .T.K.QT;♠A ♦A;♠5;1
W;NT;N:A.K.J3.K KT7.AJ.. 3.7..JT9 .83.2.4;♥5;♥K;3
E;NT;N:J8.K5..T .2.Q.97 AK.J9.. 5.Q.73.;♦8 ♦A ♠Q;♥5 ♠8 ♠J ♣T;5
W;NT;N:K54.9..3 .54.Q4.9 72.8.6.J .J..Q74;♠3;♠4 ♠5 ♠K;3
N;NT;N:.A3.QT.T A2.7.9.7 .5.A3.84 K4.K..A5;;♥A ♦T ♦Q;4
S;NT;N:A54.2..T 9.KT8..Q 2.7.9.7 8.A.J.3;♣A ♦3;♣T;5
E;NT;N:43.8.J6. K.54.Q. ..T.J42 T.T.7.7;♦3 ♥9 ♠A;♦6 ♦J;1
N;NT;N:54.8.QT. 2.K2.3.A .65.4.97 .J4.A8.J;;♠4 ♠5;2
N;NT;N:.3..KJT8 KJ..7.AQ 83.T.4.4 .98.Q9.5;;♥3;1
W;NT;N:7.65.Q.Q T3..9.85 .K9.J.A3 J.J..T6;♦A;♦Q;3
N;NT;N:.A.T85.Q .7.AJ.94 Q.T8..86 84.KJ4..;;♣Q ♥A ♦5 ♦8 ♦T;2
E;NT;N:T84...42 J.5.6.9 .KQ9.8. .4.T7.8;♠6 ♣3 ♣7;♠8 ♠T;1
N;NT;N:2.53.64. 97.J.9.T K.4.J.94 J.62.2.K;;♦4 ♦6;3
E;NT;N:T..JT7.J 6..5.75 A.J7.8. 9.K4.4.;♣4 ♣K ♠K;♣J;5
E;NT;N:K4..T5.K .8.Q9.5 .Q2.A.J A.J.J.7;♠Q ♦4 ♠8;♠K;5
E;NT;N:A..8.J52 4.8.6.9 J9.43.. .9.7.A3;♣6 ♦J ♠K;♣J;3
N;NT;N:7.A.K9.Q J3..852. .K4.7.J4 52.5.3.3;;♦9 ♦K ♣Q ♥A;4
N;NT;N:92.A5..2 A.6.76.4 .4.AQ4.J J.Q2.3.5;;♣2 ♥A;5
W;NT;N:AT.Q6.4. K42.5.5. 9..Q9.82 8.2.8.J;♠J;♠A;5
S;NT;N:5.K.632. Q.A874.. .T.JT.K A.6.7.3;♥2 ♣6;♥K;3
S;NT;N:.86.Q2.J 8..94.Q8 ..KJ.KT T9..75.;♦T ♠4;♦2 ♦Q;5
E;NT;N:.83.96.6 ..2.K74 K3..QJ. Q95.T..;♣Q ♦8 ♥A;♣6;1
W;NT;N:63..J2.6 85..3.T9 94.8.K.K .Q52..5;♥6;♠3 ♦2 ♠6 ♣6 ♦J;4
E;NT;N:QJ5..Q.4 94.Q.8. 8.7.4.9 .8.A.K2;♠7 ♥9 ♥K;♠J ♠Q;2
E;NT;N:3.Q.T4.6 Q.AJ..7 ..A.KT4 K.4.Q.9;♦7 ♥8 ♣3;♦T;5
S;NT;N:32..J.A4 9.AT.82. Q.J6..8 A.9..QJ;♥5 ♠K;♣4 ♠2 ♠3;2
S;NT;N:97.Q.K.8 .86..K94 6.3.84. .9.7.T2;♣7 ♣J;♣8;2
N;NT;N:.J43.7.J 2..Q4.53 AT96.2.. .K.K3.64;;♥3 ♥4 ♥J;2
S;NT;N:..T75.KJ .3.Q3.83 AT.K.J. Q.7.9.T;♦8 ♦K;♦5 ♦7 ♦T;3
S;NT;N:Q9.K9..8 .T.J.A42 3.8.6.5 8.AJ6..;♣Q ♠J;♣8;2
N;NT;N:AT8...J8 Q3..8.A6 765..K9. .T2.Q4.3;;♣8 ♣J ♠A ♠8 ♠T;3
E;NT;N:72.4..A9 5..K6.Q 9.J2..7 .973..T;♠3 ♦Q ♠4;♠7;5
W;NT;N:2.9.75.3 QT7..J.2 J6.A..T9 8.8.K.6;♣J;♣3;1
W;NT;N:T2..6.43 6.72..52 .83.743. 5.4.T8.;♦2;♦6;4
E;NT;N:2..QJ5.3 .4.64.J .85.3.A 93.7..T;♠6 ♦2 ♥9;♠2;4
N;NT;N:.865.T.7 9.4.4.A4 Q852...3 .7.Q8.QT;;♥8;3
N;NT;N:J.J96..8 4.5.9.K6 Q..T874. ..KJ.A52;;♥6 ♥9 ♥J;4
N;NT;N:3.Q.J.83 T7.63.4. J.9.AK.A 5.A.987.;;♠3 ♦J ♥Q ♣3 ♣8;4
N;NT;N:J7..K.83 .Q.Q8.K4 T8.4..A5 93.A.6.T;;♣3 ♣8 ♦K ♠7 ♠J;4
S;NT;N:A8..64.J 4.62.K.4 6.Q.8.K J2.A4..;♦5 ♠T;♦4 ♦6;2
N;NT;N:6..Q.642 J3.7.5.9 A7.J.7.7 98.Q..85;;♠6 ♦Q ♣2 ♣4 ♣6;2
E;NT;N:.7.3.532 J6..8.9 K8.6.4. QT.K8..;♦9 ♥3 ♣8;♦3;1
N;NT;N:9.72.J.4 T8.K.8.5 632.8..A A.J..963;;♦J ♠9;2
W;NT;N:63.Q4..9 97.A5..3 .97.86.2 J8.2..5;♦Q;♠3 ♠6 ♥4 ♥Q;1
N;NT;N:84.K9..A 5.T3.74. 9.7.5.43 .2.93.T9;;♥K ♠4 ♠8 ♣A;4
N;NT;N:43..32.K Q.T8..J7 A7.AJ3.. T5.Q6.J.;;♣K;4
W;NT;N:J.K.543. A6.A8..9 7.32.6.J 4.Q.2.7;♣8;♦3 ♦4 ♦5 ♠J ♥K;2
W;NT;N:.T.T7.J4 J8.3.92. .J754..7 94.92..;♦K;♦7;2
S;NT;N:63..72.T Q8.65..Q .QJ3..J ..K.A93;♦3 ♠K;♦2;4
E;NT;N:.T4.KT.Q A9.J..5 J2..2.7 .A72.6.;♣9 ♥6 ♣6;♣Q;3
W;NT;N:6.72.T.7 J.A3.J9. KQ98..K. .Q5.42.;♣T;♣7;2
E;NT;N:Q8.53.9. A..6.J9 .K7.T.5 6.A.8.8;♠3 ♦Q ♠4;♠8 ♠Q;2
S;NT;N:6.T.7.J5 .3.Q8.42 8.A..KT 5.6.K3.;♠Q ♥2;♠6;5
N;NT;N:6.874.6. 8.5.2.A4 2..AK4.2 4..Q95.7;;♥7 ♥8;5
S;NT;N:8..T75.J K6.87.8. 53.2..7 J4.3.6.;♥Q ♠9;♠8;5
E;NT;N:K5..8.Q2 7.93.3. .T6..J8 93.J.A.;♦T ♣5 ♦7;♦8;2
W;NT;N:JT.KJ9.. 7.Q4.Q9. AQ.7.7.K ..T4.Q9;♥6;♥K;4
E;NT;N:765..3.A 9.2.7.6 K..5.84 Q..2.97;♠J ♠T ♣2;♠5 ♠6 ♠7;2
W;NT;N:A.J.T98. QT2.K..9 97.A.42. 5.96..2;♣A;♦8 ♦9 ♦T ♥J;3
E;NT;N:..KJ72.8 K6.2.9. .Q7.8.T 9.J.Q.A;♣7 ♠4 ♦T;♣8;5
S;NT;N:7.8.2.A6 J.Q7.T.9 A8.9.J. K.5.8.J;♥T ♦4;♥8;4
E;NT;N:86.T9.T. 2.52..8 5..Q2.J 94...32;♦7 ♣K ♣5;♦T;4
E;NT;N:3.9.K.Q5 85.K..8 J6.8.4. 7.T.3.6;♦J ♦Q ♣7;♦K;5
W;NT;N:3.3.5.JT T7.Q..53 .AK.6.K2 Q8.5..4;♠5;♠3;2
S;NT;N:6.7.K.KQ 85.K.A4. 3.T.9.T Q...854;♠A ♠T;♠6;3
W;NT;N:AQT..J.K 4.J.A6.9 93.94..6 J6.A5..;♥T;♠T ♠Q ♠A ♦J;2
S;NT;N:J.74.T.4 76.Q.3.J ..AQ2.8 95.2..5;♠2 ♥6;♠J;4
S;NT;N:T7..62.6 32.4..Q4 .9.A.75 .73.8.8;♣2 ♥J;♣6;2
W;NT;N:6.73.T.9 .Q84.Q.4 .J52.73. 7..98.Q;♣6;♣9;3
S;NT;N:2.Q6..K7 7.3.86.T Q6.5..5 3.J.KJ.;♣3 ♥K;♣K;5
W;NT;N:T5..JT.7 6.T.K.Q5 AK4..42. Q..A.64;♥A;♠5 ♣7 ♠T ♦T ♦J;1
W;NT;N:T.J4..97 Q3..A.Q5 .87.T4.3 98.3.9.;♥5;♥4 ♥J;2
S;NT;N:A.54..97 J.J.Q.43 2...AJ5 .98.8.K;♣T ♦6;♣7 ♣9;5
N;NT;N:95.3..Q6 .A6.5.T5 43.8.9.3 .Q.KQ2.9;;♣Q ♠5 ♠9;3
S;NT;N:2.2.J85. A.K..954 KT.7..K 8.A9.A.;♠Q ♣2;♠2;1
N;NT;N:543..Q.7 A2.A.9.9 .K.5.KJ8 .T4.T3.T;;♣7 ♦Q;4
N;NT;N:3.T.6.Q3 72..Q5.J 4.65..K5 A.983..T;;♣3 ♣Q ♠3 ♥T;3
N;NT;N:A.2.QJ.5 96.Q6.9. Q.J8.K2. 8.9.A.T3;;♦J ♦Q ♥2 ♠A ♣5;1
E;NT;N:.6..Q632 A..76.8 8.K8.9. QJ2...7;♥J ♦2 ♦Q;♥6;3
W;NT;N:.AQ2.T.9 8..J92.3 KT.J3..2 .T6.8.4;♦3;♦T;2
N;NT;N:.AT.Q75. 3.52.98. 7.96..J2 J5.84.K.;;♥T ♥A ♦5 ♦7 ♦Q;2
N;NT;N:K.T..T82 98.AK2.. .J.AT9.7 5.93.Q.3;;♠K;5
E;NT;N:.8.6.A82 3..2.K6 5.Q.K.3 84.2..4;♥6 ♦5 ♠Q;♥8;4
S;NT;N:.4.K.T86 K2.J..AQ ..AT43. 9.2..75;♦5 ♥3;♦K;1
S;NT;N:4.Q4.J3. Q.52.K.4 .T.5.T6 96...J2;♥7 ♦2;♥4 ♥Q;2
E;NT;N:63.6.J8. 4..A74. T...Q83 J.2.Q.4;♣5 ♠Q ♠A;♠3 ♠6 ♥6;1
S;NT;N:.72.K2.T .9.AT6.3 5.A6..Q 4.T.8.4;♣A ♥3;♣T;5
W;NT;N:Q6.42..5 .QT.3.Q3 84.A6.4. AKT.8..;♦7;♥2 ♥4 ♠6 ♣5 ♠Q;1
S;NT;N:.AT6.64. Q.KQ.T2. K.3.A3. A95.8..;♦7 ♣4;♦4 ♦6;1
E;NT;N:.J54..Q3 5.8.Q.A .62.A.J K92..8.;♥3 ♥Q ♣4;♥4 ♥5;4
S;NT;N:.K43.J.Q J9.J.T.8 ..A5.A6 6.6..T4;♠3 ♠Q;♥3 ♥4 ♦J ♣Q;3
N;NT;N:AK..Q.T4 .KT..982 Q6..J.63 J..AK8.J;;♠K ♠A;2
W;NT;N:A7.QJ..5 2.86.Q8. 96..752. JT.K.J.;♥9;♥J ♥Q;3
N;NT;N:.J.QJ2.T 4.95.7.9 T..K8.J5 A3.3..K7;;♥J ♦2 ♦J ♦Q;4
S;NT;N:K4.Q2.A. .6.953.K J8.K..3 93...Q4;♠T ♥7;♠4 ♠K;5
S;NT;N:7.A.52.3 .T4..K76 J9..96. 53.K.7.;♣J ♣A;♣3;4
E;NT;N:.KQJ.Q.2 54..KT. 97...84 Q..6.QJ;♥5 ♦5 ♥8;♥J ♥Q ♥K;3
W;NT;N:.T7.T6.A Q.8.7.93 T9.9.A.Q .A52.8.;♠2;♦6 ♦T ♣A;3
W;NT;N:9.9854.. Q7.A.7.8 J..65.Q3 8.6..75;♠A;♠9;1
W;NT;N:9.83..32 5..94.QJ K8.2.72. .6.T.KT;♣4;♣2 ♣3;1
W;NT;N:4.K53.4. 7.T.T.J6 KT.A96.. .Q.6.T3;♥J;♥3 ♥5 ♥K;5
S;NT;N:J.965..8 Q..JT5.A 8.T7..3 KT3.3..;♥4 ♣Q;♥5 ♥6 ♥9;3
W;NT;N:A.J.Q5.5 .96.A.QT 96.Q.J.A QJ2..4.;♠5;♠A;3
S;NT;N:JT.Q.7.A .2.AJ8.T 2..T2.3 5..6.J7;♣2 ♦3;♣A;4
S;NT;N:4.2..KJ7 A..AT2.4 3.Q.Q.3 .3.75.Q;♠5 ♣5;♠4;1
E;NT;N:.7.87.97 2.952.. 9.J43.. 653..T.;♥K ♦4 ♦K;♥7;3
S;NT;N:J6..7.KT Q.Q7.64. .K.J9.6 .63..A7;♠3 ♠A;♠6 ♠J;3
W;NT;N:A8...T42 Q.Q43..J 62.7.95. J7.T..Q;♥6;♠8 ♣2 ♣4 ♣T;1
E;NT;N:K52.T5.. 7.8.73. 3.Q.T.7 86.9..Q;♣6 ♥7 ♣8;♠2 ♠5 ♥5 ♥T;3
E;NT;N:4.9..A98 9.AT..5 ..9.KQ4 5.5.5.3;♦4 ♠K ♣J;♣8 ♣9 ♣A ♥9 ♠4;1
N;NT;N:93.63.Q. JT..5.K4 ..KJ6.J5 .842.9.Q;;♦Q;3
N;NT;N:.Q9.42.Q 4.T2.K.T 98.J.6.8 KQ..J3.4;;♥9;3
W;NT;N:97.6.J8. Q4.J2.A. .T4.Q.J3 .AK8..Q;♣T;♥6 ♠7 ♠9 ♦8 ♦J;1
N;NT;N:.6.AK.54 5.KJ.6.A 86.3.J.T 2.5.Q9.3;;♦K ♦A ♣4 ♣5 ♥6;2
S;NT;N:AQ9.T.K. 6.K74..Q 8..97.A .J.6.J7;♦3 ♠3;♦K;4
E;NT;N:2.96.8.7 3..2.QJ T5.4.A. 4.J.J9.;♣6 ♦4 ♠K;♣7;4
W;NT;N:K.765..T A72...A4 QT..J9.J 86.K.8.;♣5;♣T;1
S;NT;N:6.83..T3 .J.Q.984 2..J2.Q ..A7.K7;♠8 ♣6;♠6;2
N;NT;N:J7..2.J9 3..K8.76 .86.J7.8 2.A.A.KQ;;♠7 ♠J;2
N;NT;N:82..Q.AT .T82..73 3.A3..K6 AQ.4..84;;♣T ♣A ♦Q;4
S;NT;N:643.6..8 8.A8.42. .K7..64 J.T5.T.;♠A ♦3;♠3 ♠4 ♠6;2
W;NT;N:.KJ4.K5. 6.T..AJ2 J.A7.8.K .3.63.7;♣T;♥4 ♦5 ♥J ♥K ♦K;2
N;NT;N:Q7.A..84 T43.T.K. .J9.Q64. 92.2.J.9;;♥A ♣4 ♣8;3
N;NT;N:.K4.A52. Q.A3.73. .J..K965 A6.T.8.T;;♥4 ♥K;2
W;NT;N:.2.A42.4 T.Q.QJ7. .J..J732 .T5.98.;♠J;♦2 ♦4 ♥2;3
E;NT;N:A..73.74 72...J6 .K9.T.T .8.Q.Q8;♥Q ♣A ♥6;♣4 ♣7 ♦3 ♦7;1
N;NT;N:K8..T.K9 3.2..Q82 J.K.42.7 .86.J76.;;♠8;4
N;NT;N:5..K42.6 .K2.75.9 T.73..KT J94...J7;;♦K;3
N;NT;N:52.Q..T3 AJT4..7. 83.6.64. K9..3.K2;;♥Q;1
W;NT;N:98..T.JT J6..A5.4 3.A3..A3 74.7..Q;♣K;♣T ♣J;3
E;NT;N:.7.6.543 85.A.K. Q..9.K6 7.T2.8.;♣J ♥6 ♥J;♣3 ♣4 ♣5;2
N;NT;N:9.7.6.Q9 5.K..653 K4.T.A3. 6.3.8.A2;;♠9 ♦6;4
N;NT;N:Q2.Q.4.A K8.T.5.J 4.65..72 .A.QT2.3;;♣A ♥Q;1
W;NT;N:7..J43.J .6.76.T2 A42.A7.. KJ8..9.;♥9;♦3 ♦4 ♦J ♠7 ♣J;3
N;NT;N:T86...76 .T65..T5 J...K942 Q5..9.J8;;♣6 ♣7 ♠6 ♠8 ♠T;2
N;NT;N:.2.32.T4 .Q3.KQ8. K.5.J.Q6 A5.8.75.;;♣4 ♣T;2
S;NT;N:K87..4.Q 2.4.T5.K 9.63.K. 3.J2.9.;♠J ♥7;♠7 ♠8 ♠K;4
S;NT;N:KJ6..8.A 4.7.9.K4 ...QJ87 3..Q2.9;♥9 ♦6;♦8;5
N;NT;N:JT.A4.7. 62.7.8.K Q.K.64.3 975.QT..;;♥4 ♥A ♦7 ♠T ♠J;3
W;NT;N:T6.42..3 .Q.QJT.9 82..K53. KJ3...4;♥7;♥2 ♥4;1
W;NT;N:T5.J.J9. .62.6.A4 KQ.Q54.. 6.98.8.;♦A;♦9 ♦J;4
S;NT;N:A8..K.AQ .J97.QJ. .K.82.J T.T.A9.;♥Q ♥3;♠8 ♦K ♣Q ♣A;5
W;NT;N:K9..94.8 8.J..AK3 T.2.763. A..QT.9;♠J;♠K;1
E;NT;N:A63..K5. K.J8..2 9.97..A J8.K4..;♦7 ♣7 ♥Q;♦K;3
E;NT;N:2.4.3.76 .Q3.8.A A3.T7.. Q5.6..8;♠K ♥5 ♠6;♠2;1
W;NT;N:A5.A.A.5 8.KQ3..8 96.T.7.A .86.64.;♣J;♣5;5
S;NT;N:A9.J.2.9 Q..7.KQ3 .T4.J.4 ..QT93.;♦A ♣A;♦2;4
N;NT;N:.62.QJ8. J.Q..AK5 953.4.A. .KJ8..J2;;♦8 ♦J ♦Q;1
E;NT;N:..3.AK43 5..5.82 8..KJ.9 T..8.J6;♦T ♣7 ♥6;♦3;3
W;NT;N:3.852..8 KJ4.3.T. A..J983. ..K42.7;♥6;♥8;5
E;NT;N:.QJT5..T .7.7.Q5 Q.A.4.7 9.4.K5.;♥3 ♣K ♠4;♥5 ♥T ♥J ♥Q;3
E;NT;N:.A4.AT.7 94.8.K. .J.Q8.A 6..54.3;♣K ♥2 ♦2;♣7;2
N;NT;N:K7..A6.Q 4.52.K.6 8.94..T4 J.73.9.J;;♦A ♠K ♣Q;5
N;NT;N:.A.7.J87 6.74.J2. A.8.T.T6 .T9.K.43;;♣7 ♣8 ♣J ♥A;5
E;NT;N:.AQ8.7.5 T3.4.Q. KJ..T6. 85..98.;♠9 ♠4 ♥K;♥8 ♥Q ♦7 ♥A ♣5;3
W;NT;N:.JT8.85. 5.K.2.32 J.53.AT. 42.6..4;♠7;♥8 ♥T ♥J ♦5 ♦8;3
S;NT;N:J97.J.6. 6.Q.Q8.9 Q2..4.4 .76.K.6;♥K ♣T;♥J;4
E;NT;N:3.K.KJ.J .8.94.8 KT.J..7 2..AT2.;♠8 ♦8 ♥3;♠3;3
W;NT;N:T.8.3.82 ..QJ75.T 75.4.9.9 .73..KQ;♠8;♠T;2
E;NT;N:.Q3.2.J4 .A6.8.T A5.9.A. T8..K.7;♣3 ♦4 ♠Q;♣4;4
N;NT;N:A9.K.K2. 2.Q5.6.K 3..T4.A9 J.4.A.76;;♦2 ♦K ♠A ♥K;4
S;NT;N:QJ76..9. .KJ2.3.4 ..KT.K2 AK...Q3;♥5 ♦4;♠6 ♠7 ♠J ♠Q ♦9;2
S;NT;N:.5.AQT.5 9.T.K6.3 Q8.9..A .AJ6..4;♦2 ♦3;♦A;4
N;NT;N:6..8.982 K.6.6.54 QJT.8.7. .AQ97..Q;;♦8;1
S;NT;N:9.A62..A AK.7.K2. .9..T54 8.J.Q.Q;♣K ♠3;♣A;4
N;NT;N:QJ..753. .A..KQT4 .KQJ3.Q. 3.T4.8.5;;♠J ♠Q;3
N;NT;N:Q54..84. ..AKT7.J .KQ9..42 T9.4..63;;♠Q;1
E;NT;N:Q.92.7.3 K7..6.A .A.93.Q 2.K5..9;♠6 ♦A ♠3;♠Q;4
N;NT;N:.A2.7.Q9 .6.A.J72 KJ6..K3. AT.4.QT.;;♥A;4
E;NT;N:A.5.AKQ. 97..T5. 6..9.85 J.K..JT;♦6 ♠5 ♥9;♦Q ♦K ♦A;4
S;NT;N:5...A732 7.T94..5 3.J2.K. T.K.9.4;♥3 ♣9;♣2 ♣3 ♣7 ♠5 ♣A;2
S;NT;N:Q.2.64.7 6..K72.6 K7.Q9.. .7.3.94;♥A ♠2;♥2;5
N;NT;N:KJ.5.7.Q .AQJ.8.4 T72.K..3 4.4.K62.;;♣Q ♠J ♠K;3
W;NT;N:K.8.A.65 AQ6..8.K T.93.J4. 2.4.3.4;♣2;♣5 ♣6;1
W;NT;N:2.J53..J A75..J5. J..T74.2 3..Q.KT;♣3;♣J;4
E;NT;N:J.95.T.2 ..Q.T84 T2.3..6 .QJT..Q;♥6 ♦3 ♣J;♥9;2
S;NT;N:9.K3.85. .A.J9.A7 ..A2.J4 K.7..93;♠5 ♠J;♠9;1
E;NT;N:K5.A8.2. 3.9.K.4 Q8...T6 9.K5..Q;♥J ♥2 ♠7;♥A;3
N;NT;N:A2.85.J. T853..8. .64.6.A9 KQ.A.T.T;;♦J ♥8;4
N;NT;N:95.6.8.J .J975..4 4..K7.98 AT..J5.K;;♣J;2
E;NT;N:K.9.K7.3 6.A.5.4 .T3..T6 3.J2..2;♦Q ♦J ♠A;♦K;5
N;NT;N:.T7.5.74 Q7..K.KQ .AQ6.63. 5.953..T;;♥T;3
W;NT;N:.K.942.9 K.9..Q75 A8..63.A T2.53..;♣6;♣9;5
S;NT;N:643..2.T J8.5.85. 9.A8.K. .K7.6.7;♣5 ♥6;♣T;3
W;NT;N:T9.4..64 .2.T953. 5.A5.7.Q 6.6..73;♣9;♣4 ♣6;5
N;NT;N:5.A53..6 J.T.872. 2.4.5.52 4.2.6.QJ;;♥A;3
S;NT;N:73.K.A.8 T5.6..QT 6..J3.6 Q.J.96.;♠2 ♠4;♠7 ♠3;1
E;NT;N:7.3.8.J2 8.J.5.Q Q6.8..9 4..K.63;♥Q ♦9 ♣A;♥3;1
W;NT;N:9.Q2.A.2 A.A8.5.7 K3.T.8.3 6.9.QT.;♠5;♠9;2
N;NT;N:3.A4.3.4 98..T4.7 Q.Q92..6 6..J7.82;;♠3 ♥4 ♥A;4
W;NT;N:6.62.5.8 9.J.62.2 AT..4.J5 .3..K63;♣4;♣8;3
N;NT;N:QJ6..2.7 7.J4..K2 4.7.AK6. .Q.4.Q98;;♦2 ♠J ♠Q;5
S;NT;N:KQ.3.Q3. A2..K5.2 .Q4.J9. J..T.T8;♥8 ♠6;♥3;3
W;NT;N:5.QT..K7 T97.J.2. 83.9.T5. .5..T53;♣9;♣K ♣7;3
N;NT;N:A.K6.5.6 2.54.9.7 3.9.AJ7. .T.K8.94;;♥K ♠A ♦5;4
N;NT;N:6.Q5.6.9 3.9.Q7.T .8.9.542 .A2.A.K6;;♠6 ♣9 ♥Q;1
N;NT;N:..732.42 Q53.5..T .KQ97.K. T.6.5.98;;♦2 ♦3 ♦7;5
W;NT;N:.87.AT.5 .JT96..8 43.3..A2 ..95.J9;♠K;♥7 ♥8 ♦T ♦A;3
E;NT;N:.4.74.AK ..AT6.6 95.T9.. .K8..53;♦5 ♦J ♣7;♦4 ♦7;4
W;NT;N:.82.6.J4 5.J.AT.8 J.9.9.93 3.Q.75.;♠4;♥2 ♥8 ♦6 ♣J;3
E;NT;N:.K.8.963 62.J.6. A..J75. .93.K4.;♥2 ♦3 ♦2;♥K;4
N;NT;N:K.J.54.T 32...Q96 .9854..2 J.A.T96.;;♠K ♥J ♣T ♦4 ♦5;1
N;NT;N:42.32.5. AJ.6.2.5 T.AT..76 96.Q.A.A;;♥2 ♥3;2
E;NT;N:.962.KT. T..75.K K..AQ.T 983..8.;♣Q ♥8 ♣5;♥2 ♥6 ♥9 ♦T ♦K;3
W;NT;N:A.4.5.74 Q7.6.Q.K 5.Q975.. 84..42.;♣8;♣4 ♣7;3
E;NT;N:.KJ.72.T .8.AQT. K.5.J3. 873.4..;♠J ♦8 ♦5;♦2 ♦7 ♥J ♥K ♣T;1
N;NT;N:K.KQ.3.8 .92.84.4 .T5.752. .843.A.9;;♦3 ♥Q ♥K ♣8 ♠K;3
E;NT;N:.9.4.K98 Q.4.75. T.J.A.4 .A7.32.;♥8 ♣6 ♠J;♥9;5
E;NT;N:J.5.QT.7 .T.K43. Q.J..Q8 .Q4..64;♥7 ♦J ♣2;♥5;1
S;NT;N:K..A93.7 .K6.J.J3 T7..85. Q83.9..;♣6 ♥7;♣7;1
N;NT;N:QJ.8.Q5. K3.Q.7.3 5..3.JT8 T6.976..;;♠J ♠Q ♦Q ♥8;3
N;NT;N:A..83.T7 J6.754.. K.Q.6.93 .8.Q74.J;;♣7 ♣T ♠A;3
S;NT;N:.K7.A92. 8.Q.J84. .AT.KT. .9.Q.K5;♣6 ♥6;♦2 ♦9 ♥7 ♥K;5
E;NT;N:K.A4..K4 T.9.T.6 .KJT6.. 5.Q..75;♥3 ♦8 ♦3;♥A;5
E;NT;N:A.4.J9.2 5.A.2.4 .5.6.KT .Q8.83.;♠4 ♣7 ♠6;♠A;5
N;NT;N:T42.5.6. Q9.Q.K.7 3.JT..AQ 7.K8.5.5;;♦6 ♥5;1
N;NT;N:J72.J5.. 5.T6.J7. .87.2.72 4.K32.K.;;♠7 ♠J;3
S;NT;N:A5..9.K9 .J94.T5. 83..3.5 JT94...;♠K ♦6;♠5;4
S;NT;N:.865..A7 8.73.4.J ..A9.64 .9.K5.9;♦3 ♠A;♥5 ♥6 ♥8 ♣7;2
E;NT;N:2.2.J72. AJ..8.7 .5.A.K8 T3.97..;♣9 ♠Q ♦5;♦2 ♥2 ♦7 ♠2 ♦J;2
N;NT;N:K.A.KJ.3 Q.Q5..72 8.3.A7.4 7.T.T4.K;;♠K ♥A ♣3 ♦J ♦K;4
S;NT;N:962.T4.. A.J6.2.6 8.Q3.7. ..K6.K3;♣T ♥8;♠2 ♠6 ♥4 ♠9 ♥T;2
N;NT;N:72.JT..T Q9.Q..42 K5.6.2.8 .54.6.Q5;;♥T ♥J ♠2 ♠7 ♣T;1
N;NT;N:K4.K72.. 3..A54.K 72..K6.3 5.53.Q.8;;♠4 ♠K ♥7 ♥K;5
N;NT;N:.K.K.963 96.4.8.T 32.Q.4.A T85..5.2;;♣3 ♣6 ♣9 ♦K ♥K;5
E;NT;N:A7.4.Q5. .7.T.AK 632...3 K9.2..2;♠8 ♥A ♦A;♠A;3
E;NT;N:A.A5.AQ. 9.7.K.J Q.KT..7 ..92.K3;♠J ♥Q ♣9;♠A;5
S;NT;N:T6.T.Q.4 J9.3..KJ 4..J6.T ..A72.6;♦4 ♦3;♦Q;2
S;NT;N:84.Q.86. Q5...J82 T7.7.3. .A.T5.T;♥J ♦K;♥Q;1
N;NT;N:A6.7.Q.A 2.T8.3.7 4.A.J7.6 .42..983;;♥7 ♠6 ♠A ♦Q ♣A;5
N;NT;N:A..J.A86 .Q.8752. Q3.K2.A. 92..T.J2;;♦J ♠A ♣A;5
E;NT;N:Q96...A2 .A53..7 .KJ4..J .8.652.;♥7 ♦A ♦K;♣2 ♠6 ♠9 ♠Q;3
S;NT;N:.6.85.K9 A7..62.J Q..3.52 2.5.Q.4;♦T ♦7;♦5 ♦8;4
E;NT;N:T2.T..K2 A8..9.6 .AJ5.Q. K.4..54;♦8 ♦A ♥K;♠2 ♣2 ♠T ♥T ♣K;5
W;NT;N:8.AJ.95. 3..2.T83 K.Q74..4 2.3.T.K;♠J;♠8;4
E;NT;N:A.3..AJ9 .5.4.Q2 T.62.Q. QJ.A.9.;♣6 ♣7 ♥K;♣9 ♣J ♣A;3
E;NT;N:.T.QJ.Q9 32.83.. KQ.J.8. AJ..A.8;♠T ♣7 ♦6;♥T ♦J ♦Q ♣9 ♣Q;2
W;NT;N:.Q82.J3. J5.A..T7 K4..7.K6 T.9.Q.8;♥3;♥2 ♥8;3
E;NT;N:J73..5.9 4.9.4.5 K.7..T2 6.A.Q7.;♠5 ♦8 ♥4;♠7 ♠J;4
E;NT;N:A6..6.T3 82..5.Q 9...A98 5.K.T2.;♥8 ♥2 ♣4;♣3 ♠6 ♦6 ♣T ♠A;1
W;NT;N:32..7.A3 QJ..6.J7 84.AT.Q. .KQ..42;♥J;♠2 ♠3 ♣3 ♦7;3
E;NT;N:3.A.JT.7 T9..73. A..52.8 J42.J..;♠8 ♠7 ♥5;♠3;4
W;NT;N:87...T97 Q6..Q5.5 J3.2.3.Q ..96.A4;♠2;♠7 ♠8;1
W;NT;N:A5..A32. .J.86.K3 742.98.. K8.6..4;♣9;♦2 ♦3 ♠5;2
E;NT;N:..KQ6.KQ ..982.T 92..54. A.6.3.9;♥4 ♣3 ♠6;♦6;4
E;NT;N:KQ.97..5 J.Q.8.6 74..Q.8 .J82.A.;♠5 ♥4 ♣T;♠Q ♠K;4
W;NT;N:T975..8. K8.J.QJ. J6..74.7 .83.2.2;♦5;♦8;1
N;NT;N:2.98.92. .Q.AQT7. A8.J.K3. 94.K.4.J;;♦2 ♦9;2
N;NT;N:43.2.5.3 T5.AQ..4 Q.3.A.KT A6..Q.95;;♣3 ♦5;3
E;NT;N:..KQT8.7 J..9.J2 3..4.Q4 5.A..63;♣A ♣5 ♥4;♣7;3
E;NT;N:T3.T4.K. 54...84 2.8.7.2 6.5.AQ.;♥A ♦2 ♥6;♥4 ♥T;2
S;NT;N:J.J94..9 7543.3.. T..65.6 .K5.7.J;♣7 ♦9;♣9;2
W;NT;N:.Q.2.K42 83.4.8.5 42..4.AJ .A6..T3;♦Q;♦2;2
E;NT;N:4.AKT..Q 9..T4.8 5.Q6..7 T.9.9.5;♦Q ♣A ♦A;♠4 ♥T ♥K ♥A;1
S;NT;N:.K9.J64. T.2.97.6 .A.Q8.Q J.Q..T2;♠6 ♠8;♦4 ♦6 ♥9 ♥K;4
N;NT;N:87.K..Q9 96..A.KT J4.A.K.2 T.8.Q6.A;;♠7 ♠8 ♣9 ♣Q ♥K;2
S;NT;N:A.T94..J 4.5.6.KT Q8...Q8 6.32..4;♥A ♠2;♥4 ♥9 ♥T;4
S;NT;N:.5.95.52 6.K93.7. .Q8.K.J 7.T..74;♥4 ♥A;♥5;1
S;NT;N:A6.5.K.Q 8.KQ.5.5 5.T2.J. .A98..A;♦T ♦7;♦K;3
W;NT;N:.8.K9.Q6 76.T2..7 .A54.6.K 2..Q83.;♣A;♣6 ♣Q;2
W;NT;N:Q..9.Q92 43.Q.8.K 9.J..876 .6.J.T5;♠8;♠Q;1
E;NT;N:J7..T.Q4 3.T7.3. .J92..A 5.53.4.;♣6 ♠K ♦2;♣Q;5
W;NT;N:8.QJ5.K. 73.A.2.A .T9.Q3.T .82..87;♦6;♦K;3
N;NT;N:.6.AQ5.A J64..32. T3.J.8.8 .QT.JT.9;;♦Q ♦A ♣A;4
S;NT;N:T.A3.Q.7 65.T.J.5 .8.T3.9 .J42..Q;♥5 ♦7;♥A ♥3;3
E;NT;N:8.J9..Q8 .64.87. .3.AJ.T 952...J;♣3 ♠3 ♠K;♣8;4
N;NT;N:K..KT.KQ 86.52..9 4.AT6.4. .J73..J5;;♣Q ♣K ♠K ♦T ♦K;5
E;NT;N:7.KJ.J.7 A.4..Q9 ..752.8 ..Q9.52;♣4 ♠3 ♦8;♣7;3
W;NT;N:K4.6..Q9 .Q92.A3. .5.QT4.2 53.K..4;♠A;♠4;3
W;NT;N:Q3.6.2.5 .J5.4.T2 A6.Q.K.9 8.73.6.;♠K;♠3;4
S;NT;N:.A6.8.62 5.QJ.Q6. .8.J.84 T.94.7.;♠Q ♥T;♥6 ♣2 ♣6 ♦8;4
N;NT;N:..62.QT9 T6.KJ.Q. AJ2.Q.9. .T94.4.K;;♦2 ♦6;2
N;NT;N:3.J.Q9.7 K8.7.63. .642.5.9 9.8..T52;;♥J ♦9 ♦Q;3
W;NT;N:AQ.4.J.9 8.J.K5.Q 2.7.A83. 4...742;♦6;♦J;3
W;NT;N:4.AT2..5 9.8.KJ5. A.K9..J6 .QJ..A3;♥5;♥2 ♥T ♥A;4
E;NT;N:7.5.62.7 KQ8...4 5.7.J.A .94..K2;♦8 ♥T ♥A;♦2 ♦6;1
W;NT;N:.K.85.T3 T.AQJ.4. K9.8.T.8 6...AJ7;♦K;♦5 ♦8;1
W;NT;N:2..86.K9 7.Q8..32 J8.K42.. Q.A.QJ.;♥T;♠2 ♦6 ♦8 ♣9 ♣K;1
E;NT;N:2.5.QJ.6 .4.7.Q8 8.Q.8.4 .AKJ3..;♦9 ♠A ♥6;♦J ♦Q;3
S;NT;N:QJ..Q87. 3.KJ.2.4 6..3.Q6 .54.9.A;♥2 ♥9;♦7 ♦8 ♠J ♠Q;1
W;NT;N:QJ6...AK .J.AK8.3 ..42.865 94.3..4;♥2;♠6 ♠J ♠Q ♣K ♣A;1
E;NT;N:AK2.K.9. .9.53.A .87..T5 Q..4.42;♥Q ♣Q ♦6;♥K;5
N;NT;N:5.J6.A.4 Q.94.Q4. T9..J2.7 AKJ8...J;;♦A ♥J;2
S;NT;N:86.Q6.9. 95..2.JT J..6.A5 4.J.7.2;♦8 ♦A;♦9;2
N;NT;N:5.853..5 T9...QJ9 AKQ8.T.. 7.K6.3.8;;♠5;4
E;NT;N:QJ..K82. .T.Q.J8 K.87..K 74...96;♣Q ♦3 ♥Q;♦2 ♦8 ♦K ♠J ♠Q;2
W;NT;N:8..32.A4 7.A6.AJ. 93.8.5.8 .95.64.;♠6;♠8;4
N;NT;N:.Q6.T.T8 Q.2.3.K5 K.T.A.A4 JT..J.63;;♦T ♣8 ♣T ♥Q;5
N;NT;N:J85..J.4 A..6.QT5 T4.3.4.K .J65..63;;♦J ♠5 ♠8 ♠J;4
N;NT;N:.K4..A42 .A9.4.76 862..A5. T9.8.KQ.;;♣A;2
W;NT;N:3.7.97.T 7.J4..73 8.3..Q94 9..Q3.6;♠5;♠3;4
W;NT;N:..532.KJ KJ3.3.K. A6..J8.9 5.8.T.Q;♣8;♣J;3
N;NT;N:9.Q2.A5. 8.7..JT8 .J9.7.73 7.K.K6.9;;♠9 ♦A;2
N;NT;N:53.5.9.3 4.T.KJ.2 2.AJ.T.A T6.7.A.K;;♥5 ♣3;3
E;NT;N:86.6.4.K .J7.J8. J.KQ8.. 42.A..A;♦2 ♥2 ♥T;♦4;3
W;NT;N:K..42.J4 4.543.Q. 6.Q2.3.9 2.JT.5.;♥6;♦2 ♦4 ♠K;4
W;NT;N:.Q.Q.Q85 4.65.8.6 .A.T4.KJ A.T8.5.;♠6;♣5 ♣8 ♣Q ♥Q ♦Q;3
S;NT;N:.A..8632 A4.J.9.5 T...QJ7 2..43.A;♠J ♠9;♣2 ♣3 ♣6 ♣8;1
E;NT;N:J.75.5.A 5.QJ..K K4..A8. 3.T..T8;♦6 ♥4 ♦K;♦5;2
S;NT;N:Q2.A..32 9.7.Q.75 3.6.T9. KJ..4.4;♥J ♦5;♥A;1
W;NT;N:8.J2..T3 Q4.83.4. 3..2.742 .4.KJ.6;♦7;♥2 ♣3 ♣T ♠8;2
W;NT;N:J.Q.A.K5 T.A65.5. 4.J9.Q.7 .8.8.AJ;♥2;♥Q;2
N;NT;N:65..AQ.9 73.Q.4.T Q9..K3.A 4.6..K65;;♠5 ♠6 ♦Q ♦A ♣9;5
W;NT;N:74.9.9.7 J.J..J53 K.KT.3.2 T6...A8;♥Q;♥9;4
S;NT;N:.5.K82.Q 9.8..A62 K6.AT.. .6.A75.;♥Q ♦9;♥5;5
S;NT;N:8.KJ.6.9 JT4..9.7 .42.K5. 2.86..A;♠Q ♠3;♠8;5
E;NT;N:A..985.T T..Q42. 9.53..9 J4.T..2;♥9 ♣Q ♦K;♦5 ♦8 ♦9 ♣T;3
W;NT;N:J9..4.K9 .72.9.76 A83.4.Q. .8..832;♦J;♦4;5
N;NT;N:T.7.5.54 5.T.4.J6 962.A.6. .652.8.T;;♠T;4
W;NT;N:4.5.T2.Q 98...876 7.K4..AJ T3..5.T;♦3;♦T;5
S;NT;N:74.9.QJ. A.J8.A.6 .K.5.A3 J.A.K3.;♥Q ♥5;♥9;3
S;NT;N:K.A8.A.9 5.K.T.Q4 6.6..32 .T.5.T6;♦9 ♠8;♦A;4
E;NT;N:Q.85.A.Q 5..4.83 J2.7.Q. K..J5.K;♠7 ♥2 ♦9;♠Q;4
S;NT;N:T.6.92.Q 8.K9.8.T 54..J.4 9.QT4..;♥8 ♣A;♥6;1
N;NT;N:T8.8.J.Q Q3...A64 A.9.K.53 .J5.Q5.J;;♠8 ♠T ♣Q ♦J;2
W;NT;N:J3.3.4.3 7.84.2.4 T65.T..8 8.9..52;♠K;♠3 ♠J;4
W;NT;N:J6..KT8. 952.4..T T.A6.3.J .Q5..43;♠4;♠6;5
N;NT;N:63.KT..7 T7.7.92. 4.J865.. 5.Q4.T.6;;♥K ♣7;2
S;NT;N:7.J.J6.9 A3..K4.J .85..A2 .94..KT;♥Q ♦A;♥J;3
E;NT;N:.T.4.AJ5 9.KJ..K .97.7.3 .Q..T97;♦A ♣Q ♠6;♦4;1
W;NT;N:.K.A5.64 A53.3.6. 7...KJ97 .Q.T.T8;♥J;♥K;5
S;NT;N:J852..2. 7.84.Q.8 .K6.6.2 T3.7.5.;♥A ♦T;♠2 ♠5 ♠8 ♦2 ♠J;3
S;NT;N:9.A.A5.7 2..J93.8 .7.K6.J 8.J.4.9;♠Q ♠5;♠9;5
N;NT;N:.T.5.K32 2.A86.A. Q.9.J7.7 75.2.T6.;;♣K;3
N;NT;N:..AQ9.T5 765.7..4 3.2..K82 4.J.84.9;;♣5 ♣T ♦9 ♦Q ♦A;5
E;NT;N:5.T5..QJ ..T64.7 8.6.7.A 9.7.K.5;♥9 ♣9 ♦Q;♥T ♥5;2
W;NT;N:8.J6.QJ. .74.K.83 K73.A3.. ..A4.96;♠T;♠8;5
E;NT;N:AT.6.3.2 J.K..76 K4..95. .J8.7.T;♥7 ♣9 ♣4;♥6;1
N;NT;N:T.86.K7. A72.4..Q K9.AQ2.. 8.K9.T.8;;♦K;3
S;NT;N:.KT.Q.98 4.54.4.4 K2..2.7 A.2.K3.;♥9 ♠5;♥T ♥K;4
S;NT;N:3.K.AK7. J5.72.5. ..964.5 A..83.T;♦T ♣9;♦K ♦A;5
W;NT;N:.7.AT7.7 QJ..K96. K...Q542 .Q9..A8;♠4;♦7 ♦T ♥7 ♣7 ♦A;1
S;NT;N:8.7.8.AT 94..65.K 3.3.Q7. K..4.54;♥A ♠A;♥7;5
N;NT;N:K.8.4.Q4 Q.4.6.K7 .Q.A8.T5 3.T6..J6;;♠K;4
W;NT;N:83.43..A 6..7.J97 .97.Q.83 QT..K.4;♦4;♠3 ♥3 ♥4 ♠8;4
W;NT;N:.KT.82.9 T8..A5.J .8.6.632 .43.Q9.;♥J;♥K;2
N;NT;N:8.Q8.K.Q .K3.98.3 K9.4.T7. QJ.AT..9;;♣Q ♦K;4
N;NT;N:2.7..T94 7.2.K8.Q 9..3.K73 K.AT.J.5;;♣4 ♣9 ♣T;3
E;NT;N:84.A6..6 ..5.T52 .Q.A94. A.932..;♠3 ♠J ♥8;♠4 ♠8;5
W;NT;N:.J3.K8.8 .4.T.T93 63..32.4 ..QJ.75;♦5;♦K;3
S;NT;N:6.K7.42. .AJ94..3 ..T63.A A5..7.4;♣5 ♠Q;♦2 ♦4 ♠6 ♥7 ♥K;5
S;NT;N:2.8.52.K T.7.87.2 A..Q.97 .A96.9.;♠K ♣Q;♠2;5
S;NT;N:K.KJ4..9 .8.A4.Q2 9..KQ.6 72.Q..3;♦9 ♦6;♥4 ♥J ♣9 ♠K;2
E;NT;N:T.J.Q.QJ 9.Q9..4 A2.64.. 7.K.98.;♦2 ♠8 ♦5;♦Q;5
W;NT;N:JT.62.J. Q..K72.A 4.A8..Q4 .J.94.5;♥7;♥2 ♥6;2
S;NT;N:2..8.T93 J.95.73. .K4.T.6 ..94.J8;♣2 ♦A;♣3 ♣9 ♣T;3
E;NT;N:A.8.J7.5 75..3.8 KQ...J7 .T.82.Q;♠T ♦9 ♦K;♠A;3
S;NT;N:J.K.83.4 .J72.KT. 9.3..53 KQ.T.5.;♥A ♥9;♥K;3
S;NT;N:KQ2.2.A. .A.J6.98 .Q9.9.J .6.K2.4;♣K ♠6;♠2 ♥2 ♠Q ♠K;5
W;NT;N:.A.KT.92 74..2.53 8.T872.. 53.4.8.;♥3;♥A;4
W;NT;N:K.K.K3.K .T74..A4 2.8.4.Q2 3..987.;♥A;♥K;2
N;NT;N:J6..A.53 .Q53.Q.7 3..3.K96 2.A.74.4;;♦A ♣3 ♣5 ♠6 ♠J;5
N;NT;N:.KT8..86 KT93..K. .52.32.J 2..AJ.73;;♣6 ♥8 ♥T ♥K;5
S;NT;N:53..A9.Q 7..KQ.T3 .AQ2.4. T..J6.K;♦5 ♥J;♦A ♦9;1
W;NT;N:Q5..73.J 8...AK73 96.9.85. J74...Q;♣5;♣J;1
W;NT;N:Q.QJ8.9. 3.6..T73 .T.T76.9 9.2..A4;♣5;♥8 ♥J ♥Q ♦9;2
E;NT;N:5.K4.3.8 ..T2.J7 92..8.9 .AQ.Q9.;♥9 ♠K ♠4;♥K;3
S;NT;N:97.T.J.2 .7.Q83.3 54..4.7 6...KJ8;♥9 ♥A;♥T;1
N;NT;N:..7653.Q K5..KQ.6 7.93.A.3 62.4..KJ;;♦3 ♦5 ♦6 ♦7;3
S;NT;N:T.J4.2.T 5..AKT.8 7.5.83. .A93.6.;♦5 ♣5;♦2;2
N;NT;N:K7.A9.T. QJ..Q.86 3.6.J6.5 ..K83.Q4;;♠K ♥9 ♥A;3
W;NT;N:.T.62.T3 K.7.KQ7. .AJ.5.94 4.K.3.Q;♠J;♦2 ♦6 ♣3 ♥T ♣T;1
S;NT;N:J.A.A3.J 3.K2..T5 K.9..K3 6.T6..Q;♣8 ♣7;♣J;5
S;NT;N:KJ.Q6..8 8..Q6.K5 T.A5..7 Q7..7.A;♦K ♠4;♣8 ♥6 ♥Q;5
N;NT;N:96...K65 73.A.4.2 .9.5.Q97 Q.2.AQ9.;;♣5 ♣6 ♣K;3
E;NT;N:A4.4.K.J 2.9.T.T .T5.3.6 7..5.K5;♦A ♦9 ♣2;♦K;1
E;NT;N:.J5.95.K .A.AT.2 JT.7.6. .K2.7.A;♣8 ♦8 ♥8;♣K;1
W;NT;N:.974..97 87.K.3.T A2.6.Q.4 J.A.98.;♣A;♣7 ♣9;2
N;NT;N:A7.64.T. Q5..J7.K 8.3.Q4.T 3.K5.K6.;;♠A;2
S;NT;N:A3.Q3.4. T9.K..Q6 8.T.A.8 2..7.52;♦K ♣K;♦4;4
W;NT;N:.K5..J82 T.87.6.3 .4.4.965 98.T2..;♠A;♣2 ♥5 ♣8 ♣J;2
W;NT;N:4.6.5.62 7.98.9.7 AQ.T.A.8 6..K3.T;♥Q;♥6;3
N;NT;N:Q5.Q.J.8 .5.32.T2 K.3.76.Q T.84.T.K;;♦J;5
N;NT;N:43..T3.7 T.A7..Q6 A5..5.K8 J6..J97.;;♠3 ♠4 ♣7;3
E;NT;N:..K6.KQ5 7.J.T.8 4.72..A A8.8.9.;♣J ♥A ♥T;♣Q ♣K;5
N;NT;N:Q6.5..42 8.Q.6.Q5 .T63..J9 2.J.AK9.;;♠Q;2
S;NT;N:KQJT..7. .A.64.Q3 5..3.87 8.K2..T;♣A ♥6;♠T ♠J ♠Q ♠K ♦7;5
N;NT;N:A6..Q.J5 .J832.2. 5.K5.T.2 2..94.74;;♦Q ♠6 ♠A ♣J ♣5;4
E;NT;N:.6.84.63 .2.92.A Q.K9.Q. .A8.3.T;♣9 ♠K ♦A;♣3 ♣6;2
E;NT;N:J.2.A3.J 4.A.2.2 5.93..A 7.QJ.8.;♦7 ♦T ♣7;♦3;4
S;NT;N:A.2.J9.7 T.54.2.9 .Q6.4.J 7..T.T6;♠2 ♣Q;♠A;5
S;NT;N:AJ.T2..6 7.J.T7.J 9.98.4. .3..742;♥6 ♠K;♥2 ♥T;1
N;NT;N:J8.8..52 Q3.5.64. KT.A..T3 .6.72.64;;♠8 ♠J;4
E;NT;N:2.T6.6.7 A..K3.Q .A8..K3 .J2.2.6;♦Q ♣5 ♦A;♦6;1
W;NT;N:4.KQ4..2 .6.K9.A4 Q2..2.93 5.A52..;♠K;♠4;1
W;NT;N:.5.96.A6 9.J.K3.7 JT.6.J.J .42..92;♦7;♦6 ♦9;3
N;NT;N:JT2..8.8 3.A5.92. ..64.AK4 7.32..53;;♠T ♠J;5
S;NT;N:Q7.Q8.6. J.AT.4.5 3.5.K.2 .63.7.7;♣T ♠T;♦6 ♥8 ♥Q;4
E;NT;N:72.93.T. T4.J..T ..J9.KQ A.A..A5;♥2 ♠K ♦6;♥3 ♥9;3
S;NT;N:A42..A7. 86.3.J2. T.K6.T. Q.T9.6.;♣3 ♦3;♠2 ♠4 ♦7;4
W;NT;N:.QJ.76.K .KT.JT.T J8.A9..A K95.6..;♠3;♦6 ♦7 ♥J ♥Q ♣K;3
N;NT;N:.52.83.A .K.9654. ..Q7.Q64 KQ6.T..3;;♣A ♦8;5
N;NT;N:.6..9752 KJ.2.A8. T..J2.QJ Q.Q3.K6.;;♣2 ♣5 ♣7 ♣9;2
N;NT;N:.4.T9.A7 8.J.J7.8 7.2..KJT Q9.K8.Q.;;♣A;3
N;NT;N:9.4.Q.A8 4.J.53.3 72..64.7 .A872.T.;;♦Q ♣8 ♣A ♠9;4
E;NT;N:.J6.K.QT 2..8.32 ..T965. A.3.7.8;♠3 ♠Q ♥A;♥6 ♥J ♣T ♣Q ♦K;5
N;NT;N:.7.QJ7.Q Q5..A.84 2.5.92.9 K9.62.K.;;♦7 ♦J ♦Q ♣Q ♥7;2
N;NT;N:8.6..QT9 7.AJT9.. J.K4..86 A..Q7.AJ;;♠8;1
S;NT;N:.A7.32.K J.3..T52 T8.8.J. K.2.8.8;♠5 ♥6;♦2 ♦3;4
W;NT;N:A2.3.Q.A 9.8.2.KJ .2.9.987 .J.KT.5;♠6;♠A;3
N;NT;N:4.J..A72 83.3.9.Q JT.Q4.A. K6.A.KQ.;;♣A;3
E;NT;N:7.Q5.Q.8 5.8.J.2 Q..92.A .AJ.3.6;♠T ♦T ♣Q;♠7;3
N;NT;N:.T.J64.A .853..93 T86..5.4 Q4.J.8.2;;♣A ♦J;4
W;NT;N:T.4.9.QT 7.QT.T.2 KJ.J3..3 95..8.4;♦A;♦9;3
W;NT;N:J7.7.3.5 KQ.Q.74. .2.J6.J8 94.9..4;♠T;♠7 ♠J;2
N;NT;N:2..J.AQ6 5.86.2.8 4.K.Q9.5 Q9.74.8.;;♦J ♣Q ♣A;5
W;NT;N:5.Q..K64 .AT2.T.3 .K9.82.7 ..643.2;♣5;♣K;4
E;NT;N:T.A2..A3 53.6..8 K97.8.. .K.K.92;♥J ♦2 ♥T;♥A;5
N;NT;N:K2.T..62 ..K6.943 J4.7.Q9. A.J85.7.;;♣2 ♣6;1
S;NT;N:96.8.Q.A T.J5.T.2 .K.5.T7 4.64.9.;♠Q ♠5;♠6 ♠9;5
W;NT;N:3.7.4.98 KQ.4.5.J 9..Q632. J4.3..4;♦A;♦4;1
W;NT;N:A76..2.8 85.J2.7. 4..T6.54 .A3.J9.;♠3;♠A;2
N;NT;N:8.Q3.K.6 T9..96.T J2.5.5.9 6.J.7.74;;♦K ♥Q;5
W;NT;N:.3.Q3.A8 9..8.QJ9 J4.2.A5. 6..J2.5;♠2;♣8 ♥3;5
W;NT;N:.Q6.J6.2 K32.2.T. 8.A.5.A8 .K4.4.9;♥3;♥6 ♥Q;5
E;NT;N:K3.43..7 Q.A8..6 62.5..J 874.K..;♥6 ♥Q ♦T;♥3 ♥4;3
N;NT;N:T3.3.43. 4.K.J.Q7 K.7.KT9. .T.2.T95;;♦3 ♦4 ♠3 ♠T;4
N;NT;N:2.Q4..53 3.75.5.J J..A92.K A8.J.T.A;;♣3 ♣5 ♥Q ♠2;2
N;NT;N:T74.Q..J 8.K4.83. .T.A5.KQ 6.3.J7.3;;♠T;5
N;NT;N:A.3.T2.A 9.4..Q65 3.A9.Q3. 74.K2.8.;;♠A ♦2 ♦T ♥3 ♣A;5
S;NT;N:.3..KQ65 ..AJ2.87 9.Q86.. Q2...J4;♣9 ♥2;♣Q ♣K;5
S;NT;N:.A4.A84. T8.5.Q6. 3.8.2.3 .KT..J5;♥7 ♦3;♥4;3
S;NT;N:J4.A.A8. A.Q5..A7 Q.6.9.6 T9..T.9;♣T ♠K;♦8;2
W;NT;N:6.QT3..6 7..KQ32. J4..T.AJ K9..J7.;♥7;♥T ♥Q;5
S;NT;N:7..J.T95 54.Q4.Q. Q.9.K.2 A9.3..4;♣K ♥5;♣5 ♣9 ♣T;4
N;NT;N:Q.AT94.. .8..QJ73 6.3.6.T5 .K5.54.4;;♥A ♠Q;2
W;NT;N:.75.A6.5 K732..Q. 85.Q..QT .8.2.A6;♥A;♥5 ♥7;1
N;NT;N:5.92.3.3 Q.Q5..94 .A6.2.K6 4.3.96.Q;;♣3 ♥2 ♥9 ♠5;3
S;NT;N:J96..9.Q A2.2.5.5 .J63.6. 3.Q.K.T;♣A ♣7;♣Q;1
S;NT;N:.87.K3.J 873.A..3 ..T9.A6 J6..A.8;♠9 ♦8;♦3 ♥7 ♥8 ♣J ♦K;3
N;NT;N:9.62.3.A 5.KQ4.J. 4.97..52 J.J.9.63;;♣A;1
W;NT;N:8.Q8.T.T 9.63.2.9 ..J54.A5 ..98.J2;♦K;♦T;3
E;NT;N:.A72.A.3 .5.84.T J2..T.Q Q.J..K8;♣9 ♦Q ♦9;♣3;1
W;NT;N:..96.J85 K3.8..AK QT4...Q2 8.A.2.T;♦5;♦6 ♦9;2
S;NT;N:9..K8.Q3 J.5.3.42 8.JT2.. 5.K8.Q.;♦T ♣A;♦8;3
N;NT;N:.3.5.Q52 983.T6.. .J4.8.K4 62..J3.3;;♣2 ♣5 ♣Q ♥3;4
E;NT;N:8..K4.K6 6.K9.J. AQ.J.T. 5..9.95;♠J ♣Q ♥Q;♠8;2
S;NT;N:7.5..T72 QT6..K3. 5.9.A.5 8.J.6.6;♥2 ♠K;♥5;4
S;NT;N:93.2.J.6 52.6..K3 KT.K.9. A..6.QT;♦Q ♦T;♦J;3
W;NT;N:3.6.3.K8 92.T.K.9 Q65.K2.. ..982.6;♠4;♠3;5
E;NT;N:AJ.A.62. .3..J98 75.K.Q. .T72.8.;♣T ♦T ♥8;♦2 ♦6 ♠J ♠A ♥A;1
N;NT;N:5.7.Q3.A .A.A.T82 Q3.K6..K JT2.T.7.;;♥7 ♦3 ♦Q;3
N;NT;N:.87.K54. 8.JT.J7. Q.2..K87 K.Q3..Q3;;♥7 ♥8 ♦K ♦4 ♦5;1
W;NT;N:J.T5.J.T .KJ84.3. 8.Q.82.8 6.3.5.7;♦T;♦J;3
S;NT;N:4.A9..Q5 T.Q6.95. 7..Q3.8 .T4.2.J;♦K ♥2;♣5 ♠4 ♥9 ♥A;5
W;NT;N:9..64.93 J52.4..Q K.7.2.86 6.3.9.2;♥K;♣3 ♠9 ♦4 ♦6 ♣9;1
N;NT;N:9.A94.8. 3.J..KJ7 872..72. T.Q.Q4.5;;♥A;3
W;NT;N:4.A.AQT. K6.KQ.4. Q.98.6.9 98..8.A;♠7;♠4;1
S;NT;N:7.K.83.9 KT.A..64 Q..T.AK 9.85..3;♠J ♠2;♠7;3
N;NT;N:6.A8..Q9 .9.J6.A6 5.3.92.8 7.J.T.K2;;♥A;2
E;NT;N:Q.K.A.A3 2..72.J .J..KT4 97..4.Q;♥A ♠3 ♥6;♥K;4
W;NT;N:4.AJ8.3. KT32..9. .KT4.4.3 J.7.T5.;♥Q;♥8 ♥J ♥A;4
W;NT;N:875...T4 .54.74.9 6.3.Q95. .J.2.J3;♦T;♠5 ♠7 ♠8 ♣4 ♣T;5
E;NT;N:.T94.2.7 3..4.J3 Q4..5.T K7..7.6;♥7 ♠J ♦K;♥9 ♥T;3
E;NT;N:J3.2..K4 4.J6..8 9.3.Q.7 .A5.A9.;♠8 ♠Q ♣2;♠3 ♠J;4
N;NT;N:KJ5.9.7. 7.AQ42.. 9.J5.3.2 6.3..T63;;♠5 ♠J ♠K ♦7;4
N;NT;N:.A.K53.4 Q.T.6.AQ J7.3..K2 2.85.8.8;;♥A ♦K;4
N;NT;N:Q72..4.6 J9.4.KT. 54.Q.A.9 6.2.8.85;;♦4 ♠Q ♣6 ♠2 ♠7;4
N;NT;N:Q3.9..54 A.4.K.T7 .8.JT3.J 65.J3.7.;;♠3 ♣4 ♣5 ♥9;1
N;NT;N:3.T542.. A..65.Q5 86.8.87. Q.6.9.J7;;♥T;4
W;NT;N:T.9.8.85 .T7.9.K7 2.A.AK.T 5.Q.T4.;♥3;♥9;4
S;NT;N:A76.9.Q. 98.Q.3.T .2.J.84 Q4..94.;♣J ♥6;♠6 ♠7 ♥9;5
S;NT;N:5.J5.3.5 K.Q9..J8 .7.K5.A .6.2.T6;♥A ♠6;♥5 ♥J;4
E;NT;N:..K65.KT A.7.4.2 Q.AT.2. T5..T.6;♣J ♠6 ♦A;♣K;5
S;NT;N:T.AJ.42. .2.965.J 3.7.T.7 KQ..A.6;♣A ♠8;♦2 ♦4 ♠T;4
S;NT;N:.74.A4.6 Q..K3.A2 4.9.T.5 3.J.8.9;♥5 ♦9;♥4 ♥7;2
S;NT;N:A.3.7.J7 Q87..A6. 9..Q3.4 K..8.Q6;♥4 ♠T;♥3;3
N;NT;N:J..Q6.J4 .K65.2.9 92..9.Q3 84.T4.A.;;♣J ♠J;4
W;NT;N:.A6.Q2.J ..74.AQ4 3.83.3.K J82..6.;♣6;♣J;2
W;NT;N:A92...K5 T.74.T3. K7.3.4.4 .K.A5.T;♣7;♣K;4
E;NT;N:K4.7.J3. J8.3..J 6.2.7.A T.9.Q.7;♣T ♠3 ♥4;♠4 ♥7;2
E;NT;N:92..J.54 .K.5.J7 76.8..K Q.T7..3;♥3 ♦8 ♦7;♣4 ♣5 ♠2 ♠9 ♦J;1
S;NT;N:6.Q54..T J97..7.9 Q.93.T. .82..74;♦J ♣J;♥4 ♥5 ♠6 ♣T;5
S;NT;N:82.J.K.4 .Q97..J8 Q.T.8.A T.2.3.9;♥K ♦Q;♥J;5
E;NT;N:.T.AJ.T7 84.A.T. .Q6.7.J 5.9.Q4.;♥5 ♥K ♣9;♥T;5
S;NT;N:..Q2.KT9 96.T3..6 .8.3.J3 Q.A.94.;♦6 ♦8;♦Q;4
N;NT;N:94..K.83 T.A6.Q.K .Q.5.JT4 8.8.62.2;;♣3 ♣8 ♦K ♠4 ♠9;1
W;NT;N:K8.6.8.A .Q2.74.K J7.8..QT Q5.K..5;♦2;♦8;4
S;NT;N:AQJ.52.. 974.3.T. .Q6.J9. .4.3.Q9;♥8 ♠5;♥2 ♥5;5
W;NT;N:2.Q.632. Q.3.95.T .62.T.96 T.T9.7.;♦8;♦2 ♦3 ♦6;2
S;NT;N:.742.9.J AT.3.2.9 .AJT..8 Q.K9..6;♠5 ♦K;♥2 ♥4 ♥7;3
E;NT;N:.8.A4.Q5 ..QJ7.6 T3.2.2. .AK7.9.;♠8 ♠K ♣T;♦4 ♥8 ♣5;5
W;NT;N:3.A.J97. 9.83.A2. .72.Q3.5 A.Q.4.7;♥K;♥A;1
S;NT;N:.J4.A.62 32.Q6.T. 9..3.KJ .5.J9.A;♣3 ♣4;♣6;3
E;NT;N:Q8.A.K.4 .9.QT.7 JT.6.9. K.KJ2..;♥5 ♥T ♣J;♥A;2
S;NT;N:5.K.8.J4 .AQ2..A2 T.97..8 .4.63.3;♦2 ♠9;♦8;2
S;NT;N:.9.T9.A4 .5.8.JT2 A7.K.5. .6.64.Q;♠Q ♠J;♣4 ♥9 ♦9 ♦T ♣A;5
N;NT;N:Q.Q8.KT. A.74.9.7 T8..7.Q8 .K63..95;;♠Q ♦T ♦K ♥8 ♥Q;3
N;NT;N:762.4..6 5.Q.K.52 Q.T.8.T3 4.2.94.8;;♠2 ♠6 ♠7 ♣6 ♥4;2
E;NT;N:.T.J4.K3 .8.5.65 .652.T. 5.J.K.J;♦2 ♣T ♠9;♦4 ♦J;2
W;NT;N:5.A4.8.6 KJ.5.J.7 Q..K76.8 7.K..AQ;♥T;♥A;4
N;NT;N:..T64.85 5.AK.A.3 A.87.9.9 6.53.J.4;;♣5 ♣8 ♦4 ♦6 ♦T;2
S;NT;N:.6.KT5.7 J7.J74.. .AT5.6. 8.8.Q.J;♣6 ♣3;♣7;5
S;NT;N:86..T3.J T.65..75 .7.Q.A2 2.KJ.J.;♠A ♠3;♠6 ♠8;5
W;NT;N:K9.K.J5. T74...98 3.7.K97. .J64.T.;♥3;♥K;5
S;NT;N:.A9.9.62 KQ54.K.. .T4.64. T.J53..;♦7 ♥8;♦9;4
E;NT;N:.765.9.T 5..8.76 Q6..6.9 .3.53.2;♦2 ♠2 ♣3;♦9;5
S;NT;N:7.4.T6.7 .7.AQ5.9 T.6.73. 5.AJ9..;♠6 ♥2;♠7;2
E;NT;N:8.Q7.5.5 .94.83. QJ3...J .A5.AT.;♣Q ♣3 ♥J;♣5;1
S;NT;N:A3.7.J.9 K.KT.Q5. .3..KQJ Q7...T6;♦2 ♣3;♦J;1
W;NT;N:AK8..Q.7 J.AT.72. T.Q7.6.5 .5.KT.9;♥9;♠8 ♣7 ♠K ♠A ♦Q;1
E;NT;N:4.J6.JT. .KQ.Q.T AK.T8.. 5.32..7;♦5 ♠3 ♦7;♦T ♦J;3
N;NT;N:T7..T6.9 .96.K.85 Q6..Q7.T .K52.2.7;;♣9 ♠7 ♠T;3
N;NT;N:T.983.4. 3..A93.8 7.Q.JT.9 6..Q6.T2;;♥3 ♥8 ♥9;4
W;NT;N:.J3.AQ3. 8.T.J8.J K54...83 .65.5.2;♥4;♥J;4
S;NT;N:2.T.Q.K2 AKQ5.3.. T76..7. 4..53.3;♣5 ♦8;♣2;4
S;NT;N:9.64.T.3 653.9.J. J.J.6.T .A..AK8;♠2 ♥8;♠9;1
S;NT;N:.T843..Q 9..Q2.T2 K5..A.8 J.Q72..;♦5 ♠T;♥3 ♥4 ♥8 ♥T ♣Q;2
E;NT;N:J72..2.9 .93.7.7 .JT.Q4. 4.84.6.;♥Q ♦5 ♥6;♠2 ♦2 ♠7 ♠J;4
N;NT;N:.3.J9.JT 83.Q8.3. Q.54.82. K4.J..K4;;♦9 ♦J;2
S;NT;N:A.4.43.8 5.92.Q.5 Q2..J.K J.Q.T.A;♣7 ♠3;♣8;2
E;NT;N:AQ97..J. 5..8.86 3.Q.Q3. .T3..Q2;♦7 ♥8 ♥K;♦J;5
S;NT;N:A7..4.83 K..T2.94 8.J.K.T 2.3.7.K;♥4 ♥K;♣3 ♠7 ♣8;3
E;NT;N:J.K.J6.A 2.6.4.6 4..T7.T AQ.7.2.;♥J ♥T ♠K;♥K;4
W;NT;N:.A8.T.94 532..4.K 7.T.J72. K.Q5..J;♠T;♥8 ♣4 ♣9 ♦T;1
N;NT;N:76.4.54. .KT6.A.K A..9.AQ5 .92.32.8;;♠6 ♠7;4
E;NT;N:4.86.Q.Q K.7.7.3 AQ8.A.. 3..2.J5;♦T ♥4 ♣7;♦Q;5
N;NT;N:874.9..3 AK.3.9.5 .Q.63.76 .K.AKJ5.;;♣3;2
S;NT;N:J.A..854 64..T.KT A9..K.J 5.6.Q5.;♠7 ♥J;♠J;3
W;NT;N:AKQ...62 .T.A4.85 2.A.J85. .J5.2.Q;♣K;♣2 ♣6;2
N;NT;N:J98..Q4. 6.AT85.. 7..T.T64 .K97.3.5;;♦4 ♦Q ♠8 ♠9 ♠J;5
S;NT;N:9.T2.J.4 T.6.2.Q6 .AQ..T7 Q8..T.5;♥J ♣J;♥2 ♥T;3
S;NT;N:83.Q.4.7 T2.K..84 .J.6.A6 .87.K.Q;♣J ♦5;♣7;3
N;NT;N:87.A.7.8 .Q74.A.K ..T43.A4 AK..K85.;;♥A;3
N;NT;N:.2.84.AQ .4.J.K52 .KQ7.9.6 5.86.Q.9;;♥2 ♣A;4
N;NT;N:9.QJ.T.6 T5.8..A4 4.K2.7.7 6.4..Q53;;♥J ♥Q ♦T;3
W;NT;N:KJ8.7..A A4.AT..5 ..JT.Q98 ..KQ84.;♣7;♣A;2
N;NT;N:J3..98.6 A2.Q..Q8 K6.3..A2 95.2.K.3;;♠3 ♠J ♣6;2
N;NT;N:.43.QT5. K9.6.7.7 52.5..42 A.K.64.5;;♦T ♦Q;3
N;NT;N:K6.T..K9 8..K86.J .954..32 T9..75.7;;♣K ♠K ♥T;4
S;NT;N:8..4.AQ3 7.Q2.7.7 T..8.KJ Q532...;♦T ♥6;♦4;5
E;NT;N:2.Q5..J2 Q63..8. 94..J.3 K..KT.8;♠8 ♠7 ♠5;♠2;1
S;NT;N:8.T85..A .A4.4.86 .9.T.J5 T2.2..Q;♦3 ♣4;♠8;3
S;NT;N:K6.AJ5.. .K.AQ.KQ 43..J.6 87...52;♣3 ♣4;♠6 ♥5 ♥J ♠K;1
S;NT;N:K9..642. .K6.7.AJ T3.9..5 .A.9.Q8;♠Q ♠8;♠K;3
S;NT;N:.T3.6.97 98.5.87. K.K.KQ. 4.Q2.A.;♣Q ♦5;♣7 ♣9;4
N;NT;N:5.6.J6.A 2..7.843 A64.AK.. T7..52.7;;♦J ♣A;5
S;NT;N:3..Q9.94 T8..754. A4.Q..2 6.3.6.T;♣A ♣3;♣4 ♣9;4
S;NT;N:8..K9.KJ T.8..872 64.5.2. ..AT54.;♥9 ♠Q;♦9 ♠8 ♦K ♣J ♣K;4
W;NT;N:732..74. .2.J3.A8 T8.6..KJ 9.K3..Q;♣7;♠2 ♠3 ♠7;1
W;NT;N:.Q763..K 3.T8..A8 76..J6.3 .K.85.T;♠9;♥3 ♥6 ♥7 ♣K;1
N;NT;N:2.52.75. K8.7.Q.4 6.A4.T2. .QT.J3.T;;♥2 ♥5;1
N;NT;N:8.K2..82 T3.J7.T. AJ.AQ.7. 9..KJ6.5;;♠8 ♥2 ♥K ♣8;5
E;NT;N:.T85.3.5 9...QT9 AK.7..A .J6.4.3;♥2 ♠Q ♦6;♥5 ♥8 ♥T;4
E;NT;N:T6.7..Q5 .K5.3.A J..KJ.6 .3.A64.;♣J ♠K ♣4;♣Q;2
E;NT;N:9..643.6 A.5..Q4 6.A..82 8..987.;♥4 ♦T ♠5;♦3 ♦4 ♦6 ♠9;2
S;NT;N:986..K2. A.5.A5.5 K.J7..4 T2.3.7.;♣A ♦T;♠6 ♠8 ♠9 ♦2 ♦K;4
N;NT;N:.K9.K.94 2.4.AT.K K.2.72.A Q.J.4.Q3;;♣4 ♣9 ♥K;4
W;NT;N:AT.8.K.A K.96.96. 82.4.85. Q7.5.T.;♣3;♣A;3
W;NT;N:92.9.73. KJT..Q9. 8.J.8.A3 Q.5.A2.;♣K;♠2 ♦3 ♦7 ♠9 ♥9;3
E;NT;N:K5.Q8.8. A64..7. ..J.QT6 .4.5.74;♠2 ♦9 ♣8;♠5 ♠K;5
W;NT;N:.Q65..65 T.J3.2.J AK6.K2.. Q8..Q.8;♣7;♣5 ♣6;2
E;NT;N:.4.A652. AK.7.K. .93.T.4 3.6..86;♣K ♣5 ♦Q;♦2 ♦5 ♦6 ♥4;2
N;NT;N:4...J832 J8.5.3.7 T.K3..K5 AQ..K8.9;;♣2 ♣3 ♣8 ♣J;5
N;NT;N:.Q.K96.5 J.T6.A2. 3.J.QJ.T Q2.32..3;;♥Q ♣5 ♦6 ♦9 ♦K;2
N;NT;N:T.9.Q97. 5..83.82 4.AQ.J4. J9..62.9;;♦7 ♦9 ♦Q ♥9;5
W;NT;N:K.K.5.A6 .T42.9.9 T3.QJ.A. A..63.4;♠8;♠K;5
E;NT;N:.6.T9.A5 4..43.T .QJ..Q8 A.T7.J.;♠6 ♠K ♣K;♥6 ♣5 ♦9 ♦T ♣A;5
N;NT;N:..7.AT53 K.84.4.8 Q5.Q.Q2. T6.53.A.;;♣T ♣A;4
E;NT;N:5..A83.3 Q83.J.. .T6.K.2 T..94.6;♦T ♥K ♠A;♦A;2
N;NT;N:A.T75.8. .8.J9.53 .AQ9..JT 98..Q6.9;;♥5 ♥7 ♥T ♠A;5
E;NT;N:Q98..2.5 53.3..4 .KJ.87. .Q96..K;♣Q ♠A ♣3;♣5;3
S;NT;N:.A6.J4.2 .K.T8.AT T9..K7. J.T4..4;♣K ♣5;♣2;3
W;NT;N:Q.A2.6.Q K95..A9. 4.7..A74 3.K8.8.;♣5;♣Q;4
S;NT;N:Q32..AJ. 9.T.4.A4 J..93.K 7.97.5.;♠4 ♦8;♠Q;5
N;NT;N:.62..A42 73.8.QJ. .T5.8.J5 4.K..QT3;;♣A;1
S;NT;N:3.8.T.KJ K9..KJ5. 2..96.T .QJ.A.8;♥4 ♠7;♥8;3
S;NT;N:52.J..A6 .984.T.9 T9...54 J.K5.9.;♠4 ♣7;♠2 ♠5;3
E;NT;N:4.9.83.K Q6.T.5. .A8.9.7 T2.7..T;♦Q ♦T ♣2;♦3 ♦8;2
S;NT;N:T7.8.4.6 6.5..JT9 A5.4.2. ..J8.53;♦5 ♣2;♦4;4
E;NT;N:.8.7.T84 T.K.K.9 87...Q2 5.QJ.9.;♦2 ♠2 ♠6;♦7;4
S;NT;N:Q3.62..A J.7.87.T 5.K..J6 T..A.Q3;♥Q ♠2;♥2 ♥6;5
S;NT;N:A.93.2.7 JT..Q.K2 6.J7.5. 3..9.Q6;♠5 ♠2;♠A;3
S;NT;N:.9642.9. 9.A5.8.8 Q.7..94 87..K.A;♠T ♥Q;♥2 ♥4 ♥6 ♥9 ♦9;3
S;NT;N:KQ9..6.9 .7.74.T7 5.Q.A.3 .J3.T9.;♦Q ♠8;♦6;5
W;NT;N:5.A3.5.Q 84..K.76 Q..Q4.A4 6.Q8..8;♦3;♦5;4
E;NT;N:2.Q74.3. KQ.K..K A64..8. J.T.J9.;♣T ♦2 ♠T;♠2 ♥4 ♥7 ♦3 ♥Q;1
S;NT;N:K.Q.Q.A3 T.A4..J2 .K.63.5 9.5.8.4;♥6 ♣K;♥Q;3
S;NT;N:J6.5.A4. K542.J.. .732..Q 3.K8.J.;♥A ♣A;♥5;2
N;NT;N:7.Q7.A8. .K8.2.Q4 3.A..JT5 .T.763.2;;♥7 ♥Q ♦8 ♦A ♠7;4
W;NT;N:.JT.T65. Q..A42.K .9.9.975 T.64.J.;♣4;♥T ♥J;1
S;NT;N:.Q4.3.83 42.3..J6 .86.95. .KT.74.;♠J ♥5;♦3 ♣3 ♥4 ♣8 ♥Q;3
E;NT;N:8..92.A8 5.Q9..9 A2..T7. J.3.84.;♥6 ♦A ♦5;♦2 ♣8 ♦9 ♠8;2
S;NT;N:..62.965 5.2.3.T4 .A74..K .K.874.;♣Q ♥5;♣5 ♣6 ♣9;5
N;NT;N:K..Q2.92 .T98.A8. 32.5.J3. 964.Q..8;;♣9 ♠K;3
E;NT;N:52.4.6.T J8.K..7 A.J87.. .6.J8.2;♣Q ♥9 ♥Q;♣T;1
E;NT;N:T.QJ..Q9 8.5.J2. 6..A.42 K..963.;♣7 ♠5 ♥8;♣9 ♣Q;4
N;NT;N:6.T..954 JT9.2.3. 43..QJ4. 7.AK6.9.;;♣4 ♣5 ♣9;3
E;NT;N:96..T.98 .2.AJ7. .J..KT4 A7.3..3;♠4 ♣7 ♥K;♠6 ♠9;5
E;NT;N:J.J.J8.8 Q2..4.4 8.KQ..K K9.9.7.;♦K ♥2 ♥T;♦8 ♦J;2
N;NT;N:.9..T973 QJT.8.5. 95.KJ6.. 8.4.T.K2;;♥9;3
W;NT;N:9.43.J4. 2..3.AQ5 .A82.AK. 4...KT2;♦T;♦4 ♦J;5
S;NT;N:K2..AT2. .2.75.T7 .A5..J9 8..J4.4;♦8 ♠7;♦2 ♦T ♦A;4
W;NT;N:4.K3..96 6.T.53.K 97.97..7 2..9.Q8;♣J;♣6 ♣9;1
N;NT;N:9.7.QT.A 84.AKQ.. KQ.J..T3 A75.9..8;;♣A ♦T ♦Q;3
W;NT;N:Q7.82..K KJ.KQ9.. 652.3.K. 8..93.8;♥5;♥2 ♥8;1
W;NT;N:T6.A.Q.8 .5.T7.42 J..865.J .T2.94.;♣T;♣8;5
W;NT;N:K.65.K.J A8..4.76 4.K8..32 J2.J7..;♣4;♣J;3
N;NT;N:54.J..A6 QJ3...75 87..A4.9 .A4.K75.;;♥J;3
S;NT;N:9.9.K2.J .Q2.J7.7 8.T.3.T J7.K.6.;♣A ♥8;♣J;3
S;NT;N:T..AT.32 KQJ...96 6.2.8.A 5.A.5.5;♦3 ♠7;♦T ♦A;3
E;NT;N:.7.A764. .832.5. 2..8.Q8 3..J2.K;♥9 ♣7 ♥A;♥7;2
N;NT;N:72.A5.J. Q.J..AQT A5.2.A.8 6.9.6.93;;♠2 ♠7 ♥A ♦J;5
W;NT;N:A.Q3.A.K 9.KT.8.J 6.4.Q6.A QT.2.J.;♦K;♦A;4
W;NT;N:A7..9.92 QJ..87.8 83.Q32.. 65..T.T;♥7;♣2 ♠7 ♣9 ♦9;4
S;NT;N:K3.74.7. Q86..5.3 95...94 4.96.K.;♠7 ♦6;♠K;2
E;NT;N:KJ.A2..A ..K6.Q8 T6.3..2 A2...54;♦4 ♦A ♦2;♥2 ♥A ♠J ♠K;4
W;NT;N:5.Q.5.T6 A.8.J6.K .3.32.J7 KT7.2..;♥5;♥Q;1
E;NT;N:8.QJ.5.8 ..Q6.J2 64...A3 KJ.A.8.;♥2 ♥9 ♦7;♥J ♥Q;2
S;NT;N:T2.J.98. 75.6..T7 3.9.7.2 K.8.2.K;♠4 ♣6;♠T;4
W;NT;N:J.J9..AQ A9.Q..96 .6.64.J4 K.K7.5.;♣K;♣A;2
E;NT;N:.J.T.J42 J..97.A K75..K. .95.J.Q;♥3 ♠2 ♠A;♥J;5
W;NT;N:KT7..75. 62..A.63 .K.T.T42 9.9.KJ.;♥7;♦5 ♦7;4
S;NT;N:42.7.9.4 .Q.8.Q85 A5..4.6 .T63..7;♠K ♦T;♠2 ♠4;4
E;NT;N:K2.9.43. J.4.Q.A 7.2.5.Q T.76..3;♦9 ♣5 ♥Q;♦3 ♦4;2
E;NT;N:T.5.4.A5 8.A9.6. K.J2.A. J..7.Q3;♠2 ♣7 ♠9;♠T;4
S;NT;N:95...KT2 A.K9.9.9 32..K.3 4.6.5.4;♥Q ♣5;♣2 ♣T ♣K ♠5 ♠9;2
N;NT;N:6.J7.2.Q 953...T5 J.T9.Q.A 74.Q.J.9;;♣Q ♥7 ♥J ♦2;4
N;NT;N:5.9.Q.QT Q9.4.3.6 T.T..543 7.Q5..72;;♣T ♣Q ♦Q;3
W;NT;N:Q.4.Q.K4 43.A7..9 A.K8..Q7 2..72.J;♥9;♥4;4
W;NT;N:8.2.Q.53 .K73.9.T ...AKJ42 5..4.86;♦8;♦Q;5
S;NT;N:.9.3.AT5 T3.5.K6. KQ6...6 .J..J92;♦4 ♦2;♦3;2
N;NT;N:53..87.2 .Q2.9.J7 Q.T9.K.5 J6.5.5.K;;♦7 ♦8;3
S;NT;N:A.65.64. K.K.9.83 J.T7.2. 2.3.K.7;♣9 ♦3;♥5 ♥6 ♦4 ♦6;2
E;NT;N:.Q652..K J.T.7.T .K.A43. .J9.5.Q;♠7 ♥A ♥3;♥2 ♥5 ♥6 ♥Q;3
E;NT;N:A3.K..KJ .JT.K.3 J..A.94 .Q5.4.6;♥2 ♦8 ♠4;♥K;5
N;NT;N:J9.J6..Q Q7.9.K.8 ..J53.75 T.7.2.KT;;♥J;2
S;NT;N:3.A6..T7 AT.Q.A.A 5...985 7.T8.5.;♠9 ♦K;♠3;1
E;NT;N:T8.Q.T.8 97..Q6. AKQ.7.. 4...K52;♣3 ♥J ♣J;♣8;1
W;NT;N:T94.T..4 8.762..T A.Q..Q82 QJ..62.;♠5;♠4 ♠9 ♠T;5
N;NT;N:J.K4..J5 86...Q87 .J.AKQ9. .T7.54.2;;♥4 ♠J;5
E;NT;N:J.K7..T5 63...J2 42..Q.6 .A.A2.4;♥2 ♦T ♥J;♥K;3
E;NT;N:6..2.Q53 J.T93.. A.7.J.6 873..3.;♣T ♦8 ♦9;♣Q;4
E;NT;N:JT.K4.6. .T.97.3 AQ..J.Q ..85.97;♥J ♥6 ♠K;♥K;5
S;NT;N:95...872 J..Q.T43 .T.82.Q .A6.5.9;♥2 ♦T;♣2 ♣7 ♣8 ♠5 ♠9;3
S;NT;N:Q..K3.97 653...T4 T.7..62 .J9.J.5;♠8 ♠A;♠Q;1
N;NT;N:6..874.7 952.4..4 .93.9.KJ 4..JT.93;;♣7;4
N;NT;N:K.2.65.6 JT..7.T8 7.J3..32 .AKT.A8.;;♠K;1
S;NT;N:.5.Q5.A7 7.AQ.8.3 A3..J.9 4.2.2.4;♣2 ♦9;♣7 ♣A;5
N;NT;N:3.53.T.4 J.7.A.92 .KT4.95. K87.6.6.;;♥3 ♥5;3
N;NT;N:T.8.2.92 6.A9.8.6 2.KQ.Q.K 7.J4.J.4;;♥8 ♣2 ♦2 ♣9 ♠T;4
E;NT;N:.K94.A.8 Q7..7.4 .Q86..7 A.5.93.;♣6 ♣9 ♠J;♣8;5
S;NT;N:5.2.T8.T 4..J6.54 K86.Q.. QJ.8..3;♠T ♠7;♠5;4
W;NT;N:9..Q.K87 A.K.4.J4 4.A94..2 7..J9.Q;♠Q;♠9;3
W;NT;N:85.QT..Q T.7.K53. K.K.AQ.5 .86..62;♦6;♠5 ♠8 ♥T ♥Q;5
E;NT;N:A4.T3..2 5.K7.K. 2.J.Q5. ..J43.Q;♣J ♣6 ♠7;♣2;2
E;NT;N:4.53.Q2. 7.7.5.5 A.J..Q8 T8.K.8.;♦4 ♥T ♣A;♦Q;4
S;NT;N:.72.5.K9 83..9.T6 6.T.A2. 97...72;♥5 ♣A;♥7;5
N;NT;N:2.76.6.6 .5.94.K8 8.J.7.53 63.2.Q.4;;♥6 ♥7 ♠2;2
W;NT;N:4..T9.Q5 J.K8.3.2 Q8.9.8.8 ..65.93;♥2;♣5 ♠4 ♦9 ♦T;3
N;NT;N:T.AKT..T .95.J.82 8.73.74. J642.J..;;♥K ♥A ♣T;4
W;NT;N:984..5.K Q.3.J.Q8 .A5.Q2.2 J.7.A6.;♦T;♦5;4
W;NT;N:KJ98.6.. 5.AT..A4 .K9..K73 Q.7.7.J;♥Q;♥6;3
E;NT;N:K4..Q.42 5.K43.. ..74.Q7 87..2.8;♥6 ♦8 ♠9;♣2 ♣4 ♠4 ♦Q;1
N;NT;N:J.A.73.T K3.7.T.3 6.K..A72 T.32.K4.;;♥A ♣T;4
E;NT;N:QT4..J.2 8..A.96 .A7.5.5 .Q.QT7.;♦K ♥8 ♦4;♦J;1
W;NT;N:8.T..KJ8 J.72.K3. A5.6.QT. K7.J..4;♣6;♣8 ♣J ♣K;5
N;NT;N:Q75...K8 A8.J7.5. K3.4..65 .652.Q.9;;♣K;2
E;NT;N:..J2.AJ8 .52.A.T 76.Q.3. 4.8.K.6;♣4 ♦8 ♠K;♣8 ♣J ♣A;4
E;NT;N:.76.K.K3 6.3..J5 9..97.Q T.2..86;♥Q ♣7 ♦A;♥6 ♥7;3
S;NT;N:A.83.J7. .KQ.T93. .6.A.84 T32...Q;♥A ♣J;♥3 ♥8;4
N;NT;N:K.65.K.7 3.2.94.4 T.Q73..J A4..8.AK;;♦K ♥5 ♥6;4
W;NT;N:63.2.9.A .Q.KQ6.T .A5.72.3 .63.5.J;♠A;♠3 ♠6;1
N;NT;N:A3.7.T.T T.KJT.9. 4.A3.3.4 75.92.K.;;♠A ♦T ♥7 ♣T ♠3;3
N;NT;N:A..64.52 Q.T.98.6 J92.94.. 84.3.J.8;;♠A ♣2 ♣5 ♦4 ♦6;1
S;NT;N:4.KQ3.8. K.A.K3.2 .82.6.4 .JT9.2.;♣6 ♦J;♥3 ♠4 ♥Q ♥K ♦8;2
N;NT;N:J5.T.T.7 2.5.J.84 8.KJ9..T Q.3.Q7.2;;♥T ♣7;4
E;NT;N:J.73.8.9 .6.63.T 7..AJ.J .54.Q.7;♥Q ♦9 ♣2;♥3;4
N;NT;N:3.A.8.Q9 84.63..2 JT5...86 9..A73.4;;♣9 ♣Q ♠3 ♥A;5
E;NT;N:4.2.T72. T9..AQ. .K6.5.7 J.Q3.K.;♣9 ♣K ♠6;♦2 ♥2 ♠4 ♦7 ♦T;3
S;NT;N:.T6.AK9. 2.4.7.64 6.9..J2 4.AJ..9;♦5 ♦2;♦9 ♦K ♦A;3
N;NT;N:9.65..T4 5..J83.6 A3..4.87 .Q4.Q5.2;;♣4 ♣T ♠9;4
E;NT;N:.2.8.AJ5 9.3.K.T J2..54. 5.Q76..;♣4 ♣2 ♦J;♣5 ♣J ♣A;3
S;NT;N:J4.T.Q4. 3.65..A8 ..9.KT7 ..653.J;♥2 ♥Q;♥T;2
E;NT;N:54.K.J.9 A.T.A8. .7.T.74 K.3.7.5;♣Q ♠8 ♣3;♣9;1
E;NT;N:2.A.J.Q3 K7.8.5. 5.T3..9 A9.K..6;♠3 ♦2 ♦K;♠2;2
E;NT;N:K4.K9.9. .J.A5.3 73..K8. T..7.J5;♥8 ♠Q ♣2;♥9;4
N;NT;N:QT..AK.4 5.52.7.9 K.96.T.6 83..3.52;;♦K ♦A ♠T ♠Q;5
N;NT;N:..7652.A T..AT8.2 2.9.QJ.3 7.AT5..8;;♦2 ♦5 ♦6 ♦7 ♣A;2
N;NT;N:96.52..6 8.Q3.9.2 .6.642.8 K.AJ.Q5.;;♣6;1
E;NT;N:.53.642. 652..7. J..9.95 .T8..32;♣Q ♣K ♦K;♦2 ♦4 ♦6 ♥3 ♥5;5
N;NT;N:K.Q.J3.2 A97..85. ..AKQ9.J J.AK.2.5;;♦3 ♦J ♣2;5
W;NT;N:.AJ.T.K2 4..AK6.6 K.T8..A9 5.3.73.;♣3;♣2 ♣K;5
W;NT;N:A962...A ..7.9432 T.4.QT.J .A62..T;♥Q;♠2 ♠6 ♠9 ♠A ♣A;1
N;NT;N:.82.A2.3 63.5.5.J 8.7.Q.Q4 Q.K.7.K7;;♦2 ♦A ♥2 ♥8;2
N;NT;N:.A85..A5 AT7..T.6 K4.4.A.2 Q5..3.83;;♣A ♥5 ♥8 ♥A;4
W;NT;N:.A85.98. 7.Q..752 KQ..Q.Q6 4...J94;♥4;♥A;5
W;NT;N:Q.6.Q.52 873.5.K. .J74..97 T..863.;♣8;♣2 ♣5;5
E;NT;N:5.T5.T.8 4.A9..T 6.J..J9 .42.K.7;♠3 ♦2 ♦6;♠5;4
E;NT;N:9.T.9.KJ A8.A..7 2..T8.4 .Q2..Q6;♦A ♦5 ♠Q;♦9;1
E;NT;N:J4.T.K.8 7.Q..Q4 A.AK4.. 6...J97;♥5 ♦8 ♠Q;♥T;5
N;NT;N:T5.J3..2 .64.J8.5 J6..A5.9 93...JT8;;♠5 ♠T ♥J;4
E;NT;N:9.T.T.J6 53.96.. T.4.J.7 Q..8.AQ;♦Q ♦3 ♣2;♦T;1
N;NT;N:5.QJ9.3. A.754..2 7..K95.9 K4.A8..6;;♦3;4
W;NT;N:4.A.Q53. T86..6.K A2..AJ.7 J.32.9.;♥9;♥A;5
N;NT;N:K..J43.9 982..6.2 T4.96.A. .7.T72.A;;♦3 ♦4 ♠K;5
N;NT;N:K.A.4.32 .42.J8.J .3.AQ.84 97.5.7.9;;♦4 ♥A ♣2 ♣3 ♠K;4
S;NT;N:J83.94.. Q9.7..J8 T..Q.A6 K.8.K.T;♣5 ♠4;♠3 ♠8 ♠J;2
S;NT;N:9.83.A4. J854..6. 72...75 T.2.8.T;♥J ♠K;♥3 ♥8;1
S;NT;N:65.3..A4 94.AJ..Q .8.Q2.8 K..86.6;♥2 ♥7;♥3;2
N;NT;N:4.K.J6.4 KJ.J.83. Q32..4.A 5.5.Q.QT;;♥K ♠4;3
S;NT;N:.KQ.T8.9 .T6.K7.K 6..3.Q2 AQ2..9.;♦6 ♥3;♦8;3
N;NT;N:K.T.K8.7 ..93.986 ..76.AJ3 82.97.2.;;♦K ♣7 ♥T ♠K;5
W;NT;N:A7.8.Q5. 3.JT2..Q J..T2.94 ..986.3;♥9;♥8;1
S;NT;N:.65.3.A5 9.72.AJ. Q.94.K. 7.J.9.Q;♣2 ♣K;♣A ♣5;1
S;NT;N:.QJ.AQ3. AK3.8.K. .6.7.52 ..T4.98;♣J ♣3;♦3 ♥J ♥Q;5
W;NT;N:A97...K4 .4.K65.9 K4..QT.Q 6.Q..J2;♣A;♣4;3
W;NT;N:8.K.T9.5 Q5...KQT 3.T53.A. 4.A9.K.;♥Q;♥K;2
E;NT;N:K9.J..52 ..92.J7 4..8.T3 73.K..9;♦K ♠8 ♠6;♣2 ♣5 ♥J ♠9 ♠K;1
N;NT;N:Q.7.64.A 9.6.AT.3 64..J5.7 AJT.A..6;;♣A ♥7 ♠Q;1
E;NT;N:..A875.8 5.6.J2. 94.5..T 6.9..62;♥3 ♦9 ♣9;♦5 ♦7 ♦8 ♣8;3
S;NT;N:.A85.K7. Q..A5.Q8 43.6.6. 7..9.62;♥Q ♦4;♥5 ♥8 ♥A;3
E;NT;N:6..KQT.T Q9.2.6. T.53.A. 2.7.J9.;♦5 ♥4 ♥T;♦T;4
W;NT;N:KT5.T.T. 92.8..97 .K.Q.AK6 Q.5.7.5;♦8;♦T;5
W;NT;N:A5.72.9. K4.4.8.3 .T9.T75. ..4.Q76;♣A;♥2 ♠5 ♥7 ♦9 ♠A;1
W;NT;N:.98.AJ.5 8.K5..94 .Q.64.KJ .T73..T;♠T;♣5 ♥8 ♥9 ♦J ♦A;1
W;NT;N:3.5.K94. .A9.J8.T 4.762..J 9..QT5.;♠K;♠3;1
N;NT;N:7.A.T.J4 8..53.KT 543.8.Q. 92.4.6.8;;♦T ♥A ♣4 ♣J ♠7;2
S;NT;N:9.AJ..K7 J.5.J3.J .KQ.4.5 AK.T7..;♦7 ♣Q;♥J ♣7 ♠9 ♥A;2
S;NT;N:7.9.85.9 4.Q8.AJ. .AT5.4. K32.4..;♠6 ♣4;♠7;5
S;NT;N:QJ.T.3.5 9.Q7.2.4 .84.K.K 42...AQ;♦J ♥A;♦3;3
W;NT;N:Q9.KJ.8. 82.T5.3. 5..Q6.Q7 .Q.4.KT;♥7;♥J ♥K;5
W;NT;N:.A7.53.K Q2.6.QJ. 8.Q8.K8. 6.4..T3;♥5;♥7 ♥A;5
E;NT;N:K3..Q.T2 A.8.J.4 2..3.K3 .3.T2.J;♦A ♣9 ♥K;♦Q;1
S;NT;N:64.KJ4.. J5..J4.4 A.A7.Q. K.65.7.;♦5 ♣Q;♥4 ♠4 ♠6 ♥J ♥K;3
S;NT;N:T.J.J.96 8..A72.8 9.64.4. J4.A..T;♠2 ♠5;♠T;1
W;NT;N:8.AT..74 J..J.AT8 K..76.62 73..53.;♠9;♠8;1
N;NT;N:T..8.Q82 KJ.2.7.9 2..Q63.5 4.Q..743;;♣Q ♦8;5
E;NT;N:T5.T..A6 K2.Q6.. ..T7.K3 A7.J.5.;♣7 ♥9 ♣2;♣A;5
S;NT;N:.6.5.J95 KQT7.9.. 54.7..Q .84.4.4;♣A ♣6;♣5 ♣9 ♣J;2
S;NT;N:K.Q6.3.5 7..J.T84 ..542.Q Q.K4.A.;♣7 ♣J;♣5;2
N;NT;N:874.85.. 3.7..A93 T.T6..75 A6..KT2.;;♥5 ♥8;2
N;NT;N:T...QT42 3..Q72.9 5.3.AJ.7 J4.A42..;;♣T ♣Q;4
W;NT;N:62..J.Q7 4.Q.K9.3 .9.72.T9 3.K6..8;♦6;♦J;1
S;NT;N:8.76.A.3 4.K.K6.4 .J3.T.5 72..8.K;♥8 ♣8;♥6 ♥7;3
E;NT;N:7..95.QJ A..J.A8 .T.82.3 T.6.6.6;♦7 ♦3 ♦Q;♦5 ♦9;1
S;NT;N:.95.A93. Q.T.2.K7 2.Q.Q5. 3..JT.T;♣Q ♠8;♦3 ♦9 ♥5 ♥9 ♦A;2
E;NT;N:8.K5..J8 .T82.A. T...543 .7.3.76;♥9 ♠5 ♦2;♥K;5
N;NT;N:JT8.9..8 .K.T94.T A..3.J73 43.5..95;;♣8 ♠8 ♠T ♠J;2
W;NT;N:64.5.A3. .6.QJ.K3 73.K3.7. T.2..Q8;♦9;♦A;3
S;NT;N:5..97.AQ 2.T.K84. ..5.T82 .75.A6.;♥A ♥J;♦7 ♦9;4
S;NT;N:.A8.8.AQ .75.K95. ..4.853 3.4..J2;♥K ♠K;♥A ♥8;4
S;NT;N:6.A4.82. 2.7.QT6. JT...86 5.Q.K.J;♣4 ♥9;♦2 ♥4 ♦8 ♠6 ♥A;3
E;NT;N:JT3.A..6 2..A7.A 98.9.K. 64..3.8;♥5 ♥Q ♥3;♥A;5
N;NT;N:Q4.J6.8. AJ...985 K.3.73.A T..AKJ.T;;♠4 ♠Q ♥6 ♥J;3
W;NT;N:Q.74.J.A .Q65..32 .3.AK3.5 2..2.JT;♥J;♥4;4
S;NT;N:8..A7.Q4 QT.8.Q5. .3.T3.T J76...6;♥A ♥9;♦7 ♠8;5
N;NT;N:3..A7.K5 4.Q.64.A 5.T8.QJ. J98.9.2.;;♦7 ♦A;2
E;NT;N:.K9.KJ9. .5.A.82 K6.7.5. 7..42.7;♠T ♥2 ♥8;♦9 ♦J ♦K ♥9 ♥K;1
S;NT;N:.K32.75. .J97.9.A J6.85.. .A.T.42;♥T ♠3;♥K;1
W;NT;N:T5..6.73 AKJ3.J.. .AK64..6 ..KT97.;♦5;♦6;5
S;NT;N:65.A..KQ T.K3.T4. AJ..5.5 .J9.7.8;♠7 ♥5;♠5 ♠6;2
W;NT;N:Q2..Q5.4 J.87.6.K .AQ2.83. 3.6.K7.;♥3;♠2 ♦5 ♣4;4
S;NT;N:J3.K3..3 A.Q5..A7 .9.6.JT ..J87.5;♠Q ♦5;♠3 ♠J;2
N;NT;N:T..T32.9 8.KJ.85. Q9.T..J7 K5.43..5;;♣9 ♦T;3
E;NT;N:.A.3.AK5 ..Q987. 9..2.T8 T7.QT..;♣7 ♠K ♣Q;♣K ♣A;4
N;NT;N:952.3.5. Q..96.87 T.Q.3.AT J7.96.8.;;♥3;3
E;NT;N:5.J.K2.7 .K6.3.2 T.4.T.K 6.95.6.;♣A ♥3 ♣T;♣7;2
S;NT;N:3.9.3.T8 9.A5.J5. KT.K..A .42.4.J;♣5 ♥J;♣8 ♣T;4
N;NT;N:7.J9.KT. Q9.Q2.7. K5.T.5.A .K6.98.5;;♦T ♦K ♠7;4
S;NT;N:.4.T86.A .8.92.T3 .J5.4.6 KJ.72..;♠3 ♦3;♦6 ♦8 ♦T ♥4 ♣A;4
E;NT;N:.T3.K6.7 T.8.4.9 KJ.4.A. .2.53.K;♣3 ♠A ♣5;♣7;5
N;NT;N:K.Q75..Q Q.A.J8.T JT.6..72 2.J.A72.;;♠K ♣Q;2
N;NT;N:4.KJ.7.3 .8.JT.Q2 9.T.Q8.7 5.3.5.T5;;♥J ♥K ♦7 ♠4;4
S;NT;N:T..AK53. 95.J2..3 6.97..6 3.8.2.2;♠K ♦7;♠T;3
W;NT;N:72..3.Q5 .962..A9 .Q85.92. ..Q4.K6;♦6;♦3;2
W;NT;N:4.9..965 2.32..K8 .T.T2.T2 .84.9.A;♠J;♠4;3
E;NT;N:T.T8..Q4 42..2.6 .2.Q.97 K.K.5.A;♦3 ♥4 ♦6;♣4 ♠T ♥8 ♥T ♣Q;1
E;NT;N:A82.73.. .9.8.95 4.A5..4 .6.75.T;♦2 ♣J ♠9;♠2 ♥3 ♠8 ♥7 ♠A;1
N;NT;N:3.K2.3.9 5..Q5.JT KQ.Q..Q3 .T5.KJ4.;;♠3 ♥2 ♥K ♣9;4
S;NT;N:K8.5.6.7 T..9.A43 32.97.. 7.QJ.5.;♦A ♣T;♦6;3
W;NT;N:K.J.Q85. JT.T95.. 876.8..4 A3..6.6;♣7;♦5 ♦8 ♦Q ♠K;1
S;NT;N:.85.2.97 Q5.K.Q.Q A2.7.T. 9.4.7.A;♠6 ♣6;♦2 ♣7 ♣9 ♥5 ♥8;1
W;NT;N:.J6.T.A7 9862..6. AT75.A.. ..7.KQ5;♣T;♣A;5
E;NT;N:..AJ2.94 .2.3.JT 76.J6.. .T.4.76;♠9 ♥Q ♦6;♦2 ♣4 ♣9 ♦J ♦A;2
W;NT;N:3.2.654. 7.84.A3. KJ.7.2.A .T..KQ9;♥5;♥2;2
E;NT;N:J2..75.T 7..AT.6 .J3..K4 6.6.3.8;♠8 ♣9 ♦Q;♠J;5
N;NT;N:8.A3.9.2 J7.7.T3. K62.4.5. ..84.T74;;♥A ♠8;3
S;NT;N:9.Q..932 T8..T3.4 .A.AK5. Q.K.4.8;♦7 ♥J;♣2 ♣3 ♠9 ♥Q;3
N;NT;N:6.6.K.AQ .2.85.94 7.8.76.T 9.J4..K3;;♦K;3
N;NT;N:743.4.Q. J2...J43 9.K5..QT .3.94.92;;♥4 ♠3 ♠4 ♠7 ♦Q;4
S;NT;N:3.32.J.3 5.T97.Q. .8.84.Q QT82...;♠J ♣8;♠3;2
N;NT;N:3.K.J8.A .3.962.4 T.T.AT.8 9..Q.KT7;;♦8 ♦J ♠3 ♥K ♣A;5
W;NT;N:7..J5.Q4 .J.832.9 Q4.K8..3 .32.7.K;♦9;♦J;5
S;NT;N:.87.J7.8 A3..42.2 8.54..3 K.J..AJ;♦Q ♣7;♦7 ♦J;1
S;NT;N:.Q.3.T94 4.T.4.73 Q.9.T.6 K73..2.;♠9 ♣J;♣4 ♦3 ♥Q;5
S;NT;N:5.T63..A .84.K.42 8.Q.6.9 K2.5.8.;♠Q ♦5;♠5;5
E;NT;N:J..AQ.54 ..T8.K7 85.T..6 2.A.6.J;♥4 ♠A ♠K;♣4 ♣5 ♦Q ♦A ♠J;2
S;NT;N:87..K3.4 KJ..J85. Q6.K..Q .6.97.8;♣A ♣T;♣4;3
N;NT;N:.Q9..A94 3.64.A7. 4...JT65 T8.T.6.K;;♥Q ♣A;5
E;NT;N:A843..J. Q9.8..4 .32.T.K K.5..96;♥K ♠J ♠T;♠3 ♠4 ♠8 ♦J;2
S;NT;N:A2.5.4.9 J3.T8..5 .A43.A. 74...QJ;♦6 ♥6;♦4;3
S;NT;N:Q9.J.K5. 7..A9.T4 .3.QJ.J T3..T7.;♣2 ♦2;♠9 ♦5 ♦K ♥J;3
W;NT;N:.95.J97. A.2.T8.T .T.K6.92 T4.8..3;♠2;♦7 ♦9 ♦J ♥5 ♥9;3
N;NT;N:K.T4..52 954..2.6 .95.A5.Q 6.73..T4;;♠K ♥4 ♣2 ♣5 ♥T;5
E;NT;N:J875..7. .86.5.4 6..J9.9 .A9.6.8;♠A ♦2 ♥3;♠5 ♠7 ♠8 ♠J;2
E;NT;N:J2.A.7.J 9.9..93 K.J.4.T 4.85.2.;♦3 ♠Q ♣7;♦7;5
W;NT;N:.96.K9.4 53..82.6 8.QJ83.. 4...Q92;♠7;♥6 ♣4 ♥9 ♦9 ♦K;5
E;NT;N:83...T76 ..K6.K2 .Q..Q95 J.96.2.;♥4 ♦9 ♣8;♣6 ♣7 ♣T ♠3 ♠8;1
W;NT;N:A..T9.J5 .4.QJ.97 T9.5.K.A 7.J6.A.;♠8;♠A;3
S;NT;N:J9..QJ.8 ..43.T42 T.K..J9 5.5.A8.;♥J ♠4;♠9 ♣8 ♦J ♦Q;5
S;NT;N:9.Q9.62. .T7.K4.A .3.8.J5 .A.Q.93;♣Q ♣K;♠9;2
W;NT;N:642.J.9. J.5.KT.K .T2.Q7.4 53.A..2;♠8;♠2 ♠4;1
N;NT;N:T2.4..K6 Q7.J..92 8.87.5.T 43.Q..54;;♣6 ♥4 ♠2;3
W;NT;N:5.J.Q.QT T7.8..96 A4..K.52 .9.T4.4;♠3;♠5;5
S;NT;N:8.7.Q.K2 9.J98.9. 5.K..A9 4.A2..T;♥3 ♦K;♥7;1
N;NT;N:T3.K4.T. 98.A.84. ...J9862 7.T2.2.K;;♠T ♦T ♥4;3
W;NT;N:.KJ85.5. 9..T3.T7 K6.32..Q .Q.K.85;♦9;♦5;3
N;NT;N:Q632.7.. J.J2.3.2 54..J.K7 .3.9.AQ6;;♠Q;4
N;NT;N:K3.87..A 5.Q3..Q4 .4.873.5 .KT5.94.;;♠K ♣A;3
W;NT;N:Q..J83.2 J93.9.K. A75...A3 .73.A5.;♣K;♣2;3
N;NT;N:.AJ84.A. J.9.T5.9 K2.3.8.2 A.72.9.8;;♥J ♥A ♦A;5
W;NT;N:54..A.K9 6.87.3.Q .2.J.AJ4 ..974.2;♦K;♦A;4
N;NT;N:.J.53.J3 J8..A9.5 93.AK..9 .7.6.AK7;;♥J;2
W;NT;N:.J4.K9.J 9.K73.6. 53.A82.. T..AQ.A;♣K;♣J;1
E;NT;N:AQ..AT5. 2.4.K.K 5.2..T5 J84...3;♥J ♦4 ♥K;♦5 ♦T ♠Q ♠A;2
S;NT;N:2..K5.63 5.A2.3.J QJ.8.A. 9764...;♠8 ♥9;♠2;4
N;NT;N:4.5.8.K9 5.9.2.T8 9.K8.3.2 KJ.7.T.7;;♥5 ♣K;3
W;NT;N:86..8.T9 .96.KJ6. .T42.4.5 AJ7...4;♦7;♦8;2
W;NT;N:.4.A62.9 942..J.K T76..3.8 .7..QJT;♦9;♦A;3
N;NT;N:Q8.AJ7.. 92.Q2..3 T..K.K87 4.96..AT;;♠8 ♥A;3
W;NT;N:9.6.A.62 .AQ.7.Q7 Q.4.954. 876...4;♣K;♣2 ♣6;1
W;NT;N:8.52.J.9 2.J4.6.K 9.6.9.A7 .Q93.T.;♠6;♠8;4
N;NT;N:8.Q8.T7. T.5.K2.8 7.7.65.7 .94.93.A;;♥Q ♠8 ♦7 ♦T ♥8;1
W;NT;N:.AK6..Q6 A.83.5.4 4..T.932 3.T.A.K;♦2;♥6 ♣6 ♥K ♥A ♣Q;2
S;NT;N:K54..A.6 J.62.K8. ..94.J9 T..Q.43;♥Q ♦T;♠4 ♠5 ♣6;5
W;NT;N:93.7..J9 KT5.6.J. A.8.KQ.6 4.K2..Q;♠J;♠3 ♠9;3
N;NT;N:4.9.J7.3 62.8.K5. 8.4.T2.T T9.6..98;;♥9 ♦7 ♦J ♠4 ♣3;2
W;NT;N:4..Q7.A9 Q.9.98.2 .T.K.J83 AT3.3..;♣7;♣9 ♣A;5
E;NT;N:.K84..K5 ..J.QT9 4.T.8.7 J8..A9.;♣J ♦Q ♦4;♣K;4
S;NT;N:3..T42.7 .73.8.T2 A.T9..9 42..QJ.;♦6 ♣A;♦T;4
N;NT;N:.T8.K.92 J.6.A5.7 T.QJ.76. A.K2..Q6;;♥8 ♥T ♦K ♣9;1
W;NT;N:7.T..KQ5 K.K3.Q.A AQ4.6.J. .5.5.J8;♣3;♣5 ♣Q ♣K;1
N;NT;N:.954.9.K 63.T..87 Q8.Q7.5. T9..K7.3;;♥4 ♥5 ♣K;5
W;NT;N:6.83.JT. A.2.976. .KT5.Q5. 84.7..5;♣7;♥3 ♥8 ♠6 ♦T ♦J;1
E;NT;N:J9.6.8.9 T.8.A5. .J3.Q.2 6..KJ.7;♣K ♠K ♥2;♣9;1
S;NT;N:2.Q7.T.3 J53..4.6 A.JT.7. .54.Q.7;♠9 ♠K;♠2;2
W;NT;N:..64.962 4.92.8.4 A.K5.K5. 53.T4..;♦7;♦4;5
N;NT;N:.QJ.84.9 52..7.AT .62.AQ.K A.97.3.7;;♦4 ♦8 ♥J ♥Q;4
W;NT;N:9.96.A8. 5.T2.Q7. Q8.A.6.7 T..T5.A;♥4;♥6 ♥9;4
W;NT;N:.842.K4. Q5..832. 73..A6.T AT..J.7;♥Q;♥2 ♥4 ♥8;2
N;NT;N:742.2.2. ..T43.QJ T.A53.9. K9.Q.7.T;;♥2;3
N;NT;N:6.72.6.Q QT5..2.A 9.A..T74 .T3.5.J2;;♦6;2
S;NT;N:J7...T72 .A9.Q.95 5.K72.. Q.T..AJ;♠8 ♣K;♠7 ♠J;1
N;NT;N:52.8.9.Q 64.76.2. Q.9.K85. .AQT.T.5;;♣Q;5
S;NT;N:..Q65.T4 J4.8.2.K Q.7..95 A65...8;♣7 ♣A;♣4 ♣T;1
N;NT;N:T2..95.8 6..2.KQ6 A8.3.4.T J.K4..43;;♠2 ♠T ♦5 ♦9;4
N;NT;N:.K.Q.AQ6 8.JT4..3 A..T84.J Q..7.T72;;♣6 ♦Q ♥K;5
S;NT;N:Q5.7.8.9 7.J.J.A4 6.9.2.2 .62.9.T;♥3 ♥T;♥7;1
E;NT;N:9.Q.Q5.J 3.5..64 K76...T Q2.2.K.;♦9 ♦A ♦J;♦5 ♦Q;5
S;NT;N:KQT.Q.A. AJ...J62 .4.3.Q7 64.7..8;♦7 ♦Q;♦A;4
E;NT;N:K.J82.8. ..J6.74 J.73.Q. T5..5.T;♠2 ♣J ♦T;♠K;5
E;NT;N:4.6.KQ.9 T.8.9.5 .2.J87. A9..2.K;♥4 ♦A ♣6;♥6;3
N;NT;N:8.T.3.A7 9.J.Q85. J6.3.J.3 T.95.4.2;;♠8 ♣7 ♣A;4
S;NT;N:43.4.8.7 .985.73. T7.K.T. A..J.A8;♦Q ♣2;♦8;2
N;NT;N:A.J7.7.7 .QT98..8 .K.Q4.93 Q.A4.98.;;♠A;4
E;NT;N:K.K7.T9. 6.8..95 7..Q.62 .95..74;♦J ♠3 ♦K;♦9 ♦T;2
E;NT;N:.K83.9.6 A64...J KQ..A5. .7.82.A;♦4 ♣Q ♠7;♦9;4
S;NT;N:84...A75 T.KQ.42. Q9.T.A. 6..Q8.Q;♠J ♦7;♠4 ♠8;4
S;NT;N:J7.5..T9 .9.AJ9.2 .6..K53 2.Q.Q3.;♥K ♦7;♥5;5
N;NT;N:A.32.K7. KQ.A..43 7.K7.AT. T.J..T52;;♠A ♦7 ♦K;3
N;NT;N:4.J.T98. .652..AT J...K985 .K7.4.63;;♦8 ♦9 ♦T;4
S;NT;N:K.K.T5.8 Q7.J.A4. 9.T82.. .A9..T5;♠J ♦7;♠K;2
S;NT;N:A2.T..76 54..K5.K Q.6.Q.2 .4.A4.Q;♦6 ♠T;♠2 ♣6 ♣7 ♠A ♥T;1
N;NT;N:97.Q.4.J AJ.7.76. .62.A.97 .A.QJ.T3;;♥Q ♣J;3
W;NT;N:.AJ.T8.Q AK8.5..3 ..9743.J 97.Q.Q.;♥9;♥J;3
N;NT;N:KT6..T8. .65.9.T9 .K8.6.42 .J.Q3.A5;;♠6 ♠T ♠K;3
E;NT;N:63.9..J4 J.2..A6 8.K..32 .Q.2.T7;♠9 ♦T ♦K;♠3 ♠6;1
N;NT;N:7.A.A3.7 Q9.J9..A 4.Q3.T.4 A..8.K65;;♦3 ♦A ♥A;3
S;NT;N:95..K72. T3..4.AJ 62..9.3 Q4..Q.4;♣Q ♥5;♦2 ♦7 ♠5 ♠9;1
W;NT;N:K7..853. .A7.J.T9 Q9.KQ9.. A...742;♠J;♠7 ♠K;1
W;NT;N:Q.K2.Q.K 2.T7.T.T A5...843 ..76.A7;♠4;♠Q;4
N;NT;N:T7.K.5.T J85..3.A .6.A62.J .973.T.Q;;♦5 ♥K;4
W;NT;N:K5..43.T 2.872..Q 93.A9..2 .Q.KQ.9;♥5;♦3 ♦4 ♠5 ♠K ♣T;4
N;NT;N:.J76.8.4 2.Q5..KT QJ..QJ5. 63.2.6.J;;♦8;5
S;NT;N:T63..T6. .KQ3.A.4 .J72.7. ..83.97;♣J ♥5;♠3 ♠6 ♠T ♦6 ♦T;2
E;NT;N:.3.84.76 9.6.A.5 .A7.6.8 .5.JT.J;♥4 ♥9 ♣9;♥3;3
W;NT;N:85.5.8.Q J9.4.9.7 T.97..65 .86..AK;♣9;♣Q;2
S;NT;N:..9643.4 .32.Q.52 Q.5.T7. .8.A.KJ;♠J ♣9;♦3 ♦4 ♦6 ♦9 ♣4;2
S;NT;N:J8..8.A2 T9..2.54 2.J3.K. Q.A..KT;♠K ♠7;♠8 ♠J;3
E;NT;N:2.A.Q6.7 7.Q.T.3 .72.3.4 .J.8.65;♠4 ♠T ♣T;♠2;5
W;NT;N:6.93.3.T 7.K8..A7 .A.A96.8 K2..2.J;♥J;♥3 ♥9;4
W;NT;N:AJ3.A9.. .4.75.Q2 75.6.Q.3 T6.T5..;♦A;♥9;4
S;NT;N:K2..2.Q8 Q7..T.T2 9.8..AK .J.A9.4;♥5 ♥Q;♠2 ♦2 ♣8 ♣Q;1
S;NT;N:K8.3.6.T A64..Q.Q ..J92.J 3.T..76;♦7 ♥7;♦6;1
W;NT;N:2..T9.K2 Q8..8.J4 AJ3.6.A. .Q9.7.6;♥K;♣2 ♠2 ♦9 ♦T;2
S;NT;N:.T6.K93. 2.K3..86 J.5..T7 5.8.5.2;♠6 ♣3;♦3 ♦9 ♦K ♥6 ♥T;4
S;NT;N:98.AJ..2 .9.T97.9 3.4.8.Q T.6.6.K;♠2 ♠5;♠8 ♠9;3
N;NT;N:K4.62..A J3..Q3.8 6.J.T.96 A7..9.QT;;♥2 ♥6;3
E;NT;N:K.J.7.T5 QT...87 A.432.. 32...Q6;♦9 ♠4 ♣9;♦7;2
N;NT;N:Q3..2.J5 52.A2.Q. ..K7654. .6.A3.43;;♣5 ♣J ♠Q;3
E;NT;N:J.K9..53 K.5.Q3. 83.8..T 4..K95.;♥T ♦A ♠5;♥K;4
N;NT;N:.53.A.AT .AJT.T3. Q876.4.. J..95.52;;♦A ♣T ♣A;3
E;NT;N:74..5.A2 .954..Q .2.K.KJ 6.T.3.8;♥3 ♥K ♣3;♣2 ♠4 ♦5;5
E;NT;N:4.J8.T9. K5.7.7. ..J.J65 A.KT..2;♦K ♥5 ♥9;♦9 ♦T;2
E;NT;N:A..Q3.53 7.A.92. 32.3..Q 8.8..AJ;♦6 ♥K ♠9;♦Q ♦3;2
E;NT;N:.76.K5.T 3.K.9.J QT.5..3 8.T.J.7;♥J ♣9 ♦2;♥6 ♥7;2
W;NT;N:Q9.A5..8 .743..AT .K.J2.K3 7.8.A.4;♠3;♠9 ♠Q;4
S;NT;N:.4.6.Q54 7.92..A2 K.T.8.8 .K.Q.K3;♦A ♦5;♦6;2
N;NT;N:9.A7..JT K83..Q.7 .QJ5.2.A 52..K.KQ;;♣T ♣J ♥7 ♥A;4
W;NT;N:7.Q.Q.KT .32.A.A5 .A.K82.8 3..4.64;♠J;♠7;1
E;NT;N:J2.6.T.7 A.2.J9. .87.7.4 K...T62;♠T ♠6 ♥J;♠J;3
N;NT;N:T.5.7.J2 64.J.2.K ..QJ4.Q7 A53..63.;;♦7;3
S;NT;N:Q6.6.8.8 J43.42.. T.A7.A. .T.97.A;♦6 ♠8;♦8;5
E;NT;N:K.2.6.94 4..52.6 .9.K.T7 .AK4.A.;♠8 ♠3 ♣3;♠K;3
W;NT;N:.K2.63.8 J6.7..Q5 AKT.9.7. 97.8..7;♦2;♦3 ♦6;5
W;NT;N:543.K..4 KT6..J.7 .Q3.83.9 8..5.Q2;♥4;♥K;1
W;NT;N:.6.AQ7.T J.J.JT.9 3.K98..8 .75.5.7;♠T;♦7 ♥6 ♦Q ♦A;4
E;NT;N:Q9.J9..Q 42.K..6 ...T432 .Q5.J4.;♠7 ♠A ♦3;♠9 ♠Q;3
S;NT;N:.6.7642. K63.8.J. 2.Q.3.J .74.K.T;♣9 ♠Q;♦2 ♦4 ♦6 ♦7 ♥6;3
S;NT;N:2.32..86 ..8654.2 Q.A..K5 9..Q.JT;♣7 ♥Q;♣6 ♣8;4
E;NT;N:K.K4.95. 93.2.A. A.Q6..8 62..T.7;♣A ♠Q ♣5;♥4 ♦5 ♦9 ♥K ♠K;3
N;NT;N:83.Q4.5. .J3.73.8 2..A8.AQ AJ.A8..4;;♦5;4
N;NT;N:T8.K.T.4 .A.AQ73. .9.K9.76 J62..4.2;;♦T ♣4 ♥K;3
N;NT;N:.942.7.9 K7..432. ..5.KJ52 Q93..K8.;;♥2 ♥4 ♥9;5
N;NT;N:K7...Q83 43.Q..K6 J.9.KQ6. .T5.94.T;;♠7;4
W;NT;N:9.5.T5.3 J5.T.K4. T..9.AQ7 2.98.8.;♣J;♣3;3
N;NT;N:2.A.A.86 .73.4.42 J.J4.85. Q9.2.T3.;;♥A ♦A ♣6 ♣8;4
E;NT;N:.3.QJ4.6 KJ.7.2. 9.Q.8.4 82..3.3;♦T ♦A ♥T;♦4 ♦J ♦Q;5
W;NT;N:.A.J2.A3 J2.K.76. 97.2.A.9 A8.9..7;♦Q;♦2;5
E;NT;N:Q.K8.K.2 .T96.8. A..52.8 52.Q4..;♠3 ♥2 ♣Q;♠Q;5
E;NT;N:4.A.A92. J.QT..2 T93.4.. K.82.T.;♦6 ♥5 ♥J;♦9;4
S;NT;N:Q7.Q.Q.Q .6.A8.J5 KT...84 .K2.7.K;♣9 ♠2;♣Q;3
E;NT;N:T.92.K8. .8.QJ2. ..9.852 Q7..5.7;♠J ♥T ♥5;♠T;3
E;NT;N:.9.3.QJ5 4.K.9.4 A7.Q6.. K.A.6.A;♥3 ♣7 ♠3;♥9;2
E;NT;N:J.4.T.T5 Q.5.7.6 2.8.6.J 984..3.;♣Q ♦J ♣A;♣5 ♣T;3
N;NT;N:.K.KT5.2 Q6.T.7.9 .97.932. 4..Q86.5;;♥K ♣2 ♦K;2
E;NT;N:J..J6.J5 .98.T.A AT.3.3. 9.6..76;♥J ♣2 ♦4;♦6 ♣5 ♠J ♣J;1
E;NT;N:J.9.T7.8 63.J..6 5.3.Q9. T8..5.9;♣K ♥2 ♥8;♣8;2
E;NT;N:Q.KJ..T2 .65.J6. 2.3.7.4 KT.Q9..;♦2 ♠5 ♣K;♣2 ♥J ♠Q ♣T;2
W;NT;N:J.K6.6.J 6..QT.K8 K.8.KJ.6 A.A4..Q;♦8;♦6;2
S;NT;N:74..65.2 2.J4..65 ..93.Q8 J.87.Q.;♥K ♠A;♣2 ♦5 ♦6 ♠4 ♠7;3
E;NT;N:.Q62..T8 5.8.K.4 Q73.T.. A..Q3.J;♥J ♣6 ♦8;♥Q;2
N;NT;N:..K.AJ32 2.3.T3.7 AKT.T7.. 4.J2.5.4;;♣J ♣A ♦K;5
N;NT;N:AKJ3.8.. 97..73.8 4.A6..A6 Q.Q.J9.7;;♠K ♠A ♥8;5
S;NT;N:.53.6.KT 2.A7.3.2 Q9...95 43.Q..J;♥2 ♦5;♥3 ♥5;3
S;NT;N:2..AK.63 T.3.T95. J.94..8 .K.76.Q;♦3 ♥T;♦K ♦A;3
E;NT;N:K9.4.9.Q QT..5.6 75.7..3 ..AQ7.5;♥6 ♦J ♦3;♥4;1
S;NT;N:.K2.A6.K J75..9.6 .84.4.7 A.J6..Q;♦K ♣4;♦6 ♦A;4
W;NT;N:JT7.3..A .Q..K982 Q94..62. .JT..53;♥A;♥3;2
W;NT;N:.65.4.65 QT5.3.A. K4.Q.75. 63...A4;♥7;♥5 ♥6;3
S;NT;N:K.83..83 J.J64.K. .T..A92 Q5.Q..6;♦7 ♠9;♥3 ♣3 ♣8 ♥8;3
S;NT;N:86...T43 K.Q.63.9 T7.2.Q. ..84.QJ;♣A ♦5;♣3 ♣4 ♣T;3
W;NT;N:.Q86.A.Q 7..5.953 4.T7.3.K J9.K..7;♥2;♥6 ♥8 ♥Q;3
N;NT;N:T..AT2.5 K4.2..74 J3.7.3.J Q.J.KQ4.;;♠T ♣5 ♦A ♦2 ♦T;2
N;NT;N:9.Q.74.T T5.K.6.7 7.4.Q83. 2.A..A85;;♦4 ♦7;3
W;NT;N:.T8.Q5.2 3.6.6.87 K.54.4.Q T.3.9.4;♣3;♣2;5
N;NT;N:4..QT.A3 2.JT3..T AJ8..K.4 7.Q.98.2;;♣A ♠4 ♦T ♦Q;5
W;NT;N:T2.3.J3. 8.2.A82. 54.KJ6.. A.9..A3;♥4;♥3;3
E;NT;N:5.9..J87 4.5.T.4 .2.Q2.A 9..864.;♥3 ♠7 ♣5;♥9;3
S;NT;N:..Q7.A92 AK.4.5.6 32..K.8 T.K.9.7;♦A ♣4;♦7 ♦Q;5
E;NT;N:.K73..K2 72.A4.. J4..AJ. .5.K2.9;♦3 ♥9 ♣6;♥3 ♣2 ♥7 ♥K;3
S;NT;N:975.A..A 8.J.T2.8 .T3.Q.9 .K6.7.T;♠4 ♣K;♠9;5
N;NT;N:Q.K9.T4. J76.5..A .QJ84..4 .2.J975.;;♥K ♠Q;5
W;NT;N:3.J.T.72 A..K72.6 .A5.A.84 ..4.QJ5;♠Q;♠3;1
S;NT;N:Q4.3.J.9 .62..T63 7.Q.T3. 5.T.4.8;♦9 ♠K;♦J;5
W;NT;N:6..JT6.9 9..5.A83 Q54..9.6 JT.J..2;♠2;♠6;4
W;NT;N:Q.T.KQT. 653.9.6. K874...9 ...JT54;♥2;♥T;5
W;NT;N:854.J..5 .7.A98.A A.AK.7.T 3.Q4..4;♣3;♣5;1
N;NT;N:K.KJ.Q.6 Q.T.K42. .73.6.Q5 .42.5.AJ;;♥J ♥K ♠K;3
W;NT;N:5..Q74.7 .8.A2.QJ .Q.8.A83 J3.65..;♠K;♠5;2
N;NT;N:J3..T2.7 6.876..T 2..QJ9.6 A4.2..93;;♦2 ♦T;3
E;NT;N:.Q.A875. 5.J2..2 .A.6.84 8..J2.6;♣7 ♣5 ♠J;♦5 ♦7 ♦8 ♥Q;3
S;NT;N:.J6.7.95 .5.K2.74 6.82.J. .3.6.KJ;♦8 ♠A;♦7;2
S;NT;N:J..AK7.2 .9.T2.J9 K.J.8.Q 863.3..;♥5 ♥K;♦7 ♣2 ♦K ♦A ♠J;4
S;NT;N:JT..AQ.T 2.7.J6.3 4.T.5.7 83..8.Q;♦K ♥J;♦Q;5
E;NT;N:8.2.J.A5 .87.5.4 Q3..A.9 .A.64.T;♦8 ♦K ♥Q;♦J;5
E;NT;N:9.83.K.2 .Q.T.43 Q.A..T5 A4..4.7;♦8 ♠K ♠3;♦K;4
S;NT;N:J5..AK.6 A.J.4.85 K.2.6.7 .85.J.J;♥Q ♦Q;♣6 ♠5 ♠J;3
N;NT;N:98..Q.J3 4..A65.6 J.K4.3.8 .8.7.Q75;;♠8 ♠9;3
W;NT;N:K.86.T.8 .QT7.92. Q964...9 2...Q53;♦6;♦T;2
W;NT;N:..AK6.K9 T.T9..A2 2.J2..J7 K.764..;♦T;♦K ♦A;3
W;NT;N:Q3.J7..2 .9..AK83 A.T.K.J9 ..A53.7;♦Q;♣2;5
N;NT;N:.Q8.AJ.9 Q.T2.85. T.J4.K.K 9.6.62.7;;♥8 ♥Q ♦J ♦A ♣9;5
W;NT;N:A72.T..T T..JT.J2 KQ4.6.A. 6.4..Q7;♦K;♠2 ♠7 ♠A ♣T ♥T;5
S;NT;N:..T7.A85 T2..62.9 .J.AQJ. K8.A.5.;♠J ♠3;♣5 ♣8 ♦7 ♦T ♣A;4
S;NT;N:.64.A87. AJ2..J.2 K.T..76 ..K62.T;♦4 ♠3;♦A;3
W;NT;N:QJ..A.K6 A..4.AT5 3.5.Q9.4 7.J98..;♠6;♠J ♠Q;2
W;NT;N:..Q9.987 .T3.K8.5 QT8.8..J 6.65..T;♦A;♦9 ♦Q;1
S;NT;N:9..J.T76 .T6.T.A5 4.9.K7. .87..KJ;♠6 ♠2;♠9;4
N;NT;N:.A.2.Q72 9.96.A.A 3.2.63.9 2.53.9.5;;♣2 ♣7 ♣Q;2
N;NT;N:K5..6.T7 8.63.4.3 T6.K.3.A Q72...K4;;♦6;5
E;NT;N:9.5.82.5 T54..5. 3.K.A.7 J2.6..2;♣A ♥A ♦J;♣5;1
W;NT;N:.8.3.J86 52.7..QT JT64...4 .5.KQ9.;♣A;♣6 ♣8 ♣J;1
S;NT;N:T2..A6.9 43.9.K.A Q..T8.J 5..92.2;♥4 ♦J;♠2 ♦6 ♣9 ♠T;3
S;NT;N:.A42.J.J Q7.9.Q6. K.T.7.7 862.7..;♠A ♥5;♥2 ♥4 ♥A ♦J ♣J;5
W;NT;N:8.7.T9.J 2.6.7.73 Q6.T5..6 7.3.AK.;♣9;♣J;5
N;NT;N:Q42..J9. .KJ..862 A.T.8.93 K6..KQ6.;;♠2 ♠4 ♠Q ♦9 ♦J;2
N;NT;N:3.7.T.32 A..6.KT6 Q9.5.7.A 5.QT..J7;;♠3 ♦T;3
E;NT;N:T3.Q.93. .76.4.Q 5..2.AT K.KT..7;♠J ♠2 ♥9;♠3 ♠T;1
S;NT;N:J..KQ.85 7.863..7 9..T54. AKT2...;♥J ♠8;♠J;5
S;NT;N:.QJ4.9.3 T5..K.62 9.5..QT J.K2..7;♣5 ♣9;♣3;2
S;NT;N:J5.Q.J.8 6.T6.32. KQ2...2 .7..Q75;♠8 ♠3;♠J;5
N;NT;N:7.72..98 .Q6.Q92. T.4.7.53 52.AJ.4.;;♠7 ♣8 ♣9;3
S;NT;N:T..KJ4.K .7.Q5.63 .A4..72 .96.2.A;♦8 ♦7;♦K;3
W;NT;N:.7.KT.K8 Q.T42..4 .Q.Q74.2 952...A;♥6;♥7;4
W;NT;N:J..J8.QJ Q.62..96 .A97.3.5 .T.4.A8;♠4;♠J;3
S;NT;N:K.A.8.84 95.65..6 ..Q5.J2 83..T.3;♠7 ♦9;♠K;5
W;NT;N:T96.A9.. Q.6.A92. A2.5..A6 ..T74.J;♥J;♥A;5
S;NT;N:J63..43. KQ...AT9 A8..2.8 7.2.5.7;♦7 ♦6;♦3 ♦4;2
S;NT;N:K86..5.4 .A76.Q2. 2.9.A8. Q.5.4.6;♠T ♣T;♠6 ♠8;5
S;NT;N:T.Q7.K2. A6.J9.8. KJ..6.A 5..5.72;♠3 ♣9;♠T;3
W;NT;N:AT..A.Q6 K87.3.Q. Q.52.86. .A.J2.9;♠5;♠A;4
W;NT;N:Q.84.K2. 7.6..T53 T4.3.54. .A2.J.J;♣K;♦2 ♠Q;2
N;NT;N:2.8.2.A2 QT3.5..3 4..8.KQ7 7.A.T73.;;♣A;3
N;NT;N:5.62..AT 8.98.83. 4.54.Q.5 KQ.Q.6.K;;♥2 ♥6 ♣A ♠5;2
N;NT;N:J8.3.92. 9.8.A3.8 7..K6.J7 T.9.QT.6;;♠J ♦2 ♦9 ♥3;3
S;NT;N:Q.AT.A.Q 74.4..T9 3.Q.4.4 2..Q3.6;♣3 ♦8;♣Q;5
N;NT;N:.Q974.8. 2..K9.63 .83.Q.AQ 6.A2.4.9;;♦8 ♥9 ♥Q ♥4 ♥7;1
E;NT;N:2.T.Q.QJ T6..K3. 4.K.4.2 Q..7.T4;♥2 ♦J ♦T;♥T;3
W;NT;N:Q6.82.8. KJ..54.6 8.9.7.72 .AQ.63.;♠5;♠6 ♠Q;1
E;NT;N:AKQ.5.2. 8..K9.Q T9..T.A 432..5.;♥Q ♦7 ♥9;♥5;2
E;NT;N:A.84.96. 765.A.. T.K.A3. 8.5.5.8;♠K ♣5 ♣Q;♠A;4
E;NT;N:7..QT.KJ .K5..T4 AQT.2.. .6.874.;♣3 ♠6 ♥7;♣J ♣K;5
N;NT;N:Q.T8.7.6 7.6.3.Q2 .K4.T6.5 T.93.4.3;;♦7 ♥8 ♥T ♠Q;5
N;NT;N:A9..JT9. QT4.76.. .A2.K4.J .J3..T43;;♦9 ♦T ♦J ♠A;5
W;NT;N:.7432.2. .Q8.8.85 A84..7.4 95..K.J;♣T;♥2 ♥3 ♥4 ♥7 ♦2;2
W;NT;N:.32.4.53 5.Q.J8.J 82..Q9.8 K4.4..K;♣7;♣3 ♣5;1
E;NT;N:3.AQ.T9. .4.A8.A A.7..J3 JT98...;♥2 ♦4 ♣7;♥Q ♥A;3
N;NT;N:65.2.J6. 8...K963 J7.5.7.8 .AQ87..7;;♠5 ♠6 ♦J;4
E;NT;N:.QT5..J6 .86.5.4 K8..T7. 2.A7..A;♠J ♥9 ♠7;♥5 ♥T ♥Q ♣6 ♣J;2
N;NT;N:.K2.AT.6 A84.7..Q 6.A.8.KJ K7.5.64.;;♥2 ♥K ♣6 ♦T ♦A;5
N;NT;N:A2...854 .94.52.J 9.T8.98. 43..AJ.3;;♣4 ♣5 ♣8 ♠2;2
N;NT;N:.753.A.5 K9.Q..64 Q3.A8.5. A..K96.Q;;♥3 ♥5 ♥7;4
S;NT;N:.K965.7. .T.A.A74 Q62...9 A7..84.;♦J ♠3;♦7;1
S;NT;N:.T.T2.Q7 53.9.94. 7.J.Q5. T.632..;♠K ♦6;♦2 ♥T ♣7 ♣Q;5
E;NT;N:5.AJ..75 QJ..6.4 7.T..K2 T2..T7.;♥3 ♥7 ♦2;♥J ♥A;4
E;NT;N:632.5..8 K..QJ.K 5.74.5. J.AK.8.;♥3 ♦9 ♣A;♥5;1
S;NT;N:986.8.5. .KQ2..93 J5...AQ .64.A.4;♠2 ♣8;♠6 ♠8 ♠9;5
N;NT;N:.743..52 Q9..2.97 AK..74.J 4.J.3.K8;;♣2 ♣5 ♥3 ♥4 ♥7;2
E;NT;N:Q.A75..5 2..6.94 3..3.JT A.T8.Q.;♦J ♠T ♣Q;♥5 ♥7 ♠Q;2
N;NT;N:85.5.A4. Q7.K.T.T .T2.5.K7 .QJ.J8.5;;♥5 ♦A ♦4;2
E;NT;N:.A.J7.T3 .65.9.J T7...87 .K7.8.Q;♣K ♣9 ♥J;♣3 ♣T;3
W;NT;N:93.62..K J4.5.J7. .A.42.76 T...A54;♥8;♥2 ♥6;1
S;NT;N:.65.A85. Q9.9.9.2 .7.J4.K 5.4.6.9;♣4 ♣T;♦5 ♦8 ♥5 ♥6 ♦A;1
E;NT;N:.K.Q5.K7 86.A.2. ..AT6.8 3.T5.9.;♥3 ♥Q ♥4;♥K;5
N;NT;N:6.75..74 5.Q.Q6.J J.K..T62 43.9.J.8;;♥5 ♥7 ♣4 ♣7 ♠6;2
W;NT;N:2.T4.Q.4 .6.8.852 .AQ5..JT 5.K.5.Q;♠6;♠2;2
N;NT;N:K.A.6.K9 32.J.5.4 .643.92. 985.82..;;♥A ♦6 ♣9 ♣K ♠K;5
W;NT;N:J7.K..T7 65.4.7.9 93...852 ..AT52.;♦3;♠7 ♣7 ♠J;4
E;NT;N:2.7.83.4 97..Q.K T.K.52. 8.52.6.;♠5 ♠J ♥6;♠2;3
N;NT;N:AQ...T64 8.A7.Q7. .K84.J.7 43.9.3.K;;♠Q ♠A;2
S;NT;N:J73.6..8 ..T872.5 62.K..J .T3..K9;♥4 ♠K;♥6;5
N;NT;N:2.6.K85. K.J2..QT A.3.A2.6 Q..QT7.2;;♠2 ♦5 ♦8 ♦K;3
N;NT;N:.KQ2.T.A K.5.54.3 Q82..A8. 7.8..762;;♥Q ♥K ♦T ♣A;5
W;NT;N:9.5.T9.5 K5.K.J.K 4..Q87.A 8.T.54.;♦6;♦9 ♦T;4
S;NT;N:J7.9.4.4 54.4..Q6 A.Q.K.K 8.T6..7;♠K ♦9;♠7 ♠J;5
N;NT;N:96.4..K2 ..964.AQ J.K.J7.4 T7.J.2.9;;♥4 ♠6 ♠9;4
W;NT;N:T.K5.5.8 A5..8.43 J.Q86..K K..K3.A;♥4;♥K;3
E;NT;N:T2.8.6.5 86.6..9 ..Q9.Q4 .AQ..T8;♠9 ♥2 ♠K;♠2 ♠T;2
S;NT;N:.KT.K3.J J.73..62 .QJ6.9. Q4..A.7;♠2 ♣5;♦3 ♦K;4
N;NT;N:Q..Q7.72 4.9.T2.Q 8.74.8.6 3.KJ6.K.;;♠Q ♦7 ♦Q;1
W;NT;N:8.K.J.62 .8.Q93.A 94.2.A8. .6.62.K;♥3;♥K;4
E;NT;N:.8..AT82 T8.74.. 5.A.5.9 K.3.T.J;♦2 ♠4 ♥T;♣2 ♣8 ♣T ♥8;2
W;NT;N:5.9.K6.Q ..T983.3 A.2.Q.KJ 9.J7..4;♥T;♥9;2
E;NT;N:7.T4..AJ ..JT.T9 J..6.Q7 .75..42;♠K ♠2 ♦8;♠7;2
S;NT;N:Q962.6.. J7.T8.2. .4.95.6 .AQ..A9;♥J ♦3;♥6;3
N;NT;N:..9863.J AT5.52.. .T.T7.T4 8.3.4.A2;;♦3 ♦6 ♦8 ♦9;5
S;NT;N:T8.6..Q4 A.J9.AK. .5.J.AT K.K7..9;♣5 ♥8;♣4 ♣Q;3
W;NT;N:98..J.T7 K.4.Q9.6 .6.KT8.3 5.Q3.7.;♣5;♣7 ♣T;4
S;NT;N:98.A.AT. K652..4. T.6.8.9 J.J.2.J;♥9 ♦7;♥A;3
W;NT;N:T62.K.J. 3..Q95.4 K9..K.97 8.J.6.T;♥5;♥K;5
E;NT;N:Q7.654.. ..98.AQ 3.8.A.7 J.K.3.T;♠T ♣J ♠5;♠7;2
N;NT;N:Q..AK.94 .T52..86 J2.3.4.A 865...Q3;;♠Q ♦K ♦A;5
S;NT;N:.A64..A9 Q9.J.9.Q K7..T4. 5.8.8.K;♠8 ♦2;♥4 ♥6 ♣9;4
N;NT;N:3..K53.5 8.KJ.2.3 5.764.4. T6.32..6;;♦5 ♦K;3
S;NT;N:AJ2.T6.. T8.A7.2. .32.83. 4..K9.6;♠6 ♣Q;♠J ♠A;3
S;NT;N:AT.9.3.6 9..7.Q94 Q.8.A4. 3..QT8.;♣8 ♠7;♣6;2
S;NT;N:.J7..KJT 63.3..84 .8.J.Q6 4..3.A9;♦9 ♦A;♥7 ♣T ♣J ♣K ♥J;1
E;NT;N:J.732..7 6.J.K4. ..J93.9 2.85..5;♠5 ♣Q ♦8;♠J;2
N;NT;N:3.6.7.A9 A8..Q.52 ..AT642. .Q7.83.J;;♦7 ♣A;5
W;NT;N:J4.Q.6.8 .JT.A3.4 9.K.Q7.7 .52..QJ;♣K;♣8;2
N;NT;N:65..3.AQ KJ.4.A.6 .K6.J4.J 2.Q.7.K4;;♦3 ♣A ♠5 ♠6;2
E;NT;N:2.T7.T.4 86.2..A 53.4.K. .K.4.T7;♥6 ♠J ♣2;♥7 ♥T;2
E;NT;N:K.42.52. 5..K.Q3 T9.3.7. 73..9.5;♣7 ♥T ♥5;♦2 ♦5 ♥2 ♥4 ♠K;1
W;NT;N:..JT72.5 32.6..Q3 74.A.96. .Q9.AQ.;♣9;♣5;2
E;NT;N:.2.64.K9 3.Q5..T 6..J2.J .9..A73;♥6 ♦T ♦9;♥2;1
N;NT;N:64.9..54 ..32.T73 .QJ84..8 3.3.K76.;;♠4 ♠6;5
W;NT;N:A7..4.K5 .A..JT72 T3..A5.A J.64..6;♣4;♣5 ♣K;5
N;NT;N:J2.3..K7 6.Q5..Q8 9..AT9.2 A3.T8..3;;♠2;2
S;NT;N:AK.2.94. T7.AK..J J.QJ..8 6.8..Q9;♠9 ♥3;♠K ♠A;4
E;NT;N:.Q.T54.3 .654.Q. .2..JT5 J2..A7.;♥7 ♦8 ♦6;♥Q;4
S;NT;N:A..K92.K 76..8.54 Q.9.3.J .T4.T.A;♥5 ♠K;♣K ♠A;5
W;NT;N:.T6.92.9 6.97.5.4 95..AQ8. T4.3.7.;♥J;♥6;3
N;NT;N:.73.A.QT 65.5.6.5 9.4.K7.K Q3.AJ..4;;♣T ♣Q ♦A;3
E;NT;N:7.K.3.KQ T9..9.6 K64...4 3.6.5.T;♣8 ♣J ♥Q;♣Q ♣K;4
E;NT;N:K..K6.43 AJ6.3.. 3.J..85 T.85.7.;♦5 ♠Q ♣T;♦6;5
W;NT;N:876.K..J .3.Q3.83 K..K5.54 4.8..A6;♦9;♠6 ♠7 ♠8 ♣J ♥K;2
N;NT;N:.AQ5..A6 2..52.KJ A7.4.7.T 8.63.A.3;;♣A ♥Q ♥A;4
W;NT;N:95...963 4.96..54 K.T.A2.K A.KQ5..;♣8;♣3 ♣6 ♣9;3
W;NT;N:.7.AT76. A6.96..7 QJ.8.K4. 2.J5.3.;♠9;♦6 ♦7 ♦T ♥7 ♦A;1
N;NT;N:32..A4.T 8.82..A9 .A7.53.8 4.K43.6.;;♦A;3
W;NT;N:.K.87.JT T3.64..K .J2.2.76 ..AQ3.5;♣3;♣T ♣J;2
S;NT;N:6.5.972. K.9.K.93 98.8..7 J.743..;♣8 ♦A;♦2 ♦7 ♦9 ♥5 ♠6;1
E;NT;N:42.K8.Q. ..983.T 8..765. .5..Q93;♥A ♠7 ♥4;♥8 ♥K;1
N;NT;N:.Q52.4.5 7.86.2.J .K94.J.8 8.3.76.Q;;♥2 ♥5 ♥Q ♦4;4
E;NT;N:AT9..K9. 4..A3.3 .K65..4 .9.QT8.;♦6 ♠K ♦5;♦9 ♦K;4
E;NT;N:8.5.K3.T 4..Q.A5 .K..J73 Q.3.JT.;♥2 ♠9 ♠K;♥5;3
E;NT;N:K4.5.QT. Q..4.73 T7.9..A .KJ.K.K;♠A ♥7 ♥6;♠4;1
W;NT;N:83.QT.2. K.A9..K6 .72..QT5 92.6..9;♥8;♥T ♥Q;2
W;NT;N:86.2..52 ..T6.AQ9 3.AQ.5.3 K9..94.;♥J;♥2;2
E;NT;N:A4.76.Q. 5.2.K.T 6..65.7 .Q53.7.;♣Q ♣4 ♥K;♠4 ♠A ♦Q;1
W;NT;N:Q5.4..AT 7.6.K.62 .A.AT.Q9 2.87..J;♦9;♠5 ♥4 ♣T ♠Q ♣A;5
E;NT;N:3.54..92 .Q2.T4. K...AT7 ..5.K86;♠9 ♦3 ♥6;♠3;1
N;NT;N:T6..J.J9 K.Q5.2.A 2.9.K.T4 8.KJ.6.5;;♣9 ♣J ♦J ♠6 ♠T;1
S;NT;N:.QT.K6.T A8.75..3 3..A4.4 K.842..;♣A ♥6;♣T;5
S;NT;N:5.8.A.J6 Q4.43.T. 87.K9.. A...K92;♠K ♣5;♠5;3
S;NT;N:K.7.K.K8 2.83.Q2. AJ..J.T Q.A.3.5;♥J ♦4;♥7;5
N;NT;N:T9.84.7. 3.Q6..A8 8.72..K6 A6.A9..2;;♠9 ♠T ♥4 ♥8 ♦7;1
E;NT;N:A4.2.63. K2.93.. .5.T75. 8...Q63;♥J ♣K ♣A;♥2;2
S;NT;N:2.J4..A4 Q.Q5.J.3 5..32.J .83.6.9;♥A ♦T;♥4 ♥J;3
E;NT;N:K.T.2.84 5.83.8. 3.Q96.. 74.A.Q.;♦3 ♣3 ♥5;♦2;2
N;NT;N:J..92.J2 8.2.QT.T 2.74..87 3.J.54.5;;♠J ♣J;3
E;NT;N:7.Q.2.KQ K3.A..8 5.9.4.J ..J65.5;♣4 ♦9 ♠9;♣Q ♣K;2
N;NT;N:A8..QT.J .72.3.KT .AK986.. .3..Q987;;♦T ♦Q ♠8 ♠A;4
W;NT;N:KJ2...96 .6.9532. A83.5.Q. .T4.7.2;♥9;♠2 ♠J ♠K ♣6 ♣9;2
S;NT;N:3.K3..Q8 .6.AJ84. 9.82..9 7..3.42;♦Q ♥Q;♠3 ♥3 ♣8 ♣Q ♥K;1
E;NT;N:.JT7.74. 7..AJ2. .A.Q3.6 J3.4.T.;♠Q ♠9 ♥8;♥7 ♦4 ♦7 ♥T ♥J;1
E;NT;N:.J9.J.72 6.8.T8. .4.K.T4 8.T3.Q.;♠K ♠9 ♣6;♣2 ♥9 ♣7 ♦J;3
E;NT;N:T6.AJ.7. Q.98.9. .7.2.A4 ..J8.Q7;♦Q ♦4 ♦K;♦7;2
W;NT;N:8.J7..AK 4..T854. 3.9.7.Q3 Q9.T..8;♠J;♠8;2
N;NT;N:K9.7.3.Q 8.T9.6.7 4..Q82.T A..K7.64;;♣Q ♦3 ♠9 ♠K;2
E;NT;N:KQJ9.3.. .J6..A2 .K5..KT 7.97..9;♦7 ♠A ♦T;♥3 ♠9 ♠J ♠Q ♠K;2
E;NT;N:A32..Q.K .4.2.53 .K.AK7. Q7...AQ;♣2 ♥T ♥5;♣K;5
S;NT;N:J73.83.. 62.A.Q.3 .Q6.6.8 4.T..62;♦A ♣5;♠3 ♥3 ♠7 ♠J ♥8;4
N;NT;N:T8.65..5 6.3.J54. K.T.T9.9 43..3.A2;;♠8 ♠T ♥5 ♥6;3
W;NT;N:3.Q8..J6 .972.K.9 ..A8.QT7 AJ.AJ..;♠4;♠3;1
S;NT;N:.7.J3.T9 J.4.8.82 .A65.9. T.K..74;♣A ♠8;♣9 ♣T;5
W;NT;N:98.QT.J. 6.A4.4.6 5.65..43 43.3.T.;♣Q;♠8 ♠9 ♥T ♥Q;3
S;NT;N:.J9.6.74 742...T2 6..A.K9 AQ9...A;♥5 ♠5;♥9 ♥J;3
S;NT;N:A5.4.3.Q JT.Q2..4 7.75..3 K..T.75;♠2 ♦8;♠A ♠5;2
N;NT;N:4..J72.K Q8..K9.2 T6...T73 A.JT.Q3.;;♣K;1
N;NT;N:8..A3.A2 Q6.2.85. 72...986 5.5.4.QT;;♠8 ♦A ♣A ♦3 ♣2;2
S;NT;N:Q.A.J.Q7 6.2.75.5 ..KT4.9 43..3.J;♦A ♦9;♦J;5
E;NT;N:T93...T8 .A85.2. 2..83.7 .2.5.KJ;♥J ♦A ♣Q;♠3 ♠9 ♠T ♣8 ♣T;1
S;NT;N:T.75..Q9 Q2.8..T6 95.6..A .Q4.A.8;♥T ♣2;♥5 ♥7;3
N;NT;N:.2.9.763 .4.3.QJ9 KJ.3..A8 .K.752.4;;♦9;4
S;NT;N:T9..K5.7 8.8.J6.5 3.A.Q.8 J4.9..K;♣A ♦9;♣7;3
W;NT;N:65.74.9. 4.T8.4.J Q..5.KQ7 .Q95.3.;♦7;♦9;5
E;NT;N:..54.AQ5 8.K6.7. A2..2.8 .J.8.T6;♣4 ♥A ♣2;♣5;3
N;NT;N:54..K3.A .QT2.2.T T.8.6.42 K.KJ.J.7;;♣A ♦K;3
S;NT;N:.A4.63.5 K65.8..8 32..A.K .J.K2.2;♣9 ♥6;♣5;3
N;NT;N:9.83.AK. A..52.AQ K6.64.4. T..98.53;;♦K ♦A ♥3 ♥8;4
W;NT;N:3.6.5.J9 KT92..A. 74.7.63. .Q.K94.;♣6;♣9 ♣J;2
E;NT;N:AT.T.KQ. .2.5.95 .86.92. K7.Q..J;♦J ♠J ♥4;♦Q ♦K;4
S;NT;N:6.Q9..54 KQ.2.J2. 8.6.8.Q 9.T.K.2;♦4 ♠5;♠6 ♣4 ♣5 ♥9;1
E;NT;N:75.2.8.3 .J9.A4. 2.5.9.2 Q8...K7;♦7 ♦T ♣8;♦8;1
N;NT;N:.A64..A2 QT.Q.Q6. 4.7.92.Q 7..84.75;;♣2;5
W;NT;N:KJ4..J.4 3.Q.762. .83.Q3.T ..T4.A3;♥A;♣4 ♠4 ♠J ♠K ♦J;2
S;NT;N:.6.QJ.J6 K.7..A95 8.J.7.T .T3.53.;♥Q ♦8;♥6;4
W;NT;N:J5.J..AK 6.K..865 3.T8.76. ..K.T72;♣9;♣K ♣A;4
W;NT;N:.K.AQT.J J9.J.4.T QT2.5..8 6..8.93;♥A;♥K;4
S;NT;N:.Q4.T2.A QT.9..98 5.A.A.T 9.6.8.3;♠K ♦5;♦2 ♥4 ♦T ♥Q;5
W;NT;N:98.72.7. 7.6..K94 .AJT98.. T.4.3.Q;♥3;♥2 ♥7;5
S;NT;N:53..A.94 .J.75.A8 Q9..JT. 2..Q6.6;♥8 ♦2;♠3 ♠5;3
W;NT;N:JT4..4.7 A.QT8..3 3.J76.2. 8.K.3.A;♠6;♠4 ♠T ♠J;2
W;NT;N:J.AQ9..4 8.7.J2.8 .42..T32 94.8..5;♥J;♥Q ♥A;5
W;NT;N:A9.6.6.4 KT7...JT 82.Q5..7 .A2.Q.2;♣6;♣4;1
N;NT;N:J7..873. T4..2.42 .Q3.4.AT .K74..J8;;♦7 ♦8 ♠J ♠7;4
S;NT;N:A3.52.K. KT7.9..4 .J.J.A5 ..A7.JT;♠2 ♥T;♠A;3
N;NT;N:Q.K..943 7.Q8.2.2 .J.T43.Q K.54.K.A;;♣3 ♣4 ♣9;2
W;NT;N:K.AK.7.2 64.4.T4. J2..J2.Q 5.T.6.8;♠8;♠K;5
E;NT;N:T8...J54 7.2.2.K K4.3..8 3.7.J.6;♠6 ♥Q ♦A;♠8 ♠T;3
N;NT;N:A63...96 7.62.7.3 .7.T82.2 J..64.QT;;♠A ♣6 ♣9;3
E;NT;N:K.AK.4.6 3.54..9 7..83.Q T.7..87;♥9 ♠Q ♥3;♥K ♥A;5
W;NT;N:54.J.Q2. T3..K.Q8 6.KQ.6.9 ..J4.AJ;♦5;♦2;1
E;NT;N:..K7.Q83 72..A6. T.AT..A 98...92;♦J ♠Q ♦4;♦K;5
W;NT;N:952.3..7 4.K.Q75. 3.6.J.85 A8..T9.;♥T;♥3;1
S;NT;N:5.K7..KJ 2.Q62..9 9.94..3 QJ..53.;♠T ♦9;♠5;4
W;NT;N:.A3.T6.T A.J9.K8. T6.2..76 K2.K..8;♥8;♥A;2
W;NT;N:.9.AT4.Q 973.2..J ..K65.94 .K..865;♠J;♦4 ♦T ♥9 ♦A;3
N;NT;N:A7.J2..3 9.Q6.T3. 64.3..K8 K5..8.42;;♣3 ♠A;3
N;NT;N:6.63.A.Q Q.84.K5. 7.QJ..72 .K75.Q8.;;♥3 ♥6 ♣Q;3
N;NT;N:4..965.Q .J.J4.K7 ..AT8.J3 62.98..A;;♦5 ♦6 ♦9;3
N;NT;N:K.9.76.A A6.Q.T.7 Q8.64..5 T.J2..92;;♠K ♥9 ♣A ♦6 ♦7;2
S;NT;N:3.A75..6 QT.6.Q.J A.KJ.A. .83.T4.;♥T ♠7;♥5 ♥7 ♥A;5
N;NT;N:6.4.4.96 A2..Q8.5 .K8.AK.Q Q.T52..T;;♣6 ♣9 ♦4 ♥4;4
N;NT;N:.8.43.T3 T7..K5.A .T.A9.Q9 5.AJ9.7.;;♣3 ♣T ♦3 ♦4;2
N;NT;N:.KT7.2.K 3.63.3.T 2.Q9..QJ QJ..T8.5;;♣K;5
N;NT;N:Q.7.T.K7 T87..84. 9.4..953 .T2.AQ.T;;♣K ♠Q;4
N;NT;N:Q.Q7.7.9 5.5.KJ2. 8..A6.Q2 K3.T4..4;;♣9 ♦7 ♥Q;4
W;NT;N:42.T.J.6 J8.4.K.8 A.A9.A9. .8.T2.T;♠Q;♠2 ♠4;4
W;NT;N:A3..94.3 82.54.J. .T7.3.AT ..A65.8;♠5;♠A;5
W;NT;N:J6.KQ..Q 2.JT.A7. 74.63..A Q3..3.J;♥5;♥Q ♥K;3
S;NT;N:..532.K6 .J3.A4.T 7.Q.T.5 KT..Q6.;♠J ♥T;♦2 ♦3 ♦5;4
S;NT;N:A7.A.Q.K T.Q54.9. 9..J4.Q 2.87..5;♦3 ♥6;♦Q;5
W;NT;N:4..KT.K9 KQ.83.6. .9.8.AJ2 6.2.3.Q;♠5;♠4;3
W;NT;N:653..Q.7 A..93.T5 94.5..Q3 ..AKJ8.;♦2;♦Q;3
W;NT;N:T6...A64 A2.6.54. .32.J.T9 .T..KJ3;♣5;♣4 ♣6;3
N;NT;N:2.Q74..5 4..73.Q3 .92.T4.T 5.63.5.K;;♥4 ♥7;4
S;NT;N:J853..4. ..53.T83 A.KQ.J. K.A8.8.;♠9 ♦9;♠3 ♠5 ♠8 ♠J;4
W;NT;N:K97.T..4 J..Q6.J8 62.93.A. A.A..96;♦4;♠7 ♠9 ♣4 ♠K ♥T;1
W;NT;N:43.J96.. .3.9.863 KT.A..K4 .85.Q4.;♦A;♠3 ♠4 ♥6 ♥9 ♥J;2
N;NT;N:A65...A4 J.Q..KQ5 73..A3.6 .J.82.87;;♠A;5
E;NT;N:9.J8.3.J KJ..8.K 43..J4. T2..Q.5;♣3 ♦A ♣7;♣J;3
E;NT;N:5.KT..JT .Q7.T.Q 9..2.K5 T.62..3;♥A ♠8 ♣A;♥T;3
W;NT;N:K8..3.K3 97.J.A.A .T5.KQ8. .43.4.7;♠Q;♠K ♠8;1
W;NT;N:8.3.K87. AJ.AK.T. .T.4.K42 T7..3.3;♣Q;♦7 ♦8 ♥3 ♠8;5
S;NT;N:J.AJ.A.6 84.K9..5 K..K6.J 2..J.42;♠A ♥3;♠J;5
N;NT;N:A52.2..A .7.Q.943 .A.972.K J8..64.T;;♥2 ♠A;4
W;NT;N:6.KQ.K.5 43.J6.2. .74..JT3 .82.6.9;♣Q;♣5;4
E;NT;N:3.94.T.9 .8.3.T6 75..Q8. K94..5.;♦K ♥7 ♣2;♦T;2
W;NT;N:Q..2.AJ5 K.K.4.KT 764.A..3 T..QJ6.;♥5;♣5 ♦2 ♣J ♠Q;2
S;NT;N:KQ4..A6. T6.2.9.5 .K95..3 J.AQ..8;♦5 ♠3;♦A;5
N;NT;N:.T6.8.94 .72.A2.8 AJ84...K 73..9.J6;;♣4 ♣9 ♥T;5
S;NT;N:K.2.7.Q5 2.T5.5.9 T7..KT. J..98.J;♠8 ♥4;♠K;5
N;NT;N:AQ.JT..5 .9.AT8.3 2.6.QJ.Q 64.3.9.4;;♣5 ♥T ♥J ♠Q ♠A;5
N;NT;N:.Q76..85 KJ.J.KJ. 7.2.4.Q6 T62..72.;;♥Q ♣5 ♣8;5
E;NT;N:92.T4..3 Q4...Q5 .76..KJ 5.A5.J.;♠3 ♥2 ♠8;♠9;3
W;NT;N:J3.K.J8. Q..T92.Q .74..K52 .52.A4.;♥6;♥K;3
E;NT;N:Q3.6.Q7. KT.3.2. 5..AT.5 8.Q.6.9;♦J ♦8 ♥2;♦Q;3
E;NT;N:A..54.Q7 .42.J.K J.J3.9. T52..2.;♣4 ♠9 ♥A;♣7 ♣Q;3
N;NT;N:84.6.7.J .K94.T2. Q.AQJ.4. T5.7.5.Q;;♥6;4
S;NT;N:J.2.Q8.Q A4.87..K 85.9.J. K2.5.A.;♥Q ♦7;♥2;2
N;NT;N:6.Q9..AJ QJT...43 4.J.Q43. 2.5.T.97;;♣J ♣A;5
W;NT;N:.K6.K.T6 86.4..Q2 7..J7.97 4.Q9..A;♣J;♣6 ♣T;1
S;NT;N:J4.6.J.8 A.4.A9.J .A53..9 .9.KT.4;♣7 ♣2;♣8;1
E;NT;N:K.Q9..J2 .KJ6.7. 32..Q2. T..AK4.;♥5 ♣3 ♣7;♥9 ♥Q;4
S;NT;N:8.A.KJ.6 KQ4..AQ. J.5.9.Q 9..5.T3;♠2 ♣K;♠8;1
W;NT;N:.K.A42.6 764.2.J. Q..9.985 .Q3..43;♠3;♦2 ♦4 ♣6 ♥K;5
N;NT;N:A.6.T.AJ J..AK7.8 .A7.Q.T3 9.Q854..;;♠A ♣J ♣A ♥6;4
E;NT;N:.KT.743. 8.A3..6 Q6..9.4 .4.T.72;♠7 ♠K ♣J;♦3 ♦4 ♦7 ♥T ♥K;3
N;NT;N:T8.5.5.4 .7.KQ3.3 96.J8.9. 5..A2.72;;♥5 ♠8 ♠T;4
S;NT;N:Q.7.KQ.J 73.T.9.5 4..8.K9 T.Q.75.;♥K ♠K;♥7;5
E;NT;N:.AK2..K3 T4.7..Q A53.6.. .J.2.84;♠2 ♦9 ♦8;♣3;4
N;NT;N:74.QJ..K .962..A8 A96.8.K. 8.3.J.73;;♥J ♥Q ♠4 ♠7;5
S;NT;N:3.Q.A2.Q 8.A.K.43 K6.2.9. T4.5..K;♦6 ♥3;♦A;3
W;NT;N:A3.4.5.A J8.2.K.8 74.98..Q .K..J53;♥6;♥4;3
N;NT;N:6.A4.A.8 K.KJ9..A Q.T.J.76 8.5.63.K;;♠6 ♣8 ♥A ♦A ♥4;2
S;NT;N:.42.J5.J K83..8.2 T2.9..A 4.T.T.4;♣8 ♦4;♣J;3
S;NT;N:43.2.4.9 KQ.T95.. ..T3.AJ A.Q..Q6;♠2 ♠7;♠3 ♠4;2
E;NT;N:5.8.3.QJ A3.Q.5. 94.2..3 .A43..T;♣4 ♠2 ♦T;♣J ♣Q;2
S;NT;N:A.7.4.K4 .83.8.83 .J.K9.7 5.A.A7.;♣9 ♦5;♣4 ♣K;3
W;NT;N:.T86.A.7 8.K4.2.4 42.A..Q3 .5.64.K;♥9;♥6 ♥8 ♥T;2
E;NT;N:T4.9.6.5 9.AT..3 AQ.7.J. .5.32.7;♣2 ♦5 ♥6;♣5;4
N;NT;N:2.T8.KQ. K.62.8.3 JT4.A.3. Q.4.J5.J;;♥8 ♥T ♦Q ♦K;4
E;NT;N:6.T3.5.2 .9.Q6.K .42..86 .KJ.J2.;♠8 ♠Q ♦4;♠6;1
E;NT;N:K...T986 .A.65.K 7.J7..A A2.Q.2.;♥9 ♦4 ♠4;♣6 ♣8 ♣9 ♣T ♠K;1
W;NT;N:QT5.8..K ..K6.T85 7.J.Q9.Q .T7.5.4;♥Q;♥8;1
N;NT;N:765..43. Q2.T9..Q T.3.K.K9 8.4.J9.7;;♦3 ♦4;3
E;NT;N:4..87.A7 K.QJ.4. 2.9.2.4 .K2..85;♠8 ♥3 ♦5;♠4;1
E;NT;N:7.T.K84. 3..7.J5 T84..9. 95.3.Q.;♣4 ♦J ♠6;♦4 ♦8 ♠7 ♥T;2
W;NT;N:.A.754.8 9432..6. 8.K.Q.Q4 7.T.9.A;♣3;♣8;5
N;NT;N:..A8.Q74 974.J..A .K9.J.K9 2.A2.Q.6;;♦A;2
W;NT;N:T.K.J3.Q K9.7.Q.4 7..A84.T .T62..2;♠Q;♠T;3
S;NT;N:4.9.A.84 Q93.J..5 ..952.T 85..K7.;♥4 ♣9;♥9;1
E;NT;N:J..J653. 9..A.T2 A.84.Q. K.J.K7.;♠5 ♥6 ♦T;♠J;2
E;NT;N:5..KJ83. 3..5.K2 .6.T42. 8.Q..65;♦6 ♠Q ♣9;♦8 ♦J ♦K;4
W;NT;N:.9.8.975 4.74.5.8 A7.Q..64 3...KQJ;♥A;♥9;1
N;NT;N:T8.4.AJ. K.7.KQ.5 7.T.T5.3 Q54.83..;;♥4 ♠8 ♠T ♦A ♦J;2
S;NT;N:9.8..Q94 3.5.874. 6.9.J2. K..A.82;♠7 ♠8;♠9;5
N;NT;N:Q7..74.5 K82.32.. ..A6.KJ8 5..J2.T3;;♣5 ♦4 ♦7;4
S;NT;N:9.5.32.9 63.98..J 8.7.QT. ..5.532;♠K ♣6;♠9;4
E;NT;N:K.T.5.85 654..T. 7.7..J7 .62.2.3;♦J ♣A ♠9;♦5;3
E;NT;N:.4.Q.A82 .QT.7.3 ..965.K 65.K..7;♦3 ♥8 ♦J;♦Q;5
E;NT;N:9.A7.T.J .42.3.Q 8..AQ.3 7.K.75.;♦2 ♠5 ♦J;♦T;3
S;NT;N:2.6.53.A 6.7.T.Q9 A5.9.6. K3..72.;♣T ♠4;♣A;3
E;NT;N:94...874 .6.Q3.5 J.QT.5. Q.3.92.;♣T ♦4 ♦6;♣4 ♣7 ♣8;1
W;NT;N:5.8.76.5 A7..T.96 .J.Q8.T4 K3.T.2.;♠Q;♠5;2
N;NT;N:.6.5.T97 T76..K.Q J.AK7.3. AQ.Q..84;;♥6;3
E;NT;N:.4.A.Q92 8..754. .T2.T.T 9.75..8;♦J ♣J ♠K;♦A;5
W;NT;N:9..8.A54 2.QT.93. K53...J6 T...KQ8;♥K;♣4 ♣5 ♦8;4
E;NT;N:K..A7.98 A..53.4 J.2.Q.5 .J8.9.Q;♦8 ♥Q ♥4;♦A;2
E;NT;N:8.K2.4.T 6.3.A6. K.6.Q.4 9.9..75;♦2 ♥4 ♠2;♦4;5
E;NT;N:8.K..863 7..T3.A T.52..9 2.Q9..T;♣2 ♠4 ♠J;♣3 ♣6 ♣8;3
S;NT;N:J4.K.3.4 K65..T.8 .86.Q.2 7..J5.3;♣6 ♥A;♣4;2
W;NT;N:K.T.JT.A .9.K.KJ2 T875.8.. .K..874;♠9;♠K;3
N;NT;N:Q8..84.9 AK.AK.3. T.2.KT.Q 6.8.952.;;♦4 ♦8 ♣9;3
W;NT;N:3.2.83.5 .AK..T92 .J.J62.Q 4.6.Q.A;♦5;♦3 ♦8;1
E;NT;N:Q98.7.6. K..J.92 .T5.3.4 .42.T.T;♥6 ♠2 ♣3;♥7;1
N;NT;N:AK2.J3.. J.7.J32. 5.Q..A73 .K8.96.9;;♠K ♠A;3
E;NT;N:.A85.3.J T4.K.J. 6.Q.6.T J2..K.A;♣8 ♠Q ♦7;♣J;4
S;NT;N:.Q.963.J .T.AT4.A 3.95..T A.4.75.;♥8 ♠K;♥Q;2
W;NT;N:K.AK..T9 4.J3.87. T.86.3.5 7..42.Q;♥Q;♥K ♥A;3
N;NT;N:J.4.J2.7 .T.AT9.4 3..85.93 .5.6.A86;;♠J;1
N;NT;N:94..6.53 T..Q5.84 .T863..Q Q.A2..T7;;♠4 ♠9 ♣3 ♣5 ♦6;1
E;NT;N:J3..Q2.J T.T62.. Q8...T8 .J.87.4;♦J ♦6 ♠A;♦Q;5
E;NT;N:J.QJ.2.7 A.A.J.6 T..4.T9 4.9.5.A;♠3 ♣3 ♥2;♠J;1
W;NT;N:J.8.A84. 5.4.KT.T 84.9.7.A A9...42;♥3;♥8;3
S;NT;N:T7..83.J .J96.K.8 J5.A.A. .Q5.T6.;♠9 ♥4;♠7 ♠T;5
W;NT;N:K.QT5.3. .A8.AJ.T ..T9.AJ6 5.3.4.3;♠6;♠K;2
W;NT;N:.K.A.A43 7.96.8.J 94.2.Q3. 5.43..K;♥J;♥K;5
S;NT;N:2.2.T.KQ J..J8.82 76.Q..3 ..AK63.;♦Q ♥5;♦T;4
W;NT;N:.6.8.QT4 AJ.T.J.8 642.2..6 .954.A.;♦T;♦8;1
N;NT;N:A5.98.A. 6.5.7.T4 Q.3.T4.J 2.K7.65.;;♠5 ♠A ♦A ♥8 ♥9;4
W;NT;N:2.J.5.54 7.3.4.A6 T84..3.2 Q.4.A7.;♦Q;♦5;1
W;NT;N:.7.AKJ2. 83..9.62 A.62.5.5 QT.J..T;♣A;♦2 ♥7 ♦J ♦K ♦A;2
W;NT;N:..8.QT96 983...A5 6.7.A7.3 .Q8.95.;♥6;♣6 ♣9 ♣T ♣Q ♦8;2
N;NT;N:.A9.Q.K3 .53.87.2 76.J.K6. 5.Q.9.J9;;♦Q ♥A ♣K;5
W;NT;N:K.Q..J85 J43..Q.A T8..A4.3 .J9.73.;♣2;♣5 ♣8 ♣J;4
N;NT;N:T.T75..J K.8.A.T2 3.Q.K85. 9.4.T6.3;;♣J;4
S;NT;N:7.JT8.3. ..T5.QT6 A.3.4.K 963...7;♦J ♠Q;♦3;5
N;NT;N:J2.J.5.A .T2.7.53 53.85..6 Q..K64.Q;;♣A ♥J;2
W;NT;N:AJ.T6.3. K54.K..T 6.AQ.6.8 .5.4.65;♣9;♦3 ♥6 ♥T ♠J;4
N;NT;N:J.J4.54. A.T8.J.4 .K95.Q.K .Q2.T.82;;♦4 ♦5 ♥4 ♥J;4
S;NT;N:3..KQ82. .T9.75.A 2...KQ2 Q.A3..3;♥K ♣9;♦2 ♠3 ♦8 ♦Q ♦K;1
S;NT;N:.73..632 .92.A4.A .6.T9.Q 84...74;♠J ♥A;♣2 ♣3 ♣6;2
W;NT;N:T93.54.. A.A..853 .32.2.97 62.K.A.;♥7;♥4 ♥5;2
N;NT;N:4.3.8.A6 KQ.74..3 9.Q86.A. AJ.K9.5.;;♣6 ♣A;3
E;NT;N:6.T.K.T4 854..4. 3.K..73 .A93..9;♦5 ♥7 ♠A;♦K;3
W;NT;N:.Q2.J3.J 5.J9.6.9 AJ..T.K7 T4.KT..;♣6;♣J;5
S;NT;N:2.KT4..9 .65.A6.4 J..2.J3 T.2.84.;♠8 ♦T;♠2;5
W;NT;N:74.5..Q8 T.KQ..T7 ..Q84.K5 .A.92.6;♠6;♠4 ♠7;3
N;NT;N:T.Q.QJ.7 .A.K43.6 ..98.JT9 3.8.A6.4;;♠T;4
W;NT;N:.QJT..73 KJ92...5 A3.5..T9 ..9.J42;♦8;♣3 ♣7 ♥T ♥J ♥Q;2
W;NT;N:T8.8.65. Q.J2.K.3 A..A.KT7 .Q3.3.5;♥K;♥8;2
E;NT;N:.96.Q.T3 A5.5..6 9.K..52 Q..T76.;♠4 ♠6 ♥2;♣3 ♥6 ♥9 ♦Q;5
N;NT;N:AJ.Q..A9 7.9.43.8 .J654.2. K94..KT.;;♥Q ♣9 ♣A ♠A;4
W;NT;N:.2.64.AJ 8.K83.3. J7..Q85. .A7..53;♥5;♥2;2
E;NT;N:5.9.73.T 6.Q7.6. J7.2.A. 2.K8..5;♥4 ♣6 ♦8;♥9;5
W;NT;N:A8.8..J5 6.3.Q7.8 JT5.97.. K..8.Q4;♣7;♣J;5
S;NT;N:.4.J.743 74.J.A7. A8.A.2. T.5..T6;♦8 ♦3;♦J;3
W;NT;N:A..6.632 .3.2.J85 2.Q9.7.Q 6..J95.;♦K;♦6;1
S;NT;N:A83...76 J2.7.A9. 94...98 5.J4..Q;♥Q ♥5;♠3 ♠8 ♣6 ♣7 ♠A;2
S;NT;N:Q..J.KQ7 .AJT3.6. 8.5.Q5. 3.86.T.;♠K ♥9;♠Q;5
E;NT;N:..AK96.6 .3.QJ.K J..5.54 9.K6..Q;♥8 ♦7 ♥9;♦6 ♦9 ♣6 ♦K ♦A;1
N;NT;N:Q64.Q5.. 92..64.2 .J..A985 T.K.K.KQ;;♠Q ♥5 ♥Q;2
S;NT;N:52.K.4.3 Q.8..AQJ A3..K7. J.3.8.8;♣7 ♦9;♣3;2
S;NT;N:J2..6.83 4..54.Q9 ..QJT.6 .65..T2;♥7 ♦K;♠2 ♣3 ♣8 ♠J ♦6;4
S;NT;N:..AK.A97 Q5.6.T.4 6.9.7.T A.J..K6;♥K ♠J;♣7 ♣9 ♦K ♦A;5
N;NT;N:3.AK2..K A.3.5.T4 K8..43.6 T.QT4..5;;♠3 ♣K ♥K ♥A;3
S;NT;N:QJ..6.T8 .65.97.A T.A.K.5 A.T4..9;♣3 ♠K;♣8;3
S;NT;N:84.3.3.7 A.65.KJ. 3.8.95. 9..A4.A;♣9 ♥4;♣7;2
W;NT;N:82...T95 .932.A9. .AT8.J.A A5.64..;♥7;♠2 ♣5 ♣9 ♣T ♠8;4
N;NT;N:97..A4.5 2..9873. .7.6.972 T.6.Q.A6;;♦A;3
W;NT;N:T..J3.94 J4.86..J 2..Q842. 76.J.7.;♦6;♦3 ♦J;4
E;NT;N:.J7.J2.3 83..4.9 ..K.KT7 .4.A5.2;♠4 ♣Q ♥5;♣3 ♥7 ♥J;1
S;NT;N:Q.AT.5.A J2.84.7. 4..A9.2 A.Q9..9;♦Q ♣J;♦5;5
N;NT;N:62.5..83 .T9.J.Q6 7.J2.Q5. AQJ...T7;;♥5;3
S;NT;N:.3.AT6.2 T2..K3.4 765..8. A.82..K;♠K ♥4;♦6 ♣2 ♥3 ♦T;2
W;NT;N:82.T.5.4 K.975.T. J..84.QJ T.K6..2;♥2;♥T;3
E;NT;N:95.32.A. 3..4.A2 JT.Q..6 A..J6.T;♦2 ♥6 ♠4;♦A;2
E;NT;N:8.K52..4 A.T8.5. 4.63.7. J7..A6.;♥4 ♣T ♥7;♥K;2
W;NT;N:.K2.65.7 32.5.J9. K97...K5 .QJ..T6;♣4;♣7;4
N;NT;N:.T7.Q2.8 Q3..K7.7 4.2.4.52 KJ9.9..9;;♥T;2
N;NT;N:95.85..A ..J5.654 .A.Q4.Q8 .Q.T76.3;;♣A ♥5 ♥8 ♠5 ♠9;5
S;NT;N:.K5.A2.K A8...A86 9.Q.7.9 3.4.83.;♦5 ♥2;♦2;4
N;NT;N:A4.95..5 QJ.T.54. .J8.73.7 3..A.A83;;♥5 ♠A;3
E;NT;N:.QJ6.AT. .A.3.J6 5.T9.4. JT...A7;♥2 ♦9 ♣9;♥6 ♥J ♥Q;3
W;NT;N:9.JT.3.A 3.Q.6.T8 7..J97.4 .6.AQ.3;♣Q;♣A;2
E;NT;N:Q..J.752 7.4.Q.4 K6..3.J .76.5.8;♣3 ♥Q ♠5;♣5 ♣7;4
W;NT;N:J6.T7.K. 9.52..J7 2.3.J83. 3.6.5.T;♦7;♦K;5
S;NT;N:T.8.A.QT 874.A..6 ..54.A4 9.73..3;♥4 ♥T;♥8;4
E;NT;N:965.8.K. ..92.K8 A.Q64.. 2..74.2;♦6 ♠T ♥2;♦K;5
S;NT;N:K.KT.7.T Q.84.4.9 6.2.J6. 9..85.8;♠8 ♥5;♠K;5
E;NT;N:Q.6.Q3.Q 65.7..8 .K5.JT. AJ.3.A.;♣2 ♠K ♣7;♣Q;3
N;NT;N:6.Q.8.AQ J.JT.K2. .A7.J93. AT.92.T.;;♥Q ♣Q ♣A;3
W;NT;N:6.J3.5.K 87.92..2 Q9..Q.T5 KT..9.7;♦J;♦5;3
E;NT;N:6.K.A3.4 4.8.4.2 2.3..K8 Q.A6.2.;♣A ♦6 ♠8;♣4;1
W;NT;N:73.8.98. .QT.76.8 A8.A.4.K 5.5..A3;♥K;♥8;5
E;NT;N:.Q9.T.K5 .62.2.8 .A.Q86. .K.K.QT;♠K ♦5 ♥T;♣5 ♥9 ♥Q ♦T;2
E;NT;N:5.A.Q7.K T9.6..5 7.2..Q6 4.J9.6.;♦T ♦4 ♥7;♦Q;4
E;NT;N:J6.6.9.K Q3.8.7. 2...QT8 .T.2.72;♥2 ♥A ♠T;♥6;3
N;NT;N:K92...74 3.74.T5. .5.J973. J.Q.2.K6;;♠K;3
S;NT;N:97..2.A6 ..T64.K3 4..97.4 .5.3.Q7;♥8 ♦K;♣6 ♦2;4
S;NT;N:7.Q972.. .KJ..J87 T5.5..5 42..K5.;♦T ♠8;♥2 ♥7 ♥9 ♥Q ♠7;3
N;NT;N:A.A..J87 KJ..842. .QT3.7.2 Q96.4.5.;;♥A ♠A ♣7 ♣8 ♣J;5
W;NT;N:.AT.9.98 74.J52.. 6.7..J64 ..J7.A2;♣7;♣8 ♣9;3
W;NT;N:4.64.K4. 6.7.Q8.9 T.T.3.A4 95.K..T;♣3;♦4 ♥4 ♥6 ♠4;3
N;NT;N:AQ.J8.9. 4.9.Q2.Q KJ..A4.6 .T2.8.93;;♦9 ♠A ♥J;5
E;NT;N:.KT.84.8 42..5.A 5.93.Q. A.8.T7.;♦K ♣4 ♠T;♦4 ♦8;2
N;NT;N:6..Q5.K5 8.8.J3.Q J.K4.7.8 75.3.6.3;;♣K ♠6 ♦Q;5
E;NT;N:A4.T5.5. .6.4.T3 98.K.J. 5.9.3.A;♣5 ♠J ♥7;♦5 ♠4 ♥5 ♥T ♠A;3
S;NT;N:.AK6.8.5 Q64.T2.. 5.J..A3 8.3.5.4;♠J ♦Q;♥6 ♣5 ♥K ♥A;3
E;NT;N:4..3.J75 9.83.2. .7.AT.A .4.KJ.3;♠Q ♦Q ♥K;♠4;1
S;NT;N:AJ5..J6. T.9.A2.2 2..9.T7 Q6.3.T.;♣4 ♣6;♠5 ♠J;2
S;NT;N:3.652.7. J7.J.J.Q .K.QT9. A.T..J5;♠5 ♠T;♠3;1
S;NT;N:A74..63. J3..7.T8 9.6.98. 85..Q2.;♣7 ♠2;♠4 ♠7 ♦3 ♦6;1
E;NT;N:85.T..J5 A6...92 K9.4..6 ..2.Q83;♦T ♠7 ♦A;♠5 ♠8;2
N;NT;N:Q8.KJ4.. T9..54.9 .6.AKT.T A54..J.6;;♥4;5
S;NT;N:98..4.QT .K.Q.642 .A.K2.7 7..T9.9;♦J ♥Q;♦4;4
S;NT;N:A2.KJ2.. .Q7.5.QJ .9.T.A7 T.4.Q.K;♠5 ♦3;♠2;4
N;NT;N:.T97.Q.J 4.5.72.6 T76..4.K .AQ2..73;;♣J ♦Q;5
N;NT;N:3..72.Q4 KT.Q.J.2 J.93.T.7 2.6.95.5;;♣Q;2
S;NT;N:4.J..K86 6..QJ7.3 KT5.2.. A.K.T.2;♣T ♦3;♣K;3
W;NT;N:97.AT5.. J.K8..Q7 A.6.2.A3 Q..85.6;♦T;♥5 ♥T ♠7 ♠9 ♥A;2
S;NT;N:Q8.Q8.2. .6.A.863 .KJ..T7 .A7.Q.J;♣2 ♠K;♦2 ♠8 ♠Q;1
E;NT;N:.962..75 64...98 Q..T6.3 5..4.J4;♣K ♣T ♦5;♣5 ♣7;2
W;NT;N:6.A.4.Q2 K.J.J.J4 AJ.QT.6. .3.3.A5;♣T;♣Q;5
E;NT;N:3.Q8.9.T .A.42.Q J..J.A2 Q..5.64;♠5 ♠4 ♥9;♠3;2
E;NT;N:Q3..Q6.Q A5..8.6 .T.54.7 872..T.;♣2 ♣K ♣4;♣Q;5
S;NT;N:T6..5.Q2 AK..K6.7 .Q8.T.6 74.2.J.;♣4 ♣9;♣Q;4
S;NT;N:4.4.8.64 J.8..K92 .K.J3.5 .J.T74.;♠K ♥3;♠4;3
N;NT;N:4.76.5.4 .5.KT8.3 Q9.84..Q 2.J.43.T;;♣4 ♠4;3
W;NT;N:.K.87.J5 Q.2.9.KQ .9864..A T.Q3.3.;♦J;♦7 ♦8;3
W;NT;N:2..Q6.98 5..K.KQ7 KQ.A.J.6 7.3.A.T;♠9;♠2;3
N;NT;N:..T643.J 4.KJ62.. .8.KJ.T9 65.94.5.;;♦3 ♦4 ♦6 ♦T;5
S;NT;N:.4.95.98 32.J.T.2 7..Q3.A .7.8.75;♥8 ♦A;♥4;4
W;NT;N:8.84.8.3 3.3.54.T .T.T.A76 Q..A2.Q;♠9;♠8;1
E;NT;N:4.7.4.QJ .6.K.K2 .3..A65 T8.5..8;♥A ♠7 ♠A;♥7;2
W;NT;N:73.Q..Q8 K..K4.53 Q.T.A85. .65..96;♦2;♠3 ♠7 ♣8;5
E;NT;N:T.8.862. A.6..J5 K4.2.T. 9.3.Q4.;♦7 ♥4 ♠Q;♦8;2
S;NT;N:J..T.K43 4.A9.AK. 3.K.Q5. .T86..5;♣J ♦J;♣3 ♣4;4
E;NT;N:8.KT.3.7 7..T9.9 4.3..T6 6.A8.6.;♠5 ♠Q ♥7;♠8;3
S;NT;N:Q3...K62 T9.Q94.. A.8..J7 4.T3.4.;♦Q ♠7;♣2 ♣6 ♠3 ♠Q;5
N;NT;N:T.9.32.5 .74.AK.A Q3.52.T. J9.6.5.6;;♥9 ♣5 ♦2 ♦3 ♠T;2
N;NT;N:A8..5.QJ 3..6.842 7.86.T.T 9.KQ9.7.;;♦5 ♠A ♣J ♣Q;5
N;NT;N:43.K8..8 KQ8..8.Q J97...43 .J9.9.JT;;♥K;1
E;NT;N:3.Q.T6.K 2.J6..T .K8.5.8 9.43.3.;♣A ♦2 ♦7;♣K;2
W;NT;N:T9.A.K.Q 8.QJ6.5. .T9.J2.6 K.8.Q.9;♠5;♠9 ♠T;4
E;NT;N:3.AT.J9. 9..A8.9 .Q4..K6 5.9.K5.;♠J ♣J ♠2;♠3;1
E;NT;N:.J96..K5 .AQ4..J 8..2.32 94.T.Q.;♣9 ♥2 ♠7;♣K ♣5;2
W;NT;N:KQ7...AJ 5..93.T2 4.953..7 J8.A..9;♦4;♠7 ♠Q ♠K ♣J ♣A;3
E;NT;N:82.K5.2. K..5.72 9.8.Q7. 76.6..T;♠3 ♦K ♠4;♠8;5
W;NT;N:K53.9..8 .A87.9.A 82..J3.Q A.Q.85.;♥3;♥9;1
W;NT;N:Q2.A.K8. 64..Q.T3 KJ.Q.2.7 .T.7.82;♥5;♥A;5
E;NT;N:J.K.K8.8 7.6.5.4 2.T.T.9 8.7.A.6;♦2 ♥J ♦6;♦8 ♦K;4
E;NT;N:.97.K96. T...853 K8..75. 32...K7;♠9 ♣Q ♥J;♦6 ♦9 ♦K ♥7 ♥9;1
N;NT;N:Q32.K..8 .A76..QJ 8.Q3.J.4 J75...K9;;♥K ♣8 ♠Q ♠2 ♠3;1
S;NT;N:.A9.4.K4 .8.Q976. T2..8.Q J7.Q.K.;♠6 ♥6;♦4;5
N;NT;N:J3.98..Q Q8..2.82 T.6.4.64 5.T72..K;;♠3;2
E;NT;N:9.5.K.K4 .AQ.Q7. KT4...8 2.9.94.;♠A ♣Q ♥K;♠9;2
E;NT;N:..KQ2.KJ .876..8 T3.2..6 8.T.6.4;♥Q ♥3 ♠7;♦2 ♦Q ♦K ♣J ♣K;3
S;NT;N:T84.A..6 3.6.T.84 2..6.KT K.J..72;♠A ♦4;♠4 ♠8 ♠T;4
S;NT;N:6.T2.2.5 K9..6.J9 .5.753. .8.A9.K;♥7 ♠8;♥2;2
W;NT;N:.9.43.A5 7.A.QJ.2 92.K..Q6 .2.9.74;♠Q;♦3 ♦4 ♣5 ♥9 ♣A;1
W;NT;N:7.AJ.7.6 A2..J2.7 64.K7.A. 3.53..9;♣A;♣6;2
E;NT;N:.9.9.T94 T5..2.K 7.5.7.6 .K2.T6.;♣7 ♥3 ♦J;♣9 ♣T;1
N;NT;N:Q.63.T8. .9.5.AK8 5.J7..Q7 9.Q5.9.6;;♦T ♠Q;3
N;NT;N:J4..54.T K.QT5.A. 2..Q93.4 9.J.J7.2;;♣T;1
E;NT;N:J4.J.2.Q A..A7.5 2...862 8.T8..3;♦3 ♣J ♥K;♦2;1
S;NT;N:T2..A.83 AQ.J84.. K8..T2. 3.2.8.9;♥T ♦4;♠2 ♠T ♣3 ♣8 ♦A;1
W;NT;N:432..T9. .KJ.Q2.2 AK.6.J.9 J.73.3.;♠9;♠2 ♠3 ♠4;3
W;NT;N:T..T62.T .2.KQ5.8 7.J75..9 K.Q9.A.;♥4;♦2 ♦6 ♦T ♠T ♣T;2
S;NT;N:A6.7..Q7 K42...T4 .8.8.J6 .2.4.85;♠Q ♠9;♠A;5
S;NT;N:75.Q.J7. T.85.5.3 .T7..98 Q4.4..A;♠J ♥2;♠5 ♠7;4
S;NT;N:5.T.A43. 4.Q3.Q.2 9.J7.5. .54.K.4;♠6 ♣A;♠5;5
E;NT;N:J3.K7..8 7.96..A K..2.42 .J4..T6;♥2 ♦K ♠6;♥7;4
S;NT;N:4.K3.T.5 KT.A4..2 Q.82.7. 8..K84.;♠5 ♠2;♠4;2
S;NT;N:J7.9.9.7 A6..Q2.Q .AK2..9 .8.4.T2;♠Q ♥Q;♠7 ♠J;1
W;NT;N:K.K87.Q. AQ72.4.. 8..T.Q94 J.6.4.2;♦2;♦Q;4
E;NT;N:K52.8..Q QT..J.9 6.65.T. .QT.2.5;♠3 ♥A ♦7;♠5;3
W;NT;N:Q2.K..85 .JT8.3.4 T..J98.T 6.76.2.;♣A;♣5 ♣8;4
S;NT;N:AJ.5.T.9 5..Q.KQT 2.J7..8 .9.4.A6;♠6 ♣5;♠J ♠A;4
N;NT;N:T.T4.3.3 5.J.A.74 K2.K..98 .AQ.J5.Q;;♠T;2
S;NT;N:K..987.J Q8.76.2. 9.9.65. J..KT.Q;♣8 ♥5;♣J;2
E;NT;N:6.A.852. .3.T.J2 7.T2.K. 53..J7.;♣T ♦A ♠J;♦2 ♦5 ♦8 ♠6 ♥A;2
S;NT;N:T76.6..2 82..5.QJ .J93.7. ..AQT3.;♥7 ♣8;♥6;4
N;NT;N:3.Q.J3.T K5.9.5.3 9.6.A.96 62..2.85;;♣T;5
W;NT;N:4.J.7.86 J97..2.7 ..984.Q5 5.Q8.Q.;♥6;♥J;3
E;NT;N:9.T9.J5. J6..Q2. .5.K.J4 K.Q.4.Q;♠2 ♥4 ♣8;♠9;2
N;NT;N:Q.A3.T.4 .7.5.KQ2 A7.Q.K.A .54.9.T3;;♦T ♥3 ♥A ♣4 ♠Q;5
W;NT;N:A2..9.J4 97.K4.Q. .J.K.K92 .A3.2.8;♠6;♠A;5
N;NT;N:A.J.K64. 9.6.A85. 4..Q.T52 5.Q7.2.6;;♠A ♦4 ♦6 ♥J;2
W;NT;N:..J82.T2 J8..3.QJ 3.K5.K.6 ..T6.AK;♥Q;♦2 ♣2 ♦8 ♦J ♣T;3
S;NT;N:AK4..Q3. Q6...AJ8 .Q54.2. .86.J8.;♦6 ♣4;♦3;5
E;NT;N:.4.AT4.8 62.Q..3 ..753.2 T7.2..4;♦Q ♣5 ♥J;♦A;5
S;NT;N:.8.5.Q87 52.65..5 6.94.Q. A.3.AT.;♣4 ♣J;♣Q;4
S;NT;N:JT..9.A2 AK..J2.Q .3.73.3 .54.T.4;♣9 ♦6;♣A;1
N;NT;N:3.3.5.65 JT5.4..T 8..K73.K A.Q..AQJ;;♦5;3
S;NT;N:.94.Q.J3 ..J43.K6 9..A96. .3.2.Q2;♥6 ♥K;♥4 ♥9;2
E;NT;N:KQ.4..Q9 .K9.A6. 4.Q.7.4 AJ...AJ;♠7 ♥6 ♥T;♠Q ♠K;2
N;NT;N:642..63. T.7.A.42 AJ.T.T.8 ..5.QJT6;;♠2 ♠4 ♠6;3
N;NT;N:J4..3.J2 A5.76..3 .AQ3.J.A 3.2.AT7.;;♣2 ♣J;4
S;NT;N:K.9.T96. .7.Q82.8 7.6..53 Q.2..Q9;♦3 ♦4;♦9 ♦T;2
N;NT;N:9.76.K8. A74..5.5 6.4.J.KT K.K9.2.A;;♦K;2
E;NT;N:.K3.3.T4 .2.9.K2 92...65 6.AT..9;♠3 ♥Q ♠5;♦3 ♣4 ♣T;1
S;NT;N:A.AQ2..J 5.765..Q T2..2.2 .9.5.94;♣A ♥T;♣J;4
E;NT;N:QJ..T.J3 A2..6.K .T.72.A T8.53..;♣2 ♦J ♥7;♣3 ♣J;5
N;NT;N:7.6.Q7.3 T.K.AK.7 5.T4..Q2 8.A95..5;;♣3;2
W;NT;N:..A.9876 T..94.K5 987..3.3 6..65.J;♦T;♦A;1
S;NT;N:JT.J7.2. .T.KQ75. 4..9.95 2.8.J.8;♣2 ♠A;♦2 ♥7 ♥J ♠T ♠J;5
N;NT;N:8..T7.K2 .7.92.A5 .964.Q.9 6..J8.J6;;♠8;5
S;NT;N:.T.J5.87 A7.7.92. K.K.3.3 J..Q.T6;♥6 ♣J;♥T;1
E;NT;N:52.8..A2 T.A.K4. .93.T.4 Q7.6..6;♦9 ♦Q ♣K;♠2 ♠5 ♥8;3
S;NT;N:J3.Q82.. 6.4.Q3.K 7..K4.Q .KT.8.9;♦T ♥5;♥2 ♥8 ♠J;2
E;NT;N:AJ..J.53 .3.9.96 2.5..QT 9.8..KJ;♠7 ♥Q ♦A;♠J ♠A;3
N;NT;N:743..5.6 .T.QT8.8 .A9.A43. JT8.QJ..;;♦5 ♣6 ♠3 ♠4 ♠7;2
W;NT;N:92.2.6.7 .7.K94.T A7.98..Q 4.KJ.2.;♠J;♠2 ♠9;3
W;NT;N:4.Q4.T.K QT..Q.76 7..983.2 .3.K5.5;♠3;♠4;2
W;NT;N:.J32.K.Q Q.Q7.8.A 7..A4.64 3.A4.5.;♣K;♣Q;1
N;NT;N:.K62.4.5 K9..8.Q8 7.94.Q6. AT6..A5.;;♥2 ♥6 ♥K;3
E;NT;N:.T8.5.Q4 Q..QJ8. K.J.6.2 2.A.94.;♥3 ♥5 ♠3;♥8 ♥T;3
S;NT;N:T7.K5.Q. .A43.4.6 J.8..K2 .9.K5.J;♦9 ♥6;♦Q;4
N;NT;N:6..A2.42 .87.Q.65 J83..K.7 7.A.6.A3;;♦A ♠6;5
N;NT;N:AQ2..96. J.J8.AT. K.2.KJ3. 84..8.43;;♠A;3
S;NT;N:T4.QJ9.. J.7.A7.8 5.T2.Q. .5.T4.9;♥A ♣4;♥9 ♥J ♥Q;3
E;NT;N:J8..Q.A2 K5.3.K. 2..9.JT .8.7.85;♥4 ♦8 ♥J;♣2 ♣A ♦Q;1
N;NT;N:8.32.3.2 .AQJ7.5. .8.KJ9.7 K.9.T.54;;♦3 ♣2;4
W;NT;N:.92.63.A .T3..T95 J5..Q.J8 4.Q7.T.;♦4;♦3 ♦6;4
W;NT;N:.2.A9.JT 3.AQ4..3 A.T6.T.2 .J8.J.6;♠4;♥2;5
N;NT;N:Q92..J.Q .QT73..7 AT..5.53 J.4..AK6;;♠2 ♠9 ♠Q ♦J;4
E;NT;N:5.KT9..8 A..T.Q4 .A.A7.K QJ..2.3;♥6 ♥2 ♣5;♥9 ♥T ♥K;5
E;NT;N:7.J.AJ.3 .6.Q9.T .2.87.K 2.K..A7;♠5 ♠A ♥7;♠7;2
N;NT;N:73.K5.8. .72..JT8 8.A.AK7. Q6...754;;♥5 ♥K ♦8;4
N;NT;N:.A.T9.K3 75.Q96.. K.4.K.T8 T943...A;;♣3 ♣K ♥A ♦9 ♦T;4
N;NT;N:74.JT..8 .64.32.Q 9..KT84. KT..J7.7;;♥T ♥J;4
E;NT;N:Q8.2.65. 5.K8..5 K.6.J.9 3.J.T.J;♣6 ♣Q ♥9;♥2 ♦5 ♦6 ♠8 ♠Q;3
E;NT;N:..QT8.32 8.3.J6. 9.7.7.7 3..9.Q8;♠T ♥8 ♣5;♣2 ♣3;3
N;NT;N:K.A.3.Q4 Q.42.8.7 2.7.42.T 543.5.A.;;♠K ♥A ♦3 ♣4 ♣Q;4
W;NT;N:K9.T.Q.9 3.J8.3.8 A.3.A92. 7.2.J.J;♠5;♠9 ♠K;4
N;NT;N:8.A..Q95 9.96.T.3 T4..942. QJ.T.K.8;;♣9 ♣Q ♥A;4
E;NT;N:..K53.Q3 K9.K..6 3.T6..T .4.2.82;♦9 ♣A ♣J;♦K;4
S;NT;N:6.8.K.AT 5.J3.8.6 7.K.72. .A6.T.9;♦A ♣K;♦K;2
E;NT;N:9.AJ.K.4 J.T.T3. T..6.K2 AQ...96;♣8 ♠5 ♥2;♣4;2
N;NT;N:J86.Q..6 9..J42.5 53..3.K3 .J3.Q8.T;;♣6 ♠J ♥Q;5
W;NT;N:A52.5.A. .9874..8 T8.T.4.T J..T5.A;♣9;♠2 ♠5 ♥5;5
N;NT;N:K.A7.A.2 A.T.K.AT 8.84..95 9.9.96.8;;♥A ♦A;3
E;NT;N:Q.T2.A.T 5.Q.QJ. 7.93.K. T..32.8;♥A ♥4 ♥6;♥2 ♥T;3
W;NT;N:4.3.T9.A 863.8..8 AJ..Q.T6 ..AK.54;♥2;♥3;4
S;NT;N:J.K.32.2 74...A97 AK...J6 3..T.T8;♠T ♥3;♠J;4
S;NT;N:.A942.K. J3.5.8.5 AKQ4... .8.A6.7;♠7 ♥J;♥2 ♥4 ♥9 ♥A ♦K;1
E;NT;N:K86..74. ..A53.4 JT7...J 54.3..T;♣2 ♠9 ♠Q;♠6 ♠8 ♠K;3
W;NT;N:2.T.5.T9 .Q7.3.73 53.J..J8 Q9.9..4;♥4;♥T;1
N;NT;N:7..54.75 4.8.8.96 K6.J..K4 .A.J3.Q2;;♠7 ♣5 ♣7;3
N;NT;N:.72.J.AK JT.8..J7 8.A4.9.8 A7..KQ4.;;♥2 ♥7 ♣K ♣A;4
E;NT;N:6.2.K52. 4.J7.J. 8..T.K8 .63.6.J;♣5 ♣4 ♣Q;♦2 ♦5 ♥2 ♠6;2
S;NT;N:.9.94.K8 Q.63.32. 5.A..J2 98...AT;♥K ♠4;♥9;4
E;NT;N:.983..AT .KT6.4. 6..JT3. A8.A.8.;♦K ♥4 ♣6;♥3 ♥8 ♥9 ♣T ♣A;1
E;NT;N:86.5.5.T Q.6.Q.A ..T62.Q .A.3.87;♣6 ♦9 ♦4;♣T;1
S;NT;N:Q.KJ.42. 2.6.K.87 .9.A.JT 9.8..Q5;♠8 ♠6;♠Q;5
N;NT;N:83.K4.3. 7..K6.AK T.3..652 J.6.J.J7;;♥K;2
E;NT;N:3.64..Q7 ..3.KT8 J..K87. 6.83..2;♣4 ♠9 ♠2;♣7 ♣Q;5
E;NT;N:T4..62.A 2..4.97 .5.K5.5 J.97..T;♣8 ♥K ♥3;♣A;3
S;NT;N:A.AT.T.7 K.K6..A5 2.3.8.4 T..7.K8;♠4 ♠8;♠A;3
W;NT;N:97..J.65 J8.4..87 .T7.9.J9 3.62.7.;♥9;♣5 ♣6 ♠7 ♠9 ♦J;5
W;NT;N:A9.3.Q.Q .K.K.952 J8.7.6.6 73..5.K;♠6;♠9 ♠A;2
W;NT;N:52.7.54. 73.Q..T5 9.63.3.9 .9.2.AJ;♦K;♦4 ♦5;1
S;NT;N:5.K..AJ6 K3.2.2.T A.T4..7 .6.Q5.3;♣5 ♦J;♣J ♣A;5
E;NT;N:Q..AQ6.J K8..85. T7..J7. 9.4..76;♣K ♠A ♣8;♣J;3
S;NT;N:3.72.4.3 AJ.6.7.7 .K.A8.2 Q..T3.8;♣J ♠9;♣3;4
E;NT;N:85.A9.J. 3.J4..4 A..3.K8 J9.Q..7;♦8 ♥2 ♠7;♦J;5
W;NT;N:543.9.8. K.2.95.7 T..A.KJ9 8...T86;♣2;♠3 ♠4 ♠5 ♦8 ♥9;4
S;NT;N:QJ.J.Q.A T4.A3.J. 7..K3.8 ..T86.T;♣4 ♠2;♣A;4
S;NT;N:A9..6.52 T..Q85.Q QJ..2.K 43...A8;♣4 ♥Q;♣2 ♣5;1
E;NT;N:83..K.94 A6..Q4. 7...KQ7 5..J9.6;♣A ♠4 ♦5;♣4 ♣9;3
W;NT;N:.K9..QT5 A873..9. 2.T4.K.2 Q.52..K;♦3;♣5 ♣T ♣Q;3
E;NT;N:7.82..A2 4..K.Q5 98..Q3. 6.3.95.;♠Q ♠J ♣9;♠7;3
W;NT;N:A95..K6. J7.J9.T. 64.A7..K .5.7.65;♠T;♠A ♠5 ♠9;4
W;NT;N:9.T3.T.4 3.4.K.K2 K.AJ.J.8 ..863.T;♠J;♠9;3
W;NT;N:.6.7.953 A3...AT7 .K.AK9.6 2.8.Q.8;♥Q;♥6;4
W;NT;N:2.K42.8. 4.T.6.AQ 5.8.5.JT .J9.T.4;♥6;♥K;2
N;NT;N:..63.654 AQ64..A. J3.A.5.A .Q3.JT9.;;♣4 ♣5 ♣6;2
W;NT;N:Q3.AK.2. A..Q9.T9 95.96..J ..KT8.K;♥Q;♥K ♥A;2
S;NT;N:K7..7.T6 8.9.64.A Q.KJ.K. .T5.QJ.;♦A ♥A;♦7;5
E;NT;N:JT..QT.9 ..82.J3 64.9..Q A.3.6.2;♦5 ♦9 ♣7;♦T ♦Q;4
N;NT;N:2.T.8.QT T5..962. Q..QT.86 .63.54.2;;♦8 ♣T ♣Q ♠2 ♥T;5
E;NT;N:.T9.42.8 8..KJ.T 5..A.A5 K.3..J3;♥7 ♥J ♠7;♥9 ♥T;3
S;NT;N:.T64.3.7 3.7..Q98 T2..5.5 A.Q9.T.;♠K ♣3;♥4 ♥6 ♦3 ♣7;2
W;NT;N:Q63.5.A. 4.J.5.87 ..QT7.AQ .76.K.5;♣J;♠3 ♥5 ♠6 ♠Q;5
E;NT;N:Q.K8.5.6 T4.A.2. 6.2..Q2 .7.9.AJ;♣8 ♥Q ♠A;♣6;1
W;NT;N:K62.8..3 74..Q2.J 5.7.A5.5 .65.T.9;♣4;♣3;4
S;NT;N:AQJ8.T.. 2.3.J64. K..2.72 .J.T.J6;♦9 ♣T;♠8 ♠J ♠Q ♠A ♥T;1
W;NT;N:.72.97.2 JT87...J 65.3.A.A ..J4.75;♥4;♥7;4
W;NT;N:7.T.4.93 .J2.A.K2 J2.A.8.J 5.3..74;♠9;♠7;2
S;NT;N:76..K8.9 Q9.J.4.6 K...K75 A..J7.2;♠2 ♥9;♠6 ♠7;2
N;NT;N:6.K6.6.9 8.T4.3.K 4..A.JT2 .A9.2.53;;♣9 ♦6 ♠6;2
E;NT;N:7..A63.K J.Q.J.T 32...Q9 .2.4.82;♣3 ♣4 ♥8;♣K;4
W;NT;N:7.T.3.KQ Q42..95. .6.K.T93 85...62;♠K;♠7;2
W;NT;N:KQJ...94 32.42..J T85.7.7. .95.4.8;♣5;♣4;2
W;NT;N:.K.Q9.J9 985..82. .J72.6.2 Q.8.7.8;♣5;♣9 ♣J;5
N;NT;N:.52.T.K9 T..74.T8 K2.6.3.J 3.J..A74;;♦T ♥2 ♥5;3
S;NT;N:J.64.32. T2.9.K.8 3.A.Q.K .Q..AJ9;♣T ♣Q;♦2 ♦3 ♥4 ♥6 ♠J;1
E;NT;N:K.QJ65.. 8.T..93 .8.95.2 T.4.7.8;♣J ♦A ♣7;♥5 ♥6 ♥J ♥Q;2
W;NT;N:T2..KQ.5 53.5.T7. .K87.5.3 8..6.QJ;♥9;♠2 ♣5 ♠T ♦Q ♦K;5
S;NT;N:7.J.A3.Q 4.5.2.82 T.3.9.T 3.A.Q.6;♠6 ♥6;♠7;4
N;NT;N:K.Q4.K.5 AQ.A.J.3 .87.943. 32...T97;;♦K;1
E;NT;N:2.AK.6.9 6.63..T 3..95.8 .T7.T2.;♠4 ♥9 ♣3;♠2;2
E;NT;N:J54...A8 .J72..T Q8..J.Q T.T.9.6;♦K ♠7 ♥A;♠4 ♠5 ♠J ♣8 ♣A;1
E;NT;N:.4.K763. 3..A.K9 K.KQ9.. .J.5.82;♥A ♠2 ♠8;♥4;1
S;NT;N:..QJ.T94 KJ.T43.. 64..KT. 3..3.J3;♣6 ♦A;♣4 ♣9 ♣T;3
N;NT;N:.K2.Q.Q6 2.3.T.74 A3...KJT 9.Q.A87.;;♥K ♣6 ♣Q;5
W;NT;N:9..KT5.J 862.5.A. .83..K84 .AJ.Q7.;♠3;♠9;4
N;NT;N:..4.T843 T4.KQ2.. .AJ.T2.K 92.5.6.2;;♦4 ♣3 ♣4 ♣8 ♣T;4
N;NT;N:3.J3.K.2 5.A..J98 .42.7.T6 .T7.J4.7;;♣2 ♥3 ♥J ♠3 ♦K;2
N;NT;N:..AQ4.86 KJ2.A3.. 4.T.J.AQ 3.J7..94;;♣6 ♣8 ♦Q ♦A;5
E;NT;N:A2..JT.K J.3..86 .8.965. Q.4.3.7;♦4 ♥9 ♥Q;♦T ♦J;5
N;NT;N:A.Q.J.72 K6..54.A .842.A.3 JT.T..T9;;♠A ♥Q;5
E;NT;N:K3.6..Q9 J.4..72 2.A.AK. A.Q.Q8.;♥3 ♣3 ♥T;♥6;3
W;NT;N:J92..9.K 3.765..5 T..A82.4 .8.K.J7;♣3;♣K;5
W;NT;N:4.9.7.J8 J.3.AJ.2 A.76.K.4 .A.63.K;♣T;♣J;2
W;NT;N:9.K.Q8.3 QT4.4.2. A6.Q2.A. 32..3.A;♣5;♣3;3
S;NT;N:93.T.Q.2 65.5.3.A T.6.7.7 2.74..8;♥Q ♥J;♥T;4
E;NT;N:2.KJ..64 97..6.K .Q9.7.7 ..J.AT3;♥3 ♠3 ♣2;♥K;3
W;NT;N:53.2..Q3 T..T.A75 KQ..632. 74.7..J;♠8;♠3 ♠5;3
W;NT;N:9.7.K6.Q Q8...T85 4..T.642 J7.A.J.;♠T;♠9;1
N;NT;N:AJT..A2. 7.A.QT.5 5.4.97.T .6.J4.KQ;;♦A ♠T ♠J ♠A;4
E;NT;N:.K87.AK. J5..Q.9 9..T3.3 8.AT.J.;♥9 ♥J ♣A;♥7 ♥8 ♥K;3
S;NT;N:J2.A..J4 A6.2.3.T Q5.Q.5. ..Q64.K;♣6 ♠9;♣J;2
N;NT;N:32.952.. 9.A7.J.A .Q.A54.2 .8.Q83.6;;♥2 ♥5 ♥9 ♠2 ♠3;1
W;NT;N:8632.8.. AT.K.K.7 J7...942 K.T5.Q.;♣3;♠2 ♠3 ♠6 ♠8 ♥8;3
S;NT;N:.A954.7. .7.32.T5 7..J6.3 3.3.K.2;♦5 ♦Q;♦7;1
W;NT;N:.8.J6.86 9.3.K.KT 3.65.T3. 4.2.87.;♠2;♣6 ♣8 ♦6 ♦J ♥8;1
S;NT;N:T9.95.8. 6.83.93. .2.Q5.T Q7.7..5;♣A ♦7;♦8 ♠9 ♠T;5
W;NT;N:J.9.6.T7 .62.9.Q6 .KT..K52 .A3..98;♦2;♦6;2
E;NT;N:6.AJ7.Q. 32.Q..A A.T2..J 8.6.J.2;♠Q ♥4 ♦A;♠6;3
W;NT;N:4..AQ6.8 7.T.8.92 .Q.732.A 5.7..T4;♥J;♦6 ♠4 ♦Q ♦A ♣8;5
E;NT;N:4..K.AK9 KT7...7 5..74.2 .Q8.J8.;♠J ♠8 ♦9;♠4;1
N;NT;N:62.7..73 A.Q3.5.T Q98..K6. 4.4..852;;♠2 ♠6 ♣3 ♣7 ♥7;1
N;NT;N:T3..J.62 652.96.. A.5.82.Q Q4.J32..;;♣2 ♣6;5
W;NT;N:J..Q8.K3 T4.Q.32. 6.2.A4.Q Q.K..62;♦J;♦8 ♦Q;4
S;NT;N:.A8.2.32 65.5.Q.A 2..95.7 KJ.T.K.;♣J ♣6;♣2 ♣3;1
N;NT;N:AJ.Q6.Q. K2.4.2.4 .KT9.3.J 98..5.K7;;♦Q ♥6 ♥Q ♠A;5
S;NT;N:J7..7.J8 9.74..53 ..2.A42 8.J3.K.;♥5 ♦8;♠7 ♦7 ♣8 ♣J;1
N;NT;N:J.J.9.54 7.Q3.3.A K65.K.J. Q2.9.Q.7;;♥J ♦9 ♣4 ♣5 ♠J;2
N;NT;N:8.T.4.Q9 2.82.8.T A.75.Q.7 4..95.32;;♣Q ♠8 ♦4 ♥T;5
S;NT;N:8.86.QJ. 9.J.K9.7 AK7...9 Q62.T..;♥9 ♥7;♥6 ♥8;3
E;NT;N:KT.6.7.5 .J5.Q.T .82.9.3 9.3.K.K;♥K ♥9 ♠7;♥6;1
N;NT;N:.T.K3.AJ 4.AJ9..K J.4..T93 .Q2.Q7.7;;♣A ♦K;3
W;NT;N:.63.AQ.9 2.T.87.K T.2.32.Q J.8.T5.;♥Q;♥3 ♥6;2
S;NT;N:.T7..964 74.9.4.T .A.6.K5 ..932.3;♥Q ♥5;♥7 ♥T;5
N;NT;N:.KJ5.A9. K.T.T.T2 A.Q.6.Q9 83..KQ8.;;♥5 ♥J;5
N;NT;N:4.T92..3 A5..K3.A J.A4..72 QT8.8..Q;;♥2 ♥9 ♥T;3
E;NT;N:..A632.3 9..K98. 83.6..A 2.72..5;♠6 ♣2 ♦4;♦2 ♦3 ♦6;2
W;NT;N:.A.4.AJ7 3.T74..Q K6.32.A. .K.K.K8;♦8;♦4;5
W;NT;N:J.K.8.82 ..642.T4 T.73.7.Q 4.T2..A;♦A;♦8;2
S;NT;N:A9.3.Q.A .J6.7.52 K.9.KJ. 8.K.T.T;♦4 ♦6;♦Q;5
N;NT;N:.3.K.QJ9 9.A.T86. 4.9.J.52 AJ.5.32.;;♦K ♣9 ♣J ♣Q;4
W;NT;N:.8.93.73 K9.7.5.5 62..AJ.K QT.Q..T;♠5;♦3 ♣3 ♣7 ♦9 ♥8;1
N;NT;N:T.T9.6.5 76..3.J8 .J7.85.7 .4.A.Q63;;♥9 ♥T ♠T;3
N;NT;N:J.8..984 T.6.72.6 A53.3.Q. 4.J97.K.;;♣8 ♣9;5
N;NT;N:K.2.QJ6. 4.9.3.QJ 96.T4.T. A.A3.4.9;;♦J ♦Q;3
W;NT;N:J.JT8..8 AT3..Q4. 6.94.T.J 85.A2..;♥3;♥8 ♥T ♥J;2
E;NT;N:2.7.A5.J .8.8.87 9.J2..K 5.43.6.;♥K ♦4 ♣6;♥7;3
S;NT;N:Q.2.9.Q3 AJ.43.6. .A98..T K6...75;♥6 ♦T;♥2;5
W;NT;N:T..QJT.J Q.T7.92. 4.K5.64. 3.9..97;♣5;♣J;4
W;NT;N:..K83.J5 K3.J..T6 74.98.5. 8..92.2;♥2;♦3 ♣5 ♦8;2
E;NT;N:6.3.9.A6 4.Q.2.J A.8..T5 .A.K.82;♣K ♦6 ♦Q;♣A ♣6;2
N;NT;N:J9.T8..7 .A.A65.K 2.9.QJ9. K.Q.2.J9;;♥8 ♥T ♣7;2
N;NT;N:.87.Q.A2 542.5..6 K87.A.9. .62.J87.;;♥7 ♥8 ♣A ♦Q;5
N;NT;N:.6.A.KQJ K7.94..T T5.2.KT. A.K73.8.;;♦A ♣J ♣Q ♣K;4
E;NT;N:..A87.A2 A6.A..6 4..3.K3 3.K5..7;♠7 ♠9 ♥4;♣2 ♦7 ♦8 ♦A ♣A;5
N;NT;N:A.K.A3.T 9.4.T.98 Q5.6..52 .83.K9.Q;;♣T ♠A ♥K ♦A ♦3;3
S;NT;N:A7.K.7.6 6..A98.8 K..T.QJ 843.6..;♦6 ♦5;♦7;2
W;NT;N:.T4.K.A9 QJ9...T4 K6...652 84..3.Q;♥8;♥T;4
W;NT;N:3.7..KT2 9..AJ4.Q .4.K3.83 J..85.9;♠K;♠3;2
E;NT;N:.A5.2.98 6..7.Q2 7.Q.9.5 .3.T.A7;♣6 ♦3 ♦4;♣8 ♣9;3
W;NT;N:J32..T.A K.6.A.75 7.T..KT8 6.7.5.3;♦3;♦T;3
S;NT;N:A94..7.6 .72.KQ.4 .Q.3.T7 75.53..;♠8 ♠6;♠9 ♠A;5
W;NT;N:.Q64.7.9 Q9..J52. .5.T9.A8 6.7.3.4;♠8;♥4 ♥6 ♦7 ♥Q ♣9;2
W;NT;N:QJ2.K7.. 4.JT4..8 8.Q.2.Q7 .A.A7.T;♣9;♥7 ♥K;4
N;NT;N:2.4.42.7 9.A3..Q9 K3.82..2 J..98.A5;;♠2;2
N;NT;N:K.97.3.2 43.J..A9 .A532..T ..Q.Q876;;♥7 ♥9 ♠K;3
W;NT;N:A..4.AQ7 J4.J9..6 7.843.A. Q65.A..;♦J;♦4;5
S;NT;N:J.84..AK 4.AQ.T5. .K.QJ4. .T93..T;♦K ♦7;♥4 ♥8 ♠J ♣K ♣A;4
E;NT;N:62.8.Q8. K4.Q.5. J.4..J2 ..9.K93;♣A ♥7 ♠Q;♠2 ♦8 ♥8 ♠6;1
E;NT;N:Q3.96.T. 82..65. ..3.963 4.K5..7;♣J ♠J ♥3;♠3;3
S;NT;N:8.7.9.K7 6.4.KT3. ..4.J63 9.9..82;♥6 ♠7;♥7;4
E;NT;N:JT..J.K5 987.K.. K.Q85.. A5.9.7.;♣2 ♥4 ♥A;♣5 ♣K;3
E;NT;N:J..84.K9 ..JT.Q7 A7.9.3. .J3.9.A;♠2 ♣3 ♠3;♠J;1
E;NT;N:.A95.J.2 .86..T5 9.7.Q.9 K.Q4.3.;♠2 ♠7 ♠Q;♥5 ♣2 ♦J;3
S;NT;N:K.JT.8.3 T3.76..4 5.A.6.J 62..74.;♦J ♣K;♦8;5
E;NT;N:T.J5.K3. 96.2..4 72..9.7 K4.A.7.;♣Q ♦8 ♣J;♦3 ♠T ♦K ♥5 ♥J;1
S;NT;N:K2.8.J.5 8.9.Q.32 T.T..86 3.J.62.;♦7 ♠4;♦J;1
N;NT;N:T8.AK..2 .J.AQ2.K 7..853.J .654.T.9;;♥K ♥A ♠8 ♠T;4
S;NT;N:.A53.T.3 J9.Q2.6. T..A.A9 872..9.;♠4 ♥7;♥3 ♥5 ♣3 ♦T;3
N;NT;N:J74...A6 2.T6.A8. 5.AJ9..3 ..T4.T52;;♠4 ♣A;5
S;NT;N:4.9..654 85.K83.. K..9.Q8 J7..T5.;♣9 ♥Q;♣4 ♣5 ♣6;4
W;NT;N:6.42.97. K4..54.6 T.J..T98 Q2.9..4;♦3;♦7 ♦9;5
S;NT;N:A95.6.6. T8.A.J.5 ..A.J92 6.2.T9.;♥K ♥7;♥6;4
E;NT;N:J6..A73. T87...T .AT6..4 32...85;♥8 ♦6 ♦2;♦3 ♠6 ♦7 ♦A;3
S;NT;N:.6.Q3.75 5.KJ.2.2 7..97.3 A4..4.9;♠9 ♠Q;♦3 ♥6 ♣5 ♣7 ♦Q;1
N;NT;N:3.K6.7.5 K95.Q..6 J6.J..A4 7.3.AK.3;;♣5 ♥K ♠3;4
W;NT;N:84.T6.Q. 9..A53.7 AT3.2..9 ..T.KQ4;♥3;♥6 ♥T;5
N;NT;N:4.76.J.6 Q.T.4.98 J985..T. .J82..A2;;♦J;1
N;NT;N:.63.2.K4 85.7.T.6 J.Q8.4.8 4.JT.6.J;;♣K ♦2 ♥3 ♥6;4
N;NT;N:2.AK.T2. .974..65 64..9.KT T8..54.J;;♥K ♥A;5
S;NT;N:6.T5..KT KJ..A9.8 A.4..53 4.3.76.;♣6 ♦K;♣T ♣K;5
N;NT;N:K6.K8..6 32.A..84 8.J.8.Q3 A94..K2.;;♣6;2
S;NT;N:54..K8.2 3..6.KQ5 Q.5.3.6 J2.7.2.;♥A ♦7;♠4 ♠5 ♣2;4
N;NT;N:2.AK..Q9 T.T.K.62 .72.T9.8 9.83.A.J;;♥K ♥A ♣Q;4
W;NT;N:Q.5.KT9. J.86.43. 9.T.2.KJ 84...73;♥9;♥5;5
N;NT;N:KQ..QJ.Q ..K63.42 .3.84.86 6.AJ.A.5;;♣Q ♠Q ♠K;3
N;NT;N:Q874..K. 32.7..K5 .4.5.J96 J9.62..7;;♠Q ♦K ♠4 ♠7 ♠8;2
W;NT;N:65.T4..2 Q..J7.84 .72.6.93 AJ4...J;♣5;♣2;3
S;NT;N:AQ.J.J.9 .Q42.A8. .987.2. 32..9.A;♥3 ♣2;♥J;2
W;NT;N:J..K84.9 9.76.92. 2.Q4.A.Q 6.J..75;♣A;♣9;2
S;NT;N:82.Q.9.6 A..76.A9 .J6.8.T 9.9.K3.;♦5 ♣K;♦9;2
N;NT;N:T.A5..94 9.3..K76 .84.52.J A73.T6..;;♠T;2
E;NT;N:J.T.4.42 ..T5.QJ 86.53.. 7..K.K8;♥2 ♣6 ♠A;♥T;2
S;NT;N:.K3.4.97 .2.A5.K2 .6.8.T5 6.Q.T6.;♠Q ♥A;♦4 ♣7 ♣9;3
S;NT;N:.43.972. K7.J2..2 T2..4.7 98.7..3;♦3 ♣J;♦2;4
E;NT;N:4.J8.A.6 .T54..A T.2.J.5 .K.T95.;♦Q ♦6 ♠6;♦A;3
N;NT;N:K6.Q5.6. 84..7.T3 A72.J..5 .AT9.9.J;;♠K;3
N;NT;N:A6..86.9 85.75..2 .62..643 72.AQ.K.;;♠A ♣9 ♦6 ♦8;2
N;NT;N:4.K.953. .Q..6543 .8.K86.8 A7.T72..;;♥K ♦3 ♦5 ♦9;5
S;NT;N:3.72.A.2 9..7532. .A4..75 7..J.Q3;♥8 ♠A;♥2 ♥7;3
W;NT;N:J72..A9. .9.T7.J9 8.765.Q. K..6.A5;♥3;♠2 ♠7 ♠J ♦9 ♦A;1
E;NT;N:.T..QJ86 A..J83. 9.4.A9. 2.K.K.T;♠6 ♠8 ♠4;♣6 ♣8 ♣J ♣Q ♥T;3
S;NT;N:Q6.Q9.A. 2.A8.73. .J.T2.3 T3...64;♥7 ♣J;♥9 ♥Q;3
N;NT;N:.K9.65.J .82.Q.K6 A3..4.Q4 .Q7.83.9;;♣J ♦5 ♦6 ♥K;2
E;NT;N:85..2.65 .87.9.T KJ.3.K. T76.6..;♣9 ♦5 ♥9;♣5 ♣6;1
E;NT;N:.J9.J8.T T.5..K3 9..Q.65 6.T.5.J;♦A ♦3 ♦K;♦8 ♦J;1
W;NT;N:5.5.T6.6 AT..A8.J 94.86.J. Q.Q..84;♥2;♥5;1
S;NT;N:.A63.52. A.K..Q82 4.Q.4.7 J73.9..;♥7 ♦Q;♥A;5
N;NT;N:Q.8.K3.J 73.3..93 ..AT2.QT 95..4.A2;;♥8 ♦K ♠Q;5
W;NT;N:.QT5..J6 J..542.T .K.KQ.82 6.6.96.;♥7;♥5 ♥T ♥Q;5
E;NT;N:QT.7.3.A 82.8..9 4.4..52 .Q.T5.T;♥6 ♦8 ♥J;♥7;1
E;NT;N:95.A.6.5 ..A7.64 86..J.7 J.T5.8.;♥K ♥8 ♦4;♥A;2
S;NT;N:8.Q.52.8 K2.6.6.4 .8.J4.2 .K9.9.6;♣Q ♦Q;♣8;3
W;NT;N:75...852 K.7.J.KQ Q.AQ5.9. .JT..J4;♦T;♣2 ♣5 ♣8 ♠5 ♠7;1
W;NT;N:K85.K9.. A9..2.Q3 .72..975 Q.3.J.6;♣8;♥9 ♥K;2
E;NT;N:3.KQ.2.9 .2.8.63 K.8.9.5 6.4..AQ;♥T ♠7 ♠Q;♥Q ♥K;4
N;NT;N:A5..4.KQ .987.K.4 2.3.96.2 .A4.J.96;;♣Q ♣K ♠5 ♠A;4
W;NT;N:Q3.A7.9. 76.3.2.K 9.T9.Q.T .J.6.53;♦T;♦9;5
N;NT;N:Q6..T5.2 7.Q.J.T8 T2.7..65 J.T3.73.;;♠Q;2
S;NT;N:..32.KQT .5.JT.93 Q..A.74 K.9.5.A;♥6 ♥A;♦2 ♦3 ♣T ♣Q ♣K;1
W;NT;N:J6.74..T 9.QJ8.A. Q852.K.. 4.A.3.Q;♦T;♥4 ♥7 ♣T ♠6 ♠J;1
S;NT;N:5.T42..7 .J8.85.Q 4.7..T8 ..A4.95;♠Q ♣6;♠5;2
S;NT;N:.T4.62.K K6.5.A.4 Q5.8..7 3.K.T.A;♠T ♦7;♦2 ♦6 ♥4 ♥T ♣K;1
E;NT;N:.K97..A7 73.5.J. Q..7.65 K.AQ.K.;♥J ♣2 ♣3;♥K;3
N;NT;N:9.J6.73. .9.K9.Q7 7.K3.Q.K .87.T.43;;♥6 ♥J ♠9;4
S;NT;N:8..98.KT A5.K2.A. .64.QJ. K.93.5.;♣9 ♣4;♣T ♣K;2
S;NT;N:7.J62.6. T86.4.3. .83.K5. .A5.98.;♣T ♣8;♥2 ♥6 ♥J ♦6 ♠7;3
W;NT;N:K.Q6.K.4 .8.8.972 J6..A3.T 87...65;♠Q;♠K;5
S;NT;N:T.A72..6 AQ9.K..9 75...T2 8.9.9.A;♦Q ♥T;♥2 ♥7 ♣6 ♥A ♠T;1
E;NT;N:6.K.9.A6 ..A63.5 .8..QJT .J653..;♦5 ♥2 ♥A;♦9;5
S;NT;N:J83..7.7 .K754..6 .J3..42 5.A.9.Q;♣K ♠6;♣7;2
E;NT;N:5..853.T 2.7.2.2 .3.6.Q3 J.K.A.J;♠K ♣5 ♥9;♠5;1
S;NT;N:..AKJ5.J A4..T.82 J.T5.8. Q2.J7..;♥2 ♦4;♦5 ♦J ♦K ♦A ♣J;5
S;NT;N:.K96.5.8 7..AKQ.7 6.J.T.4 ..J86.5;♥3 ♠A;♥6 ♥9 ♥K;4
N;NT;N:.Q98.2.5 .T4.J6.A Q.A.A4.6 65.5..J9;;♥8 ♥9 ♥Q ♣5 ♦2;3
S;NT;N:95..9.J8 6.5.8.54 4.Q3.Q. 32.6..Q;♥K ♠J;♠5 ♦9 ♣8 ♣J;5
W;NT;N:8.8.7.JT K9.6.3.9 ..JT5.K2 7.K.2.8;♦A;♦7;1
N;NT;N:98.2.6.T ..4.K532 K54.5.K. JT6..A8.;;♦6 ♥2 ♠8 ♠9;2
W;NT;N:T.AJ2.2. A9.3.J6. Q7..5.Q5 J.76.3.;♥4;♥J ♥A;2
E;NT;N:2..Q.875 T5..J.2 A.T.9.6 K.82..A;♥7 ♥9 ♦5;♣5 ♠2 ♣7 ♣8;4
S;NT;N:T..A753. 5.4.T.JT 7.Q..A6 A6...K7;♣2 ♣Q;♦3 ♦5 ♦7 ♦A ♠T;2
S;NT;N:J9..A7.6 8.8.6.J9 3..J8.2 .Q.52.4;♥4 ♥6;♦7 ♣6 ♦A ♠9 ♠J;2
E;NT;N:T7.A.4.K .984..4 J.J2..7 ..AT7.5;♠Q ♦3 ♥7;♠7 ♠T;4
S;NT;N:K.K..Q32 94.9.Q.8 2.J7.J. J.T.8.4;♥A ♣T;♥K;5
S;NT;N:3.J72.A. 7.3.Q65. .9.K.T8 2..8.J2;♥8 ♦4;♥2 ♥7 ♥J;4
S;NT;N:Q5..62.T 4.96.Q7. .A7.J8. .T83..K;♦A ♠A;♦2 ♦6;3
N;NT;N:J.Q5.QT. K4.J.2.2 ..A53.Q5 T.A..AT7;;♦T ♦Q;3
S;NT;N:A82..43. 6.2.95.6 .4.62.9 9.65..Q;♦K ♠K;♦3 ♦4;2
W;NT;N:Q7..5.A8 J3.T.K.5 T9.98.T. ..J.Q64;♥4;♠7 ♦5 ♣8 ♠Q;2
S;NT;N:K.A83.9. .Q4.K6.J 7.6.4.5 AT9..2.;♥9 ♠5;♥A ♥3 ♥8;1
N;NT;N:.Q3.K.K2 K.A.JT3. 5.T82.8. 8.J7.6.J;;♥3 ♦K ♥Q ♣K;3
S;NT;N:A3.9.74. .Q8.QT.8 94.KJ.. 6.42..2;♠7 ♣J;♠3 ♠A;5
N;NT;N:.AKJ.72. T7..Q.T9 .Q.J95.4 85..T.Q7;;♥K ♥A;3
E;NT;N:T..Q52.6 5.T7..7 .6.94.4 82.84..;♠9 ♦J ♣2;♠T;4
N;NT;N:4.K.JT6. Q.Q53..T K2.J2.4. 8.6..765;;♠4 ♥K ♦6 ♦T ♦J;5
N;NT;N:J8.J..K7 .987..Q6 A3.2..A5 T75.54..;;♥J ♣7 ♣K ♠8 ♠J;5
E;NT;N:T7.K5.5. Q4..8.T A.6.J6. .72.4.3;♠3 ♠5 ♣6;♠7 ♠T;5
S;NT;N:98.A.K.T 2.9.J.K8 J.J.54. 74..A.7;♦Q ♣Q;♦K;4
N;NT;N:5.Q6..T7 2..Q97.5 76.K5..6 A.T4.3.3;;♣7 ♣T ♥6 ♥Q;4
N;NT;N:A7.T.43. ..KJ2.76 65..Q.KQ 2..65.53;;♠7 ♠A ♥T;3
N;NT;N:J..K.QT5 3..94.J3 .74..K86 Q5.A8.T.;;♦K ♣5 ♣T ♣Q;4
W;NT;N:K9...Q42 J74.4..3 .J8.A32. 3.T.5.T;♥9;♣2 ♣4 ♣Q ♠9 ♠K;4
S;NT;N:95.Q4..3 2..6532. .J7.Q.7 QT.A..A;♣2 ♦T;♣3;1
E;NT;N:A.A3.T.K T5.KT.. 97.7..6 Q2.9..A;♣7 ♦J ♣9;♣K;4
E;NT;N:K8.4.85. 75.A9.. .J2..Q2 ...AT85;♠6 ♦7 ♣K;♠8 ♠K;4
W;NT;N:.8.6.QJ6 QJ..J83. T7.6.2.9 4.T..82;♣3;♣J ♣Q;2
W;NT;N:4.J.6.K8 .63.42.5 T3..9.32 5..Q.A6;♠8;♠4;2
E;NT;N:5.7.7.KJ Q3.5.4. T7.K.5. .86.AK.;♥3 ♠6 ♥J;♥7;1
S;NT;N:3.A5..T5 KT5.K..9 4.4.4.Q 2.J..J3;♣2 ♦K;♣T;5
S;NT;N:.K.8.AKJ 6.T.T5.3 Q.3.7.T 74..J.9;♥2 ♣7;♥K;4
E;NT;N:3..5.854 .KJ..96 A.A5.4. .T.KQT.;♠Q ♠6 ♠8;♠3;2
N;NT;N:63..K.62 T..Q854. 9..T.QJ5 .9.AJ7.7;;♣2 ♣6;3
E;NT;N:4.2..AJ7 Q.J7.3. .94.A4. K.Q.6.T;♦7 ♥5 ♣3;♥2 ♣7 ♠4 ♣J ♣A;2
S;NT;N:2.5.J5.Q T.A.Q2.J KQ.8.3. .4.A4.6;♠8 ♣5;♠2;1
W;NT;N:.5.K4.86 7.A.J.A3 A..QT.K5 J93.9..;♣9;♣6 ♣8;3
N;NT;N:KQ9..2.5 .J.T64.6 64.52.J. 8.T.8.Q7;;♦2 ♠9 ♠Q ♠K;4
N;NT;N:Q4.Q.5.6 A.K3.64. .J9..JT5 J..QT3.2;;♣6;3
W;NT;N:J952...Q 64..A5.8 .8.KQ9.5 .92.6.T;♣3;♣Q;5
E;NT;N:A.J6.3.T J..J8.5 T.7.2.A .K9.K.Q;♠9 ♥T ♦7;♠A;3
S;NT;N:5.A7.A.5 9.T96.7. A.Q..74 Q2.J..2;♣9 ♣6;♣5;5
N;NT;N:J2.93.4. .K.A.A85 AQ.Q5..K .76.QJ.7;;♠2 ♠J;2
N;NT;N:.3.63.74 .A9.9.A3 AQT.Q.A. K.4.Q4.K;;♦3 ♦6;4
E;NT;N:A.4.8.K6 4..764. T..AQ.2 Q..3.73;♣4 ♣5 ♠J;♣6 ♣K;5
S;NT;N:A.6.KT2. J9.7.7.5 3.J.5.4 75.3.6.;♣3 ♠T;♦2 ♥6 ♦T ♦K;4
W;NT;N:K..AQ.64 94.K..KT .T32.7.7 86.5.9.;♠T;♠K;3
E;NT;N:T.A8..76 K.6.J.2 3.5..Q8 J4.T.9.;♦Q ♦4 ♣4;♣6 ♣7 ♥8 ♠T;2
S;NT;N:4..7.KJ9 J6.8.Q.7 .J.A.A2 Q.52..Q;♣6 ♦J;♣9 ♣J ♣K;5
N;NT;N:98..Q7.3 .Q.K9.Q2 2.85.8.A ..T2.T75;;♣3 ♠8 ♠9;3
W;NT;N:.A7.76.9 T..KT.T2 9.2.Q.J3 75..93.;♥5;♥7 ♥A;4
S;NT;N:K..7.J94 Q.Q2.4.6 85.6.8. JT.5.A.;♠3 ♦K;♠K;4
W;NT;N:Q72..K.6 4.Q43..2 T5.J8..K 6.T..Q4;♦3;♦K;5
W;NT;N:A.Q.A4.3 .KT6.6.9 J..K83.6 93.2..J;♥5;♥Q;1
S;NT;N:J.T.Q2.8 52.4.7.3 Q.K.A.9 K..K6.6;♥A ♣Q;♥T;4
E;NT;N:A6.KT..7 K2.5.9. 98.3..Q .Q4.8.6;♣4 ♦J ♠J;♣7;3
N;NT;N:732..86. Q.53.K.9 65.2..Q4 .8.Q9.JT;;♠2 ♠3 ♠7 ♦6 ♦8;1
N;NT;N:7.J75..3 85..Q.42 ..J4.T85 J6.8.8.6;;♥J;5
S;NT;N:4.3.A8.3 AK32..Q. J.T8.2. .Q.6.86;♠8 ♥K;♠4;1
N;NT;N:64.72.K. 9.8.54.7 3..9.AT8 Q..AT.J3;;♠4 ♠6 ♦K;2
E;NT;N:A.42.T2. J.3.85. 53.6..4 .8.6.76;♠T ♠9 ♥A;♠A;2
E;NT;N:T.4.J65. Q3.6.2. .A3.3.J .T..QT9;♦7 ♣4 ♠9;♦J;5
N;NT;N:5.86.6.6 3.9..QT7 .5.AT9.A A8.4.J.J;;♣6 ♦6;4
N;NT;N:8.9.2.Q2 .K3.Q.K6 5.AQ.5.T 32.J7..7;;♥9 ♠8 ♣2 ♦2;3
E;NT;N:.Q.Q75.7 86.K.8. 9.2.T.Q 7.6.A.T;♥7 ♦6 ♥9;♥Q;3
E;NT;N:J8.K.4.3 K2.7..8 Q.95.Q. .6.8.J7;♦T ♣6 ♦6;♦4;1
W;NT;N:.T.T6.97 AJ..J3.3 T.7.Q7.K .K8..J8;♣6;♣7 ♣9;3
W;NT;N:8.7.A.T5 K.63.Q.4 5.A.T72. Q.T..87;♠9;♠8;3
W;NT;N:42.Q.Q8. A9.J..J2 J53.K..6 K.97.6.;♥2;♥Q;2
E;NT;N:6.AT.7.Q K4.94.. 7.6.62. AT..5.9;♠9 ♣8 ♣5;♠6;2
W;NT;N:K.42.8.T 8..9.Q72 T3.6.6.A .5.3.63;♣5;♣T;4
E;NT;N:KQ..Q4.A 7.6.T.5 A4..72. .J.J3.2;♥8 ♥K ♣Q;♦4 ♠Q ♠K;5
S;NT;N:.A2.T5.7 T3.J.84. Q6.8.K. 8..6.Q6;♠5 ♣3;♥2 ♦5 ♣7 ♦T;4
W;NT;N:843..K3. A.A95..3 J.T.6.QJ 6.K3..5;♦2;♦3;3
W;NT;N:9.J5.K.6 .4.J6.QT K87.63.. T.T.4.3;♥K;♥5;2
W;NT;N:5..A42.2 T.6..Q53 .K3.Q.K7 8.5.T.6;♦5;♦A;5
N;NT;N:83.J3.J. T2..K6.2 K9..Q.97 .AK4.T.5;;♠3 ♠8;4
E;NT;N:T6..A92. .Q73..J .J86.5. 3.A.T8.;♣8 ♣5 ♣7;♦2 ♦9 ♠6 ♠T;2
W;NT;N:A52.K.6. .9873..7 8.J2.8.2 K4.T.Q.;♥A;♥K;2
N;NT;N:2.7.7.AJ 4.K8..73 83.J.J9. 765..5.5;;♣J ♣A;5
N;NT;N:8.K.4.Q4 J.75.3.A 43..A2.8 K.4.J.J6;;♦4 ♠8 ♣4 ♥K;3
E;NT;N:K73..J.T .K.T7.7 ..83.J5 .Q9.Q.9;♦K ♠A ♣2;♦J;1
N;NT;N:54.97..5 A.3..T63 Q.J.87.8 6.865..4;;♥7 ♥9;3
E;NT;N:7.7.J9.4 65.Q..3 KJ3..A. A..2.A6;♥8 ♥T ♥6;♥7;2
N;NT;N:K65...A4 9.A7.AK. A8..8.J9 .Q42.T6.;;♠5 ♠6 ♠K ♣4 ♣A;5
E;NT;N:..T9.A76 .Q..QT5 7.54.8. 2.A7.A.;♠8 ♦5 ♥J;♣6 ♣7 ♦9 ♦T;1
S;NT;N:.J3.96.7 32..KJ.3 K6.9.7. T4...Q6;♣K ♥8;♣7;4
N;NT;N:7.65.A3. Q.J2.T.2 32.A.7.4 .QT.94.J;;♠7;3
E;NT;N:K.4.3.K5 .Q73..8 QJ..9.3 3.T96..;♣6 ♦7 ♠4;♣K;4
S;NT;N:Q.73.9.5 .AQ..QT4 A.865.. K9.9..7;♦2 ♦5;♦9;2
E;NT;N:K9.K..K2 ..965.Q .Q2..76 Q.64.J.;♥J ♦K ♣T;♥K;5
E;NT;N:92.6..84 7..9.JT K3.9..5 .75.J.A;♦A ♦8 ♥4;♣4 ♣8 ♥6 ♠2 ♠9;2
W;NT;N:3.J9.K5. T.2.A2.J .53..K84 75.7.8.;♣9;♠3 ♦5 ♦K;5
E;NT;N:8.J8..J3 742...A .K.972. .A.4.T6;♦K ♥T ♦6;♥8 ♣3 ♥J ♣J;1
W;NT;N:A.32.K.Q .A98..J5 .6.A.AKT QT2..6.;♠9;♠A;5
E;NT;N:9.7.K62. K..A8.3 .Q42..T 2...A52;♦Q ♣Q ♥J;♦K;4
N;NT;N:.AT32.Q. 5.K.32.7 3.Q..J32 KQ9...T5;;♥A ♦Q;5
E;NT;N:Q9..J.54 63.7.K. .K.A.Q9 54.J.T.;♦5 ♠7 ♣A;♦J;5
S;NT;N:Q9.K.9.9 A.64.7.Q J32..4. .83..T3;♠4 ♦2;♠9 ♠Q;3
E;NT;N:Q6.A.T.5 .5.A.KJ K.J.6.2 7.K.J.8;♣A ♠2 ♥8;♣5;1
E;NT;N:42.A9..7 .KQ8.7. 7..AK.5 8.7.9.K;♥T ♥4 ♣J;♥A ♥9;2
N;NT;N:.K5.6.72 J..K75.9 Q.92.98. .Q3.2.QJ;;♦6 ♣2 ♣7;2
S;NT;N:.42..AT9 J6.A.T.5 K4..3.8 .Q.7.J3;♥6 ♠3;♥2 ♥4;3
W;NT;N:A6.J..A2 K.8.Q.Q3 J87..J8. 9.5.A.4;♣5;♣A;5
S;NT;N:A6.T.7.7 ..K4.Q42 32..J.5 8...JT3;♦3 ♥5;♦7;1
E;NT;N:87..9.A3 Q42...J T.3.2.6 .J9.T.9;♠J ♦4 ♦3;♠7 ♠8;1
W;NT;N:J853.J.. 2.7.J5.4 7.K4..KQ Q.32..A;♠4;♠3 ♠5 ♠8 ♠J;3
S;NT;N:.A53.8.8 74.Q..72 J.J2..T Q..9.K9;♥6 ♥7;♥A;3
W;NT;N:K6.94..J 3.J6.9.Q ..T5.AK6 T8..8.2;♥3;♥9 ♥4;3
S;NT;N:K.K32..Q .T.AK9.6 J..84.A QT3.5..;♠4 ♥J;♠K;5
N;NT;N:K..93.AJ .K.K2.T4 4.9.Q.73 5.A.6.62;;♣J ♣A ♠K ♦3 ♦9;3
W;NT;N:J.3..963 5.A.75.J 42.4..A7 73..KT.;♥9;♥3;2
N;NT;N:JT52.A.. A64.83.. 7.KJ..A6 K93.5..3;;♥A ♠T ♠J ♠2 ♠5;2
E;NT;N:K.42.J4. .53.T.8 4.A..J7 8.8.K.2;♣3 ♥9 ♠9;♥2 ♥4 ♦4 ♦J;3
S;NT;N:.Q.K.T63 J7.9.Q9. 84.32.. K52...K;♥K ♥5;♥Q;3
S;NT;N:K6.2.5.4 Q4.J..76 T2...J3 AJ9..K.;♥8 ♠8;♥2;2
S;NT;N:.K976.J. 97.QT..7 AT.J3.. ..A5.AQ;♣4 ♠2;♥6 ♥7 ♥9 ♦J;3
N;NT;N:J3.7.4.4 .5.Q87.3 T6.Q.9.7 754.8.2.;;♥7 ♣4 ♠3 ♠J;4
S;NT;N:9.4.6.J5 J.J.A9.6 K.A.Q4. Q..3.Q4;♠3 ♠T;♠9;1
S;NT;N:T.K.KJ.9 65.6..AT J..Q3.8 .974..7;♣6 ♣4;♣9;3
W;NT;N:J.6.T42. 5.2.A.A9 A.AT.K.K .93.7.7;♠3;♠J;3
W;NT;N:83.T8..T J.K6.K.8 Q.Q9.8.9 A2.42..;♦2;♥8 ♥T ♣T;2
S;NT;N:.QT.3.65 J.A9..Q2 A.K.Q.8 65.7.5.;♠7 ♦J;♦3;2
W;NT;N:7.83.87. 64.9..J3 A8.Q.T6. 3.J42..;♠5;♠7;5
S;NT;N:.94..AK3 Q.85.K9. A2.3.Q. 8..54.7;♥K ♥J;♥4;5
E;NT;N:.5.K3.32 ..T5.J9 .KJ8.J. T.4.6.5;♣T ♠9 ♠5;♣2 ♣3;2
N;NT;N:AT9.84.. Q.A3.T3. 7..K.T95 .92.QJ2.;;♠A ♥4 ♥8;3
E;NT;N:KT..A32. .J.J76. .97.8.3 7.Q.5.T;♥6 ♥8 ♣7;♦2 ♦3;4
S;NT;N:7.AT.7.8 9.5.J6.9 J.KJ.T. A.Q4..J;♠Q ♣2;♠7;3
N;NT;N:5.9.94.7 32.K84.. 6.A6.Q3. 7.Q3.6.Q;;♠5 ♥9 ♦4 ♦9 ♣7;3
W;NT;N:8.6.2.T9 4..8.K65 6.93..82 2.T8.7.;♠3;♠8;2
N;NT;N:8.3.75.T .K.T86.6 AK42.6.. 9..J4.73;;♣T;5
N;NT;N:6.A2.4.5 3.T.J9.6 2..AQ5.K KT.K5..3;;♥A;5
W;NT;N:93..A4.9 Q.62..QT 62.8.Q.5 5.Q.K5.;♠A;♠3 ♠9;2
N;NT;N:Q.KQ8.K. 6.9.AT.K AJ8.J7.. K.5.4.T7;;♥8 ♠Q ♥Q ♥K;5
S;NT;N:QT3.3.A. .A6.9.43 4.4.K.A 2..Q.98;♦8 ♦J;♦A;4
S;NT;N:Q..K9.T5 T.A6.Q.K .8.87.7 .KT..96;♦3 ♥2;♦K;3
E;NT;N:AQT7..J. 98.7.A. ..32.54 J3.KQ..;♣K ♠K ♦Q;♠7 ♠T ♠Q ♠A ♦J;1
W;NT;N:J5.Q.3.T .82.KT.2 2.KT.A.K 943..J.;♠6;♠J;5
N;NT;N:3.T6..K3 9.J52.7. Q.93.A.5 K..K9.42;;♠3 ♣3 ♥6 ♥T;3
W;NT;N:632.A..8 9.KT95.. 54.4..76 Q..5.Q2;♣4;♣8;2
N;NT;N:J.Q6.4.3 7..KJ.A8 T.4..T74 6.J85..6;;♠J ♣3 ♥Q ♦4;2
S;NT;N:A.AK.32. T4...A96 .62.K7. K7..5.7;♣T ♦9;♦2 ♦3 ♥K ♥A;2
W;NT;N:8.3.9.96 A4.92..4 3.A.832. Q7...82;♥Q;♥3;3
W;NT;N:4.873.6. 3.5.9.85 K.Q..AQ6 AT5.2..;♣3;♥3 ♥7 ♥8 ♠4 ♦6;4
E;NT;N:5.A84..3 .93..K9 2.7.3.A A..J6.5;♠9 ♠6 ♠3;♠5;2
E;NT;N:A83..2.K .J.9.32 .9.86.7 T5..T.5;♥3 ♠2 ♥K;♠3 ♦2 ♠8 ♣K;2
W;NT;N:6.KJ95.. Q3.Q2.J. 9..6.A42 .4.8.J3;♥3;♥K ♥5 ♥9 ♥J;1
E;NT;N:.5.3.J97 .A.K4.8 .JT.6.K KJ.Q7..;♥8 ♣Q ♥3;♥5;1
E;NT;N:..K2.A93 ..6.QJ8 85.85.. .7.75.6;♠7 ♣5 ♦T;♣3 ♣9;3
W;NT;N:..32.QT7 AQ6.A..4 32.3.J5. 7.96..5;♣6;♣7 ♣T ♣Q;5
E;NT;N:.J.Q6.A5 4.Q.5.8 Q97...T 6.2..Q9;♣2 ♣3 ♠J;♣5;4
N;NT;N:65..J.AJ 73.A9..7 KT.Q.64. ..KQ75.4;;♣J ♣A;4
W;NT;N:Q.84.4.4 63.J..T9 A.3.Q6.K 7.Q..87;♣5;♣4;4
N;NT;N:AQ.53.7. 5.94.A.A K.T.84.2 86...QJ3;;♦7 ♠Q ♠A ♥3 ♥5;3
E;NT;N:A98..42. J7.A6.. 5.7.3.A 6.9..J8;♠K ♣T ♥8;♠A;3
E;NT;N:Q.4.K4.4 T9.J..2 K.6..93 6...A85;♠4 ♥5 ♥Q;♠Q;3
E;NT;N:62.Q3..2 J.7.K7. 4.T9..3 .8.92.K;♠5 ♠8 ♦4;♠2 ♠6;3
E;NT;N:T.K.83.2 3..2.73 8.7..KQ .96..65;♠A ♠6 ♠Q;♠T;4
E;NT;N:7..Q7.J5 2.7.2.T Q4.4..A KJ..8.8;♠9 ♦A ♥A;♠7;1
W;NT;N:3.AQ.7.2 6.JT.KQ. Q4..3.43 T95.4..;♣K;♣2;2
W;NT;N:..AQ52.Q ..T73.J8 JT86.6.. 7.J..A9;♦J;♦Q ♦A;2
E;NT;N:9.85.8.J .6.T.Q3 64..K.T 2..7.A2;♥T ♦2 ♦9;♥5;2
W;NT;N:A4.9.KT. 5.T6.6.5 .AJ..K97 3.5.93.;♦J;♦K;5
S;NT;N:97.2.Q.8 T65..T.4 2.4.52. A.6.3.7;♣3 ♥J;♣8;2
S;NT;N:K5..T.J9 .T.J6.K3 T9.8.7. 3.Q2.Q.;♥J ♣T;♠K ♦T ♣9 ♣J;3
S;NT;N:.K97.2.J K8.QJ..Q J.4..A5 A.3.T5.;♥T ♦8;♥K;3
E;NT;N:A.4.A.JT T6..3.9 KQ.6..7 .Q3.2.A;♠3 ♦7 ♥9;♠A;2
S;NT;N:.Q.Q.953 9.K87.5. .943..J 3..8.86;♠2 ♦4;♣3 ♣5 ♣9 ♥Q;2
N;NT;N:85.7.K.A 4...Q632 6.T4.A8. KJ7.Q..8;;♣A;3
E;NT;N:A5.A9.T. Q.6.J2. 9.742.. J42.J..;♣Q ♦A ♠3;♠5 ♥9 ♦T;2
E;NT;N:2..3.964 8.Q.9.T 7.8.Q.A T.2.7.J;♦8 ♠6 ♥6;♦3;2
N;NT;N:AQ5..2.7 J74.A6.. 9.7.94.3 K.4.AJT.;;♠A ♣7;3
E;NT;N:4.J.864. J.72.A. A.5.J.7 T9..9.4;♥6 ♠Q ♣2;♥J;3
W;NT;N:2.Q96.6. K.AK2..5 A7.4.A2. 5..K8.T;♣8;♠2 ♦6 ♥6 ♥9 ♥Q;3
E;NT;N:K7.9.2.9 .J7.3.5 5.T.K.4 .6.5.72;♦7 ♠3 ♣Q;♦2;2
N;NT;N:83.Q4..T JT.K3.7. A96.T..A 7..AQT.6;;♠3 ♠8 ♣T;2
N;NT;N:7.942..4 .76.K3.7 Q8.Q.J.K 6.A..Q92;;♥2 ♥4 ♥9 ♠7 ♣4;3
S;NT;N:K4.AJ..T 7..AK.84 Q.98..2 T.T3..Q;♣5 ♠9;♣T;5
N;NT;N:8.J.6.K4 4.A2.J.2 Q.4.Q.Q8 J72.5..T;;♣4 ♣K ♦6 ♠8;4
N;NT;N:9.Q2.Q2. 73..A9.2 T5.5.83. QJ..7.T3;;♥Q;2
N;NT;N:Q43..7.5 A.6.4.K4 9..2.A87 K86..8.T;;♣5 ♦7 ♠3 ♠4;1
E;NT;N:J4..7.93 7..K54. 5.3..K2 .QJ7..A;♣J ♦Q ♣8;♣3 ♣9;1
N;NT;N:..KT3.98 72.9.2.T QJ.2.76. 4.T..K32;;♦3;5
N;NT;N:A5..A7.J 7.84..87 ..K65.A9 6.J.9.Q4;;♠A ♦7 ♦A ♣J;5
W;NT;N:T7.J..QT .Q7.6.86 2.T.K5.K .3..A97;♦3;♣T ♣Q ♥J;4
W;NT;N:92..43.9 543.Q.J. AQ.5.K5. .J7.T.3;♥3;♠2 ♦3 ♦4 ♠9 ♣9;4
S;NT;N:A9.52..K .K3.QT.9 7.AJ..6 8.9.64.;♦J ♠J;♥2 ♥5 ♠9 ♠A;3
S;NT;N:.Q72..AQ 842..4.8 .A8.82. T.J5.5.;♣3 ♦A;♣Q ♣A;5
N;NT;N:.J2.63.7 A.96..T9 Q.74.5.8 64..9.53;;♣7;2
E;NT;N:A.J..K92 7.9.A.T .8.43.4 .KQ.9.J;♥2 ♠8 ♣Q;♥J;5
E;NT;N:.K.KT.A6 2..75.2 .Q74.3. QT9...K;♣7 ♦4 ♠5;♣A;4
E;NT;N:9..863.J A5.K.A. 6.A.Q.K 4.J..A7;♣2 ♠K ♥8;♣J;2
E;NT;N:.A4.42.K .J.83.T 2..KT.A 9..9.J4;♦A ♣2 ♥7;♦2 ♦4;3
W;NT;N:.74.93.5 JT.A.6.3 32..7.97 AQ.Q.4.;♦J;♦3;1
E;NT;N:J.74.6.8 T.AK..2 8.3.T2. K..9.A4;♠2 ♣J ♦K;♠J;3
S;NT;N:2.K4..J2 .Q.5.K83 84.8.4. A6.A2..;♠3 ♣T;♠2;2
N;NT;N:93..K6.5 6..J7.T9 J.97.2.Q .JT.Q.76;;♣5 ♠3 ♠9;4
W;NT;N:6.A3.A.7 82.K..62 .T52.Q.9 3.4.K.T;♦J;♦A;4
S;NT;N:.6.AJ.62 QJ8..8.T T...QJ9 K4.A..A;♥5 ♣8;♥6;3
W;NT;N:Q6.J.6.2 J.3.A5.A T8.97..J K.2.J.3;♦2;♦6;1
W;NT;N:Q..Q5.J2 K.84..K4 A98..6.T .KJ.T3.;♥2;♦5 ♠Q;1
S;NT;N:9.Q.J.K3 32.9.K7. Q..9.J9 .63..Q2;♠5 ♦8;♠9;3
S;NT;N:6.KT4..2 A.A7.96. 73...T7 2.J..Q9;♥6 ♥9;♥T;1
W;NT;N:6.K..863 5..53.J4 T.A.QJ.T 3.3.7.Q;♥7;♥K;4
E;NT;N:T96.J.9. 4...A62 5.A4.3. 7..J.K8;♥5 ♦Q ♣Q;♥J;4
W;NT;N:T.32..74 5.7..AK9 J.8.AT.J 4.T.7.2;♦2;♥2 ♥3 ♣4 ♣7 ♠T;3
E;NT;N:84..K7.9 ...T642 .J2..J7 .K.98.A;♣Q ♦3 ♠A;♣9;2
N;NT;N:75..63.8 .63.A82. 4.JT.Q5. K8...J53;;♦3 ♦6;3
E;NT;N:J2.75..3 A7.2..6 6..J2.2 .J.76.9;♣K ♠5 ♣T;♣3;1
S;NT;N:.A..T763 A7..J8.J .6.A7.9 T..432.;♥J ♦5;♥A;2
S;NT;N:K9.63.3. 854.Q..T Q.K..A5 2.T87..;♦9 ♠6;♦3;5
W;NT;N:T.6.7.K2 53.8.A5. Q8.T.8.8 7.K.4.9;♦6;♦7;2
S;NT;N:K.Q.6.A8 J64..3.3 2.8.Q.6 98.T9..;♣5 ♦9;♣8 ♣A;5
N;NT;N:98.K..62 .T42.3.Q .J.T4.K7 K4..QJ.8;;♣2 ♣6 ♥K;3
N;NT;N:2.KJ2..3 8.75.2.8 .A8.Q.Q6 .Q6.K98.;;♥2 ♣3 ♥J;5
N;NT;N:.K2.Q9.K 84.875.. J.T.KJ2. 32.J.A5.;;♥K ♦9 ♦Q ♣K;4
S;NT;N:.92..AJ5 87.Q.65. ..9.876 K2.A5..;♦K ♥7;♥2 ♥9 ♣J ♣A;5
N;NT;N:Q9..K3.4 A54.92.. J.T7.6.6 .8.72.A8;;♠9 ♠Q;3
N;NT;N:..2.KQT4 K9..KQ.2 J7..A9.7 Q62.Q7..;;♣T ♣Q ♣K ♦2;5
W;NT;N:JT..AT.8 96..J.K9 54..9.72 2.3.8.4;♦Q;♦A;4
W;NT;N:.AQ.JT.3 5..32.K4 KT.J.4.J Q..7.98;♠2;♣3 ♦T ♦J ♥Q ♥A;5
W;NT;N:JT.A3.K. 8.T2..Q3 .K8.9.T9 4.Q.4.8;♠Q;♠T ♠J;3
N;NT;N:QJ.K..85 .2.KT.QT 83..4.K4 T7.7.9.A;;♥K ♠J ♠Q;3
S;NT;N:65..K2.4 3.K.95.Q KQ9.J.. .2.J7.K;♠7 ♠4;♠5 ♠6;4
N;NT;N:3.K.5.42 J9.T7.A. 74.5..63 ..3.QT95;;♦5 ♥K ♠3;1
W;NT;N:.Q.AQ.J4 .A3.KT.2 7.J4..63 ..765.9;♥5;♥Q;4
S;NT;N:A5..Q9.2 .42.5.J4 .J8..53 2.3.2.A;♣8 ♥6;♣2;3
N;NT;N:2..2.KQ5 K4.T9..8 Q.J8.4.3 J3..A3.T;;♣Q ♣K;3
E;NT;N:QT..8.J7 J.K2.4. K5.JT.. A.9.T.3;♦J ♥7 ♦Q;♦8;1
E;NT;N:53.Q5.A. Q.AK.2. 8..K85. ...A652;♠K ♣3 ♦J;♠3 ♠5;1
E;NT;N:.K3.J.Q2 T.5.K.J 7.2.T9. .J..A96;♥8 ♣T ♥7;♥K;2
S;NT;N:K4.J4..3 J7.8..Q4 2..85.K A3..4.5;♥3 ♣6;♥J;5
E;NT;N:AJ3.7..7 .2.Q53. 9.J..A6 87.8..J;♥K ♣3 ♣9;♥7;1
E;NT;N:97.82..K ..K.975 .A.Q.J6 Q3.K.7.;♣Q ♠J ♥J;♣K;3
W;NT;N:.97.AQ2. 8.J2.6.8 54.84.8. .Q.K95.;♦4;♦2;3
W;NT;N:72.K.KQ. Q4..9.86 K.84.2.3 JT..54.;♥T;♥K;5
E;NT;N:84.KQ.5. 7.83..3 .9.6.72 ..97.Q5;♥J ♦2 ♣T;♥Q ♥K;4
N;NT;N:9.Q.7.Q2 87.4.K8. J.93.2.K .8.QT5.7;;♣2 ♣Q;5
E;NT;N:.5.KJ5.9 4.K.9.Q K.96..8 .83.A.T;♦3 ♥7 ♣5;♦5 ♦J ♦K;2
N;NT;N:5..K6.J9 .6.5.862 8.K5.2.3 42..T3.7;;♣9 ♣J ♠5 ♦K;5
E;NT;N:A.4.Q54. 95.6.6. ..T97.Q 8.93..6;♠6 ♥J ♠K;♠A;5
W;NT;N:62..T.92 9.A5.5.K QJ.T8..5 K.Q.Q.J;♠T;♠2 ♠6;1
E;NT;N:.943.A.7 T2.K..K K7.T..8 543.J..;♦8 ♣5 ♦Q;♦A;3
W;NT;N:K4.T85.. 987.2.7. Q.K.53.2 .9.A.98;♣J;♠4 ♥5 ♥8 ♥T ♠K;1
N;NT;N:.T8.Q5.J 4.K2.3.7 K8.3.K.8 A..JT8.A;;♦5 ♣J ♥8 ♥T;2
N;NT;N:84.54.J. .QJ.K8.Q J.7.5.T7 52..Q4.4;;♠4 ♠8;1
E;NT;N:K5.A.87. 7..2.QT 6.JT..9 T.5.9.3;♠Q ♦A ♥3;♠K;2
E;NT;N:5.7.2.Q2 4.J92.. A6.T.A. .A.Q9.7;♠7 ♣9 ♥K;♠5;3
S;NT;N:9.7.KT.J 7.Q5..KQ 6.J..82 3.T.Q3.;♥K ♠Q;♥7;3
W;NT;N:52.J.5.3 A.96..A7 .532.Q.K 9.K7.A.;♦6;♦5;1
S;NT;N:8.AJ8.J. .Q9.8.A5 ..T65.7 5.5.73.;♠6 ♠2;♠8;3
N;NT;N:32..5.A8 .Q..J642 .T76.3.5 KJ..8.KQ;;♦5 ♣A ♠2 ♠3 ♣8;1
W;NT;N:.Q86.AQ. 64.2..72 8.97.T3. KJ..J.6;♣Q;♥6 ♥8 ♥Q ♦Q ♦A;1
S;NT;N:..A96.A3 Q9..Q4.9 .T6.JT. .853..J;♠6 ♣6;♦6 ♦9;3
N;NT;N:93..Q.97 J.A5..AQ 8..87.K2 AK.Q.2.8;;♦Q;1
W;NT;N:..J2.J52 A.2.763. K.7.AQ8. J5.Q..6;♥T;♦2 ♣2 ♣5 ♦J;2
E;NT;N:.6.A3.93 5.Q2..5 7.J5.Q. 6.K.7.A;♥3 ♦4 ♦9;♥6;3
E;NT;N:J62.98.. 95..Q4. T.3.5.9 73.K4..;♣8 ♦J ♦A;♠2 ♠6 ♠J ♥8 ♥9;2
E;NT;N:J94.K..9 7..Q.74 Q..T.A2 2.T..K6;♥6 ♣8 ♦4;♥K;3
S;NT;N:..85.AQ3 3.7.Q4.7 ..7.KT2 5.95.A.;♣5 ♦T;♣Q ♣A;4
W;NT;N:7.A9.K.9 8.K84..Q 3.7..J74 T.3.4.T;♠6;♠7;3
E;NT;N:6.K.7.A7 A..Q.Q8 8.97.6. .43.85.;♣9 ♣6 ♥2;♣A ♣7;2
N;NT;N:T5.4.8.J 2.T63.T. 7.A7..54 84.2.6.T;;♥4 ♣J ♠T;5
N;NT;N:.T2.T.T7 A5.4.2.9 J862...3 K73.8.5.;;♥T ♦T ♣T;5
W;NT;N:Q.Q98..J .K5.3.43 4.2.AQ.7 9.T.62.;♦J;♥8 ♥9 ♥Q ♣J ♠Q;4
N;NT;N:...T9754 8..43.A2 T.AJ8.6. J.6.T8.K;;♣4 ♣5 ♣7 ♣9 ♣T;1
S;NT;N:9.K.K6.4 K75.J..7 .3.3.AK A.7..J2;♠T ♥4;♠9;3
W;NT;N:KJ.Q9..K 8.AT8..4 9..9.973 AT2..4.;♦6;♣K;4
S;NT;N:2.J4..T5 ..KT6.AJ ..Q95.7 ..42.K2;♠3 ♠K;♠2;1
N;NT;N:A.6..KQT 9.A8..J4 K42.9.K. .K3.8.87;;♣Q ♣K ♠A;4
E;NT;N:Q42.4.7. A.5.Q.K K.K.J9. 9.J2..9;♣T ♣2 ♦3;♠2 ♠4 ♥4 ♠Q ♦7;1
S;NT;N:.72.AJ.7 .T84.6.T J4..K.4 32.Q..8;♣K ♦8;♣7;5
E;NT;N:.T5.A.63 Q7.7.5. .K4.J.A AT..KQ.;♥Q ♠6 ♦6;♥5 ♥T;2
E;NT;N:A..K4.96 .J7..Q8 7.T.2.J 98..J.5;♦Q ♣3 ♣A;♦K;2
N;NT;N:3.5.53.J J.3.8.AT A.K.KQ2. 62.T.9.K;;♠3 ♦3 ♦5 ♥5;5
S;NT;N:4..K2.86 2.96.4.T 6.A.6.9 .Q2..K4;♠5 ♣3;♠4;5
S;NT;N:94.3.98. K.64.A2. 5.T.6.Q Q.QJ..7;♣J ♠J;♠4 ♥3 ♠9 ♦8 ♦9;2
N;NT;N:J3..62.6 .T97..A7 KT5.3.K. 4.K6.T.4;;♦2 ♦6;5
E;NT;N:K4.K.9.A 6.9.7.8 2.Q.T.3 J.A.K.7;♠5 ♠9 ♥J;♠4;3
N;NT;N:.Q76..98 ..QJ65.5 2.3.A72. 4.K42..J;;♣8 ♣9 ♥6 ♥7 ♥Q;2
E;NT;N:42..T53. 8.J..84 T.A..AQ ..8.T97;♣2 ♠9 ♠3;♦3 ♦5 ♦T ♠2 ♠4;4
S;NT;N:K965...5 2.7.T5.4 .9..AJ6 ..9432.;♥8 ♣7;♠5 ♠6 ♠9 ♠K ♣5;5
W;NT;N:9..2.AT5 62.7.AK. T.8.T8.6 .K52..Q;♥9;♣5 ♦2 ♣T ♠9;1
W;NT;N:..AK75.8 8.KJ3.3. A9.6..Q4 7.T9..6;♥4;♦5 ♦7 ♦K ♦A ♣8;2
W;NT;N:95.8.8.6 84.J5.J. K.Q4.72. QT..K.3;♣4;♣6;3
S;NT;N:QJ.J..AT 8.7.9.KJ 94.2..8 .9..632;♥Q ♦7;♥J;4
N;NT;N:T.9.3.K3 94.Q.8.5 7.J.T.64 Q3.2..A9;;♦3 ♥9 ♠T;1
W;NT;N:A.9.KT3. K6.63.4. 2.Q..AK7 3.A.5.Q;♣8;♦3 ♦T ♦K ♥9;5
N;NT;N:.5.K3.QJ 3.82.72. A4.43..T 72.Q6.T.;;♦K ♥5 ♣J ♣Q;3
N;NT;N:QT73...Q .87.Q.T2 9..A.A73 64.K4.4.;;♠3 ♠7 ♣Q ♠T ♠Q;5
N;NT;N:Q..AJ.K3 97.62..7 2..T96.4 .K4.32.2;;♣K ♦J ♦A ♠Q;5
E;NT;N:.74.AT6. Q6..74. 8.K.KJ. .J8.82.;♣6 ♠2 ♥Q;♦6 ♦T ♦A ♥4 ♥7;2
W;NT;N:8..J.963 Q4.5.5.5 A96.9..A .8.8.KT;♣7;♣3 ♣6 ♣9;4
S;NT;N:5..K6.32 AKJ...KJ 8.Q2.4. .A76.2.;♦5 ♠6;♦6 ♦K;2
N;NT;N:AQ3..4.K 92.8..Q4 5.A..973 JT.T..85;;♠Q ♠A ♣K ♦4;5
S;NT;N:..K6.643 .2.JT.K9 Q3..2.7 J4.6.9.;♥3 ♣J;♣3 ♣4 ♣6 ♦6;3
E;NT;N:8.7.92.J .A3..T7 Q..65.9 ..AQ3.6;♥2 ♠4 ♦J;♥7;3
S;NT;N:..Q.K862 Q9..T5.3 7.Q.2.J 2.A3.A.;♥K ♦K;♦Q;5
S;NT;N:A.3.3.K7 Q.A76.J. 93.2..5 82..K.Q;♦9 ♦5;♦3;1
S;NT;N:.AKJT.A. 3.96.Q3. 6.5.7.T 8..J2.7;♦6 ♣5;♦A;5
W;NT;N:7.K.J6.5 A.2.854. .9..T962 Q.J7.K.;♦A;♦6 ♦J;1
S;NT;N:Q3.A.64. K7.T.T3. ..87.87 8.K..42;♦J ♦K;♦4 ♦6;1
N;NT;N:9.72.A6. .63.Q.82 .J.K.KJ4 .5.T3.53;;♥2 ♦6 ♥7 ♦A ♠9;5
E;NT;N:8.7..KT2 53.3.9. T..53.3 2.K.6.7;♠4 ♣8 ♠7;♠8;4
S;NT;N:A.8.Q.T8 5.QJ.8.7 4.K.J.A .3.T4.Q;♥7 ♣4;♥8;4
S;NT;N:K..J.973 J.76.5.2 9.2.4.8 A8..3.K;♥9 ♣A;♣3 ♣7 ♣9 ♠K;2
S;NT;N:..A4.J63 T3.Q5.K. 9.T8..T .7.53.K;♠A ♣9;♣3 ♣6 ♦4 ♣J ♦A;2
N;NT;N:A.J.64.6 8.T7.A.3 KT9.A5.. Q3..98.J;;♠A;4
S;NT;N:42.5.A.4 A5..542. T.A..J6 93.Q7..;♥2 ♥9;♥5;2
W;NT;N:A..A93.Q .3.J.K72 4.7.5.94 QT.9.Q.;♥T;♦3 ♦9 ♣Q;3
S;NT;N:7.43..42 K853..2. .A9.75. J.6.T.7;♣6 ♠T;♣2 ♣4;3
S;NT;N:QT65..J. 3.T.T.QT .4.43.9 4.A.Q8.;♥J ♥9;♠5 ♠6 ♠T ♠Q ♦J;2
W;NT;N:.6.T7.AQ .8..T954 84.K..K3 A.T9.5.;♦3;♦7 ♦T;5
W;NT;N:8.4..J53 J.A.K86. 7.76.J.K .2.2.A7;♣9;♣3 ♣5 ♣J;1
E;NT;N:J4.7.Q.K 5..T2.J Q..6.A5 6.Q.75.;♦A ♣4 ♠9;♦Q;1
S;NT;N:T.K5..K5 .J.754.4 5..K6.2 72.T7..;♠A ♠Q;♠T;5
W;NT;N:A65...K6 Q..64.Q8 J7..73.2 .KQ9..4;♣3;♣K ♣6;4
W;NT;N:Q7.K9.K. J.Q3..93 65.5..Q4 9.AJ.T.;♦3;♦K;3
N;NT;N:3.A53.4. 42.K.Q.7 65.8.2.9 T7..6.Q6;;♥A;3
W;NT;N:Q7.4..T2 5..85.96 J6.Q2.3. .8.J6.J;♥K;♥4;1
S;NT;N:7.KT7..2 .94.72.K 5..KJT. J9.A.8.;♦9 ♣9;♥7 ♣2 ♠7 ♥T ♥K;4
E;NT;N:K3..7.K4 8.5.J.5 64..Q2. 2.7..QT;♠Q ♦4 ♦9;♠K;4
E;NT;N:.8765..5 .2.J3.Q K8..7.8 9..T6.K;♠5 ♠6 ♥Q;♥5 ♥6 ♥7 ♥8 ♣5;3
W;NT;N:T..7542. 983.6..K 2.T832.. .9.KT.8;♣J;♦2 ♦4 ♦5 ♦7 ♠T;1
S;NT;N:J3.8.2.J 98..6.92 .AT5.3. 5.J9.4.;♣Q ♥K;♣J;3
S;NT;N:QT4...A2 .A3.3.84 K.Q9.9. 6.5.5.6;♣K ♥K;♣2;4
E;NT;N:K.2.84.J 5..32.4 JT..6.8 A6.QT..;♠4 ♣7 ♦Q;♠K;4
N;NT;N:Q9.6.2.5 AT..Q4.7 .QT8..K2 3.5.K98.;;♣5 ♥6;5
E;NT;N:AK8.Q3.. 3.AT..7 .J7..Q2 .9.A3.3;♣J ♠7 ♠5;♥3 ♠8 ♠K ♠A;3
N;NT;N:Q3..84.8 8.4..QJ7 2.QJ.J.9 .5.2.T65;;♠Q ♦4 ♦8;5
E;NT;N:93.JT..Q A.7.Q.3 7..2.KJ K85.K..;♥2 ♠J ♠4;♥T ♥J;3
N;NT;N:.T3.98.8 .65.732. 7.A.Q.K6 53..J6.7;;♣8 ♥3 ♥T ♦8 ♦9;5
S;NT;N:K.Q.63.7 ..Q5.QJ9 QJ5...4 A..J87.;♠3 ♥J;♠K;2
S;NT;N:6.2.AK.Q A.4..J93 T..94.6 .J83..8;♥A ♠Q;♥2;4
N;NT;N:Q.Q.T9.5 T5.74..8 .T2.Q.K9 A.A9.8.7;;♣5 ♦9 ♦T ♥Q ♠Q;3
W;NT;N:3.7.T5.T .6.83.42 T.J9..KJ Q.A8.4.;♥2;♥7;3
E;NT;N:9.K.65.Q KQ.Q..K .974..A ..A8.85;♠2 ♦9 ♠T;♠9;2
E;NT;N:.A.9.KT7 7.J5.5. A2.T..J .62.A.2;♠K ♣3 ♠Q;♣7 ♣T ♣K ♦9;3
S;NT;N:.J.T9.QT T8.2.2.K 5.K.4.8 3.A9..5;♥Q ♠2;♥J;3
E;NT;N:Q8.A.62. AJ..5.2 KT2.6.. .4.K9.9;♠7 ♣3 ♥9;♠8 ♠Q;2
S;NT;N:4.A9.K.6 Q.T.A.KQ 5.J7.7. K.K.T.8;♠9 ♣3;♠4;1
W;NT;N:8.9..K75 JT9.6..T Q.52.Q3. 2..7.94;♦6;♣5 ♣7;5
S;NT;N:J7.Q3.9. 8.9.Q7.J 9.KT6.. A.A.2.A;♦A ♥2;♦9;1
S;NT;N:T9.6.76. 87..8.93 A5...K2 2.J4..T;♣4 ♠4;♥6 ♦6 ♦7 ♠9 ♠T;3
E;NT;N:7.9642.. .K..KQ8 5..A98. 6.85.4.;♦3 ♦Q ♥J;♥2 ♥4 ♥6 ♥9;5
S;NT;N:.43.Q.65 9.A.9.K3 .5.J3.4 4.9.T7.;♣9 ♥6;♣5 ♣6;2
W;NT;N:A.A.T.K2 .4.5.A85 973.K.4. T2.Q6..;♣4;♣2 ♣K;2
N;NT;N:6.A.Q53. .K9.K8.4 A.J8.T.T J.54.AJ.;;♥A ♠6 ♦3 ♦5 ♦Q;3
W;NT;N:AT.AT..K 4.5.52.7 73..7.T9 5..T6.8;♥8;♥T ♥A;5
N;NT;N:A8..Q.A5 .AQ.A9.4 J7.2.32. KQ..8.J9;;♣A ♠A;2
S;NT;N:.Q4..874 32.9.A9. 7.T6.K. AKJ...5;♣A ♣3;♣7 ♣8 ♣4;5
S;NT;N:J.7.5.K3 .K.4.T92 9.862.. ..A63.J;♣7 ♦T;♣K;2
W;NT;N:KQ7..2.A 6.Q.Q4.7 4.8.J3.4 3..76.3;♣8;♣A;4
E;NT;N:.T.JT.J7 .3.K.K4 K3.5.8. 82.4.A.;♣A ♦6 ♦9;♣7 ♣J;1
E;NT;N:.2.K.Q98 KT...K7 .K4.54. Q.8.2.2;♥5 ♠A ♠9;♥2;1
N;NT;N:73.J74.. T6.K.5.6 .A.Q43.Q 4.T..985;;♥4 ♥7 ♥J;5
N;NT;N:A..A9.AT .AQ7.76. K.K.K3.K 2...8542;;♠A ♦9 ♦A ♣T ♣A;5
W;NT;N:4.53.J.2 5.Q.86.A T.7.T9.T Q.4.2.Q;♠A;♠4;1
W;NT;N:9.K5.72. K4..A4.4 J.3.8.A6 .AT.J3.;♣5;♦2 ♦7 ♥5 ♠9 ♥K;2
W;NT;N:A8..K.A7 J.642..6 7.Q..KQ9 6..4.J2;♠5;♠A;5
E;NT;N:A8.A.4.K .5.T9.3 .84..A7 7632...;♠4 ♣2 ♣T;♠8 ♠A;5
N;NT;N:2.T954.. K76..9.5 4.AK3.6. ..A732.J;;♥4 ♥5 ♥9 ♥T;4
N;NT;N:4.96.A.5 A5.KQ..9 J..KJ6.3 T.T7.53.;;♦A;1
S;NT;N:J7.T4..8 AQ.2.8.4 .A.9.A5 3.7.2.3;♣Q ♣7;♣8;5
N;NT;N:72..Q.84 Q5.9.86. .764.7.6 T.KQ.K4.;;♣8;2
N;NT;N:.A97..Q9 Q.J.A7.3 J.3.T93. 9.T.4.84;;♥A ♣9 ♣Q;5
W;NT;N:73.A.54. K..K62.3 4.32.Q.7 AQ.4..5;♠T;♠3 ♠7;1
N;NT;N:KQJ.3.2. 7.4.7.A6 6.6.A5.J .K2.K86.;;♠J ♠Q ♠K ♦2;4
E;NT;N:5.92.6.T 73.6.9. .7.7.KJ A.T3..2;♠2 ♥8 ♣8;♠5;3
N;NT;N:5.A.3.32 83.2.87. J..Q9.Q9 74.86.4.;;♦3 ♠5 ♥A ♣2 ♣3;5
N;NT;N:42.5.2.4 T.32.3.3 9.K4.T.A 6.T8.J8.;;♠2 ♠4 ♣4 ♥5 ♦2;2
E;NT;N:.5.5.K92 A53.J.. J7.Q..T .4..AJ4;♠T ♦7 ♦Q;♣2 ♣9 ♥5 ♣K ♦5;2
W;NT;N:K3..A8.5 QT765... .AQ75..2 4.982..;♣8;♣5;3
S;NT;N:3.T2.5.Q A96..J.8 .J5..75 2...AJ9;♥4 ♦A;♥2 ♥T;3
S;NT;N:5.4.8.A8 .96.74.J A.AQ..Q .2..K54;♦J ♣2;♦8;5
E;NT;N:.T.J98.7 A9...KT 3.8.Q.Q .4.A42.;♣6 ♥9 ♠4;♣7;4
E;NT;N:K.4.3.72 5.5.K2. .87.9.9 Q9..J.Q;♠6 ♣4 ♣8;♠K;3
W;NT;N:KT..2.T2 2.JT.5.6 9.K.A.J4 3..K8.7;♠4;♠T ♠K;5
S;NT;N:A.QT.5.K 5.J54.3. J.9.8.3 ..Q42.T;♦K ♠Q;♦5;4
S;NT;N:3.7..KQ6 9.95.A5. K.K.4.3 .T4.Q.A;♠A ♠6;♠3;3
W;NT;N:A.K6.J.3 J.3.Q3.Q .4.54.J5 32.5.6.;♠5;♠A;3
N;NT;N:98..Q.52 74.T.2.J T.K.764. 63..T5.9;;♠8 ♠9 ♣2 ♣5;4
W;NT;N:97.5..J9 .A2.Q5.K K.Q.8.A7 J2..T.5;♦6;♥5 ♠7 ♠9 ♣9 ♣J;1
S;NT;N:..7632.Q J6.J2.9. .AT.Q.3 .84..T6;♦J ♠Q;♦2 ♦3 ♦6 ♦7;5
E;NT;N:.Q3.J8.7 2..T.AJ Q.7.95. T.J2..T;♣8 ♣K ♣2;♣7;5
W;NT;N:T.6.5.43 98.53.T. .42.K83. 5.T..A6;♠6;♠T;4
N;NT;N:.A7.KT.6 K.2.9.84 2.T3.4.9 T64..A3.;;♦T ♦K ♥7 ♥A ♣6;3
E;NT;N:T.Q843.. 64.J..8 3..2.AJ ...7543;♠5 ♥K ♠7;♠T;5
S;NT;N:K.J6.K7. ..T863.Q .3.9.K9 .QT.A.5;♥8 ♠7;♥6;3
S;NT;N:A5.95.J. J8.T.6.4 K.K.K.T Q4.2..Q;♣5 ♠6;♠5 ♦J;5
W;NT;N:.K2.65.8 K8.3.9.Q 2..T7.A9 .T96..7;♥J;♥K;5
S;NT;N:J9..T.95 .KQ82.9. 3.J3..2 ..K7.J3;♦Q ♦8;♦T;3
S;NT;N:AQ.Q.A7. ..J98.T8 .6.T.K5 2.5..73;♠9 ♠5;♠Q ♠A;4
W;NT;N:Q7.5.K5. .6.AJ6.3 AJ..Q.K7 6...J62;♦3;♦5;3
E;NT;N:..KJ75.9 843...3 T.9..J5 2.Q.3.8;♠K ♠5 ♦6;♦5 ♦7 ♦J ♦K;4
E;NT;N:.J3.K9.9 Q3.K.J. 5.94..6 T.75.7.;♣T ♦2 ♠2;♣9;1
N;NT;N:4.63.J.4 J6.K8.A. AK.54.8. 9.7.76.6;;♠4 ♦J ♥3 ♥6;2
W;NT;N:4..7.AQ2 A..T96.6 .QJ9..87 .7.AJ.4;♦3;♦7;1
E;NT;N:7.KJ8.A. K.5.K.A 2.4..94 ..863.J;♦Q ♣2 ♦7;♦A;4
S;NT;N:.Q.82.T9 54.63.6. 3.4.T9. A.2.K.2;♣6 ♥K;♣9 ♣T;3
N;NT;N:.4..J764 .Q8.A.KQ 4.K2.K.A K6.5.5.5;;♣4 ♥4 ♣6 ♣7 ♣J;2
E;NT;N:J..Q5.A6 4..2.54 AKT..8. 9.QT7..;♠2 ♦4 ♥2;♠J;5
E;NT;N:743..J.J Q.9..T8 .T.AQ8. J8.K..Q;♣6 ♣3 ♣9;♣J;4
N;NT;N:.3.73.Q2 JT..8.95 Q42.J..3 A8.AK2..;;♣Q ♥3;1
N;NT;N:93..QJ7. 54.T9..A 86..K.Q7 K.4.5.K4;;♠3 ♠9 ♦7 ♦J ♦Q;1
S;NT;N:72.A.7.6 .4.3.A84 K..Q52. J..A.Q7;♠A ♥8;♠2 ♠7;2
N;NT;N:.9.96.A4 T.KJT..3 A.2.72.2 K.Q.KJ8.;;♣4 ♣A;2
W;NT;N:.AKQ5..5 2.7..A72 KJ7.9.2. Q5..5.Q;♥6;♥Q ♥K ♥A;4
S;NT;N:4.K94..4 J72..A.K .87.72. 5.3.Q9.;♣A ♥T;♣4;4
N;NT;N:AT.97.7. 9.4.64.4 .Q32..82 .J.3.KT6;;♥7 ♥9 ♦7 ♠T ♠A;5
E;NT;N:6.8.J.A6 K.9.K.5 3.AT.9. .Q7.Q.K;♥J ♣8 ♦T;♥8;1
S;NT;N:.AQ.9.J8 84.4.T.6 73.T8.. 2..642.;♠A ♣7;♦9;5
S;NT;N:A5.K4.7. .9.J.T52 .J63.T. .AT..84;♥8 ♠Q;♥K;3
S;NT;N:T2.J9..Q J.Q7..T8 4.5.A9. .K4.7.7;♣9 ♣J;♣Q;1
W;NT;N:A.Q7.K.3 Q.A9.94. .K.J7.87 84.J..4;♠3;♠A;5
S;NT;N:Q..KT.A8 9.T.AQ.7 .4.97.4 KJ2...5;♠6 ♦8;♠Q;3
E;NT;N:9.2.J8.5 .K.7.K9 T..AQ.2 3.A.T.3;♣J ♦9 ♣T;♣5;1
N;NT;N:6...J762 J2..2.85 T.K.75.K 9.J8.6.A;;♣2 ♣6 ♣7 ♠6;2
N;NT;N:76.A.8.A JT.Q7.4. 9.54.A.J .3.KJ.Q2;;♥A ♦8 ♠6 ♠7 ♣A;3
N;NT;N:K6.6.2.T .9.J7.J9 J..QT4.8 2.3.6.A5;;♦2 ♠K;5
N;NT;N:763.3..J Q...A654 T4.K.9.9 .4.A854.;;♥3;1
N;NT;N:..AT4.K3 5..J.J86 83.5.95. 9.J9.63.;;♦A ♣K;4
S;NT;N:53..K.Q2 9..J3.86 AK.J..7 .9..AJ5;♠J ♥A;♠3 ♠5;4
S;NT;N:Q.T7.JT. .43..KJ9 .2.4.75 KT..7.3;♦5 ♣6;♦T ♦J;4
W;NT;N:J3.K.Q.A 6..KJ.T5 4.984.A. AQ9...9;♥5;♥K;5
N;NT;N:3.3.A82. 8.Q.7.A7 T4.K4.4. J9.95..3;;♥3 ♦8 ♦A;4
N;NT;N:QJ5..62. T2.T6.8. 7..AT4.5 9.Q.Q.T3;;♦2 ♦6 ♠J ♠Q;5
S;NT;N:9.84.K2. 543..3.6 .AJ.6.A T.9..72;♣T ♥Q;♦2 ♥4 ♥8 ♠9 ♦K;5
E;NT;N:J7.J.A.7 92.9.9. .T.Q3.3 KT5..4.;♦J ♥3 ♠6;♦A;3
S;NT;N:AQ43.6.. 2.5.T2.4 .3.4.76 T.2.8.K;♥J ♣9;♥6;2
E;NT;N:K5.82..T .T.A2.3 9.J6..K .A.73.2;♠4 ♣4 ♦9;♠5 ♠K;3
W;NT;N:4.84.K.5 T5.9.T.7 62..8.62 K.7.65.;♦Q;♦K;1
E;NT;N:J.T8.A.9 82..7.A ..T54.T T6.5..K;♦2 ♥K ♣Q;♦A;4
S;NT;N:4.Q98.3. Q95..J6. .T.5.82 ..AQ.T9;♠K ♥A;♠4;4
E;NT;N:K.J.74.7 3.T.Q.T A.AK..5 9.3.T.4;♥5 ♠8 ♣2;♥J;4
N;NT;N:.KT.Q2.4 6.6.T.K8 T8..K3.A 7.52.7.2;;♦2 ♦Q ♣4 ♥T ♥K;5
S;NT;N:.2..AK42 94.T94.. J.A5..6 .Q.Q9.J;♠3 ♦T;♣2 ♣4 ♥2 ♣K ♣A;4
W;NT;N:Q..KJ3.9 6.65.65. T93.3..6 .A.7.T8;♦9;♦J ♦K;4
N;NT;N:8.A.T5.K .K.AQ6.2 A5..97.Q T.86.8.4;;♥A ♣K ♠8;4
N;NT;N:76..95.5 2.AK3..K .92.J6.8 K.76.3.4;;♦5 ♦9;2
W;NT;N:.82.9.J8 542.5.A. 9..72.K2 8.A3.8.;♣5;♣8 ♣J;3
E;NT;N:K.J4.4.Q .K.KT.J 52.8.3. ..Q65.5;♥7 ♠3 ♠6;♥J;3
W;NT;N:K.T63.7. 98.5.3.J AQ..J.94 5.7.T.8;♠2;♠K;5
N;NT;N:J6.982.. ..Q5.T84 AT.J.9.2 4.3.J6.5;;♥2 ♠6 ♥8 ♥9;5
N;NT;N:6.5.9.94 3.T7..JT K4.9.3.3 A98...AK;;♣4 ♣9 ♦9;2
S;NT;N:T.T5.9.8 .K.2.Q43 9.43..K KJ..5.9;♦4 ♣5;♦9;3
N;NT;N:.QT.3.95 8.K.AQJ. Q2.4.9.8 75.8.5.4;;♣5 ♣9;2
W;NT;N:3..K8.Q5 96..74.3 2..T9.A9 84.KT..;♣7;♣5 ♣Q;4
W;NT;N:Q7...K42 J..Q.QT5 9.T.73.3 .3.AJ.6;♥2;♣2 ♣4;4
S;NT;N:8.96..J3 Q9.T2..2 73..8.7 JT..AJ.;♣6 ♦9;♣3 ♣J;2
E;NT;N:A.2.J.A6 6.A.85. 5.T.Q.5 T.J9.A.;♠J ♥8 ♣T;♠A;3
N;NT;N:.98.65.T 3.K2.J7. 4.4.K.J6 9.7.T43.;;♥8 ♥9 ♦5 ♦6 ♣T;3
E;NT;N:4.KJ..K6 7.A2.7. J.85..2 K..984.;♠3 ♠6 ♦K;♠4;3
E;NT;N:AQ..J3.T 5.3.Q.9 7.96.5. 6..6.K4;♣7 ♦T ♠K;♣T;3
N;NT;N:63...642 .T.T85.9 8.AQ.K.J A.3.6.A5;;♣2 ♣4 ♠3 ♠6;3
N;NT;N:7.9.T4.A A.4.K.K2 4..8752. .52.Q.95;;♦4 ♦T ♥9;3
E;NT;N:Q9..43.2 3.T.K.4 8.8..A5 4.Q7.2.;♣6 ♣K ♦T;♣2;5
E;NT;N:J.A87..A .5.J.82 .J2.4.J 843...7;♦9 ♦T ♠5;♥7 ♥8 ♥A ♠J ♣A;5
S;NT;N:Q.K.83.T K95..T6. J..4.Q2 A2.J..8;♥A ♥T;♥K;3
N;NT;N:Q.Q9.3.A J8.5.K4. 65.A8..5 4.K.T85.;;♥9 ♥Q ♠Q ♣A;4
W;NT;N:A5.Q.A.J 3.2.KT3. .A..T753 Q6.9..9;♦4;♦A;5
N;NT;N:6.9.Q4.T T..83.93 4.A2..K6 9..T2.AQ;;♦Q;3
W;NT;N:J4.J5.6. 6.T.K.T8 3.KQ64.. .8.4.76;♦Q;♦6;2
W;NT;N:J54..A.J A.K.842. 2.AJ9..9 .87.K.4;♠9;♠4 ♠5 ♠J;4
W;NT;N:K74..7.K T.KJ5..3 9.T.5.86 Q3..8.5;♣Q;♣K;3
N;NT;N:Q.95.J8. .KJ.T6.T 84...A98 T6.8.5.Q;;♥5 ♥9 ♠Q;3
W;NT;N:J.5.42.J Q82...73 9.A.Q3.2 K63.8..;♦9;♦2 ♦4;4
E;NT;N:JT6.T..2 2.3.6.A Q3.8.8. 5.4.K.T;♠7 ♠K ♥7;♠6 ♠T ♠J;4
S;NT;N:Q.754..8 75.6..Q9 .2.985. J..64.K;♠6 ♣2;♠Q;4
W;NT;N:Q5...T73 3.A62.9. 62.K..54 .5.83.A;♦2;♣3 ♠5 ♣7 ♣T ♠Q;1
E;NT;N:2.T.Q.94 A3.3..2 KT..3.K 9.94..Q;♦J ♠5 ♥K;♦Q;4
W;NT;N:.AJ.7.84 J74.K.9. ..A2.T63 K5..J.5;♠6;♦7 ♣4 ♥J ♣8;2
E;NT;N:J9.9.K.K QT..6.6 .A8.8.T .J5.T.4;♦9 ♥K ♠A;♦K;3
E;NT;N:.96..AK9 ..AK2.T .A.Q8.4 QT92...;♥2 ♠7 ♣5;♥6 ♥9;5
N;NT;N:7.Q.75.A T4.3.3.7 3.T.4.K6 96..J.42;;♣A ♦5 ♦7 ♥Q ♠7;2
N;NT;N:.7.Q8.K7 84.9.K6. 2.J8.74. .62.952.;;♣7 ♣K;4
W;NT;N:J.5.752. A.32..87 .T.98.A4 7.7.Q.K;♣2;♦2 ♦5 ♦7 ♥5 ♠J;2
S;NT;N:T98..Q.3 A...K986 ..AK8.Q QJ.T8..;♦T ♠7;♦Q;1
N;NT;N:.K.AT8.4 9.A.6.Q8 5.Q92.5. 82.T7..5;;♦8 ♦T ♦A;3
N;NT;N:2.9.7.T6 Q87.T8.. 5.QJ3.T. 63..A9.J;;♥9;3
N;NT;N:KT.K.K2. 72..Q7.T Q986...J J5.8.4.Q;;♠K ♦K ♥K;5
E;NT;N:.52.4.J8 A6..2.Q 43...A9 T.T.J.7;♦5 ♦7 ♥6;♦4;3
W;NT;N:J..43.98 9..7.432 T.K6.9.7 A3.Q9..;♥T;♠J;5
W;NT;N:.A3.7.K8 .J842..6 AT8.7..9 ..82.A7;♣4;♣8;5
W;NT;N:6.2.Q.T6 Q.KT3.8. 3.87..Q2 .4.T32.;♣7;♣6 ♣T;3
S;NT;N:7.7.7.QT 962.Q.9. A3...97 J..QJT.;♣A ♠Q;♣T ♣Q;4
E;NT;N:53.6.K6. A6.4.3. 8.Q2..J 4.3.Q.Q;♦9 ♥J ♦2;♦K;3
N;NT;N:Q5..J.Q6 .KJ94..J ..T732.A 6.A.8.72;;♣6 ♦J ♠Q;5
S;NT;N:.A6..A53 T873.T.. 5...J87 .73.3.K;♠K ♥9;♣3 ♣5 ♥6;5
E;NT;N:Q5.92..5 2.J4..3 4.T7..2 7..9.98;♥3 ♠6 ♣A;♥9;3
S;NT;N:9..T8.QT ..J93.J4 5.9.K.A .T.54.9;♥7 ♠6;♦8 ♦T;5
N;NT;N:A3.42..4 4.QT.J3. Q5..AQ.T .KJ..QJ5;;♠3 ♠A;4
S;NT;N:JT.4.53. 84.K..86 K.65.6. 3.A.T.7;♥2 ♠9;♥4;1
S;NT;N:92.T6..8 AJ5.J5.. .K.8.32 T8.4..T;♥A ♣J;♥6 ♥T;3
E;NT;N:53.T.53. .95.J.2 2..A7.Q T.J.9.K;♣9 ♠Q ♥8;♠3 ♠5 ♦3 ♦5 ♥T;1
S;NT;N:K2.96..4 5.7.K7.K .JT.8.5 .53.J.Q;♦6 ♦A;♠2 ♥6 ♣4 ♥9;2
S;NT;N:T..J3.Q5 98..T7.T 64..Q9. J5.A.8.;♣7 ♦5;♣Q;4
S;NT;N:K.J.9.93 8.3.8.J6 5.T.J.4 3..T72.;♣2 ♣8;♣9 ♣3;3
W;NT;N:6.4.T.92 98.JT5.. K..42.Q5 4..7.73;♣K;♣2 ♣9;4
N;NT;N:4.6.AQ.7 .AKQ.T.5 T.J.J7.8 J6.8.6.A;;♦Q ♦A;2
E;NT;N:8.K6..A8 .JT.3.6 .82.5.9 .9.J7.5;♣Q ♣T ♦T;♣A;4
S;NT;N:2.A9.8.8 .754.A3. 74.6.T. A.T3..J;♦9 ♦5;♦8;2
N;NT;N:5.T63..2 A.K.J.63 Q.Q84.A. ..KT8.AJ;;♥3 ♥6 ♥T ♠5 ♣2;1
E;NT;N:K52..6.7 8..8.Q6 .Q6.J2. JT9.T..;♥A ♠4 ♣4;♠2 ♠5 ♣7;2
E;NT;N:QJ.2.J.4 K84..Q. 93.3..7 .4.4.AQ;♠5 ♣5 ♠6;♠J ♠Q;2
S;NT;N:543..T6. K.8.Q98. .AJ4..2 .6..954;♥7 ♣3;♠3 ♠4 ♠5;1
S;NT;N:Q6.87.T. J7.A.63. 2..J8.Q 3.4.K.9;♠K ♥5;♠6;3
S;NT;N:K2.T.A.A 5..97.75 Q.6.T.Q 7.5.J4.;♦3 ♣T;♦A;5
W;NT;N:A8.4..Q6 Q.A2.95. .KJ.K4.5 2..A.T2;♦T;♥4;5
S;NT;N:987.K8.. 53.Q.3.Q J.A6..9 .5.K4.6;♠6 ♠Q;♠7 ♠8 ♠9;1
E;NT;N:A..QT52. .76.8.Q J...KJ4 6.A8.J.;♦A ♦4 ♦6;♦2 ♦5 ♦T;2
N;NT;N:AJ9...A3 K.3.QJ6. .7.972.9 T4.KJ.A.;;♠A ♣A;5
W;NT;N:A5.J.82. 7.873.K. ..43.Q65 QT..T9.;♠3;♠A ♠5;2
E;NT;N:Q.3.76.T 4.52..9 7..KQ.J .84.T.K;♣A ♦8 ♠T;♣T;1
W;NT;N:9.T.52.T T82...Q2 J6.54.9. A.32..6;♦K;♦2 ♦5;1
S;NT;N:.72.A9.3 75.K3..5 T6..5.2 AQ.8..7;♣8 ♥Q;♣3;3
N;NT;N:43.Q3..K T.764.9. A.A.K.QT J.82.8.4;;♠3 ♠4 ♥3 ♥Q ♣K;5
W;NT;N:J5.T.J6. .4.T8.K9 .93.2.84 4.A.AQ.;♥7;♥T;3
N;NT;N:.64.T5.J A2.2..Q4 3.Q.Q43. Q.A.9.K2;;♦T;3
W;NT;N:.A4.8.T8 Q.T.7.63 5.6.543. T8.9.T.;♣2;♣8 ♣T;4
W;NT;N:.Q9.6.KJ .5.KQ5.T 62.AT..4 ..84.A9;♣5;♣J ♣K;5
W;NT;N:2.5.Q5.K K.K..A72 .4.A8.J8 54..7.3;♣5;♣K;2
E;NT;N:A3..T4.T 2..J8.6 K.T.7.9 86.3.6.;♥A ♠7 ♠4;♠A ♣T;3
S;NT;N:.QT.T9.T J6..KQ7. T.K..93 5.6.J.J;♠9 ♦4;♦9 ♦T ♣T ♥T ♥Q;1
W;NT;N:2.K..J97 ..9.AK83 A.4.863. K6.A.Q.;♥J;♥K;2
W;NT;N:4.8.3.KQ 5.Q3.J2. A3.A4.4. 2.5..32;♥7;♥8;4
W;NT;N:QJ93.9.. 754..T9. A.T.5.53 .A8.87.;♦2;♠3 ♠9 ♠J ♠Q ♥9;3
S;NT;N:A.A.6.K3 .K.A74.8 3..T.54 9..82.J;♠2 ♠5;♠A;4
S;NT;N:.8.J8.62 .9.K94.3 Q.T.T.J 9.7.Q.7;♦7 ♥5;♦J;3
S;NT;N:9542.6.. K.J83..8 63...AQ 7...K73;♦6 ♥9;♠2 ♠4 ♠5 ♠9 ♥6;2
E;NT;N:3.9.J.T5 J..983. .632.6. K.5.T.2;♣9 ♠8 ♦A;♣T;4
W;NT;N:62..T8.A .KT8.AK. .A7.95.7 75.Q..3;♦2;♦8 ♦T;2
W;NT;N:873.6..T .J.A.765 A52..5.K 6.2.82.;♣9;♣T;4
E;NT;N:Q73.3.3. .8.86.8 54..A7. .K6.T5.;♥A ♠2 ♠J;♥3;1
S;NT;N:.6.T8.AK K.Q8.7.6 QT...T3 43.T.A.;♥A ♠6;♥6;3
S;NT;N:8.JT.4.9 5.52.6.3 J.3.J.K T.76..T;♦8 ♥K;♦4;5
W;NT;N:AQJ..J.3 .7.Q.KJ6 9..A.Q72 7.6.8.8;♣T;♣3;3
W;NT;N:9.J2.Q.2 Q.K85.3. T.T74..J 8.3.T.K;♠J;♠9;2
E;NT;N:K.A.T6.4 ..K85.8 A2..A.2 8.2.Q.9;♣5 ♦7 ♣A;♣4;3
E;NT;N:.T2.3.J7 A.J7..T 93.9..9 2..K82.;♦J ♠6 ♣5;♦3;2
N;NT;N:J8..86.8 T4.2.T3. .J8..AK4 AK.K.2.2;;♣8;3
S;NT;N:Q4..9.83 A3.Q8..5 9.2.2.J .A5.8.6;♦7 ♣K;♦9;2
N;NT;N:2..A7.J6 4..JT2.K 86..K9.5 73.K..Q2;;♠2 ♣6 ♣J ♦7 ♦A;3
E;NT;N:92...JT2 T7.A..9 5.JT.Q. .Q2.5.7;♠8 ♠6 ♦6;♠9;4
W;NT;N:.Q95.9.Q AQT83... .762.6.7 .KT.4.4;♣2;♣Q;2
S;NT;N:J3.A6.T. .J.9.T63 8.2.4.8 T4..65.;♥3 ♥9;♥A;4
S;NT;N:..J.AJ83 KT..T52. J.Q9..2 .5.K9.5;♦3 ♠8;♦J;5
N;NT;N:A.Q2.4.8 .A.K872. QT6...A9 7.K97..3;;♣8 ♠A;5
S;NT;N:8..K9.86 J..AJ.K2 .Q9.4.4 6.T.2.9;♥7 ♦8;♣6 ♣8 ♠8 ♦9 ♦K;3
N;NT;N:K.Q98.4. 9.7.T.J7 T..J76.9 J76.J.Q.;;♥Q ♦4 ♠K;4
E;NT;N:K65.J.4. QT8...J .86.3.A 9..Q.82;♦6 ♣9 ♦7;♦4;2
N;NT;N:.Q.AQ6.Q K.9.3.K7 7.A.T95. 4...J832;;♦6 ♥Q ♦Q ♦A;4
N;NT;N:.4.8.732 T.3.6.96 42.Q5.K. AKJ.A..K;;♦8;1
N;NT;N:.87.T.98 J2.T.A.J K3.2.KQ. Q.K.J3.3;;♦T;2
W;NT;N:6.5.8.AQ .A.KT.86 AK32.2.. .4.A4.3;♥3;♥5;1
N;NT;N:9.Q8.7.A 3.5.AJ.3 .K.T4.J6 J6..52.4;;♣A ♥8 ♥Q;3
S;NT;N:KT5.5.Q. 4.J83.K. 9.KQ9.. 7.7.AT.;♣6 ♣9;♠5 ♥5 ♠T ♠K ♦Q;2
E;NT;N:K..9.632 T4.4.4. Q..K.QJ 8.7.2.7;♦Q ♠6 ♣8;♦9;3
S;NT;N:T.5.J64. K.K.8.43 A2...J8 5.2.KT.;♦A ♦3;♦4 ♦6 ♦J;5
N;NT;N:..AK2.J5 K3.6..K2 T.43.J3. .T9.Q65.;;♦K ♦A ♦2;2
S;NT;N:.J.82.43 732.K5.. 8.8..A5 J.Q3.7.;♦3 ♣Q;♦2 ♦8;3
W;NT;N:.A5.2.K8 .K6.7.Q2 A.J4.KQ. .8..A74;♠T;♥5 ♦2 ♣8 ♣K;4
N;NT;N:Q.K.Q7.6 K.75.A.2 863..K.5 J5..T.K7;;♥K ♣6;1
E;NT;N:K..J.KT8 8..T8.9 A6..6.A .9.94.7;♥6 ♠7 ♥J;♣8 ♣T ♣K ♠K;3
W;NT;N:63..753. 984..A2. J.6.9.T3 .J.T.Q9;♣4;♠3 ♦3 ♦5 ♦7 ♠6;2
S;NT;N:2.J5.Q.9 .A6.6.Q7 J8..8.A AT.K2..;♣6 ♠K;♣9;1
E;NT;N:A.T.9.97 .9.A7.A J.A4.T. 2..3.J2;♦2 ♠7 ♣T;♦9;4
E;NT;N:63.97.9. T..8.JT .62.J.9 9.K.5.7;♦3 ♥A ♣A;♦9;2
S;NT;N:.Q4..T42 63.5.7.5 .T96.2. .K.98.8;♣3 ♦5;♣T;1
W;NT;N:QT8...T3 2.9.J3.2 3..Q4.Q7 .A2..J9;♦9;♣3 ♣T;5
W;NT;N:Q2.J3..5 K.72.3.Q .K.Q8.JT 6.8.9.K;♥A;♥3;2
N;NT;N:6.2.2.K7 T943...4 .9.K4.65 A82..T6.;;♣7 ♣K ♥2 ♦2;4
N;NT;N:.Q4.Q5.8 T5..JT.6 Q2.T.A6. AK.K2.4.;;♦5 ♦Q ♣8;3
E;NT;N:95.K8.2. J.A5.6. .4.9.K5 6..43.8;♦K ♠3 ♣J;♦2;2
S;NT;N:A.A4.7.7 K7.6.4.8 9.Q.J.K ..Q8.A3;♥9 ♦5;♥4 ♥A;3
W;NT;N:52.63..9 A7.84..T KT..AQ8. .J5.K4.;♥T;♥3 ♥6;1
N;NT;N:J6.K8.7. .A4..AQ3 Q2.9..T8 73.QT..4;;♠6 ♠J ♦7;3
N;NT;N:.3.AT3.6 5..5.JT9 A2.2.8.2 6.AJ4..3;;♦3 ♦T ♦A;3
S;NT;N:6..4.AT5 97.4.Q5. A5...98 .KJ.6.3;♦A ♣Q;♦4;5
N;NT;N:T5..6.J2 A4.54..K .Q.A72.7 K7.KJ6..;;♦6;3
S;NT;N:A2.J.KQ. Q84.A..9 7..J6.8 53.8.A.;♥6 ♦9;♥J;1
E;NT;N:.A8.8.J9 J.J9.3. .K..K83 62.2..7;♦Q ♠A ♠K;♦8;2
W;NT;N:Q7.92.J. J4..86.6 95...J53 T.T.Q7.;♦T;♦J;2
W;NT;N:J9..KT.8 5..97.53 7.T9..Q6 6.Q5.8.;♠8;♠9 ♠J;5
S;NT;N:.7.84.J8 K2.8.3.2 94...74 .J32..9;♦Q ♠A;♦4 ♦8;4
N;NT;N:3.62.T.T .KJ8..97 8.A53.5. A.7.K7.5;;♥2 ♥6 ♣T;2
N;NT;N:J2.T.2.J ..K43.Q7 5.KJ9..A AK9..9.4;;♣J ♥T;4
N;NT;N:A64...J4 KJ2.9..T 3..862.6 .6.4.AK9;;♠A ♣4 ♣J;1
S;NT;N:.9.A9.Q6 K43.2..8 85.4.2. Q6..K.9;♥A ♣3;♥9;5
W;NT;N:.A.42.J9 J.8.Q3.2 K.T6.6.3 Q3.J7..;♣Q;♣9 ♣J;3
N;NT;N:.82.Q.A9 QJ.AQ..3 A9.7.K.4 6.4.86.J;;♣A ♦Q;4
E;NT;N:KT3.7.K. J.K..Q9 75.5.A. .J8.J2.;♠9 ♣6 ♣2;♠T;4
E;NT;N:K85...A2 J3..A8. A.A9.2. 4.KQ.J.;♣9 ♦Q ♦5;♣A;4
S;NT;N:J..J2.73 .98.4.T5 .K3.Q5. 2..98.4;♦3 ♣2;♦J;4
E;NT;N:Q32.A.5. .T94.T. A7...J6 J..7.T3;♥J ♥8 ♥Q;♥A;5
N;NT;N:Q4.4.AJ. T..Q64.8 7.J..AT2 .85.K.75;;♠Q ♦A ♥4;5
W;NT;N:AJ9.6..A .Q.A2.QJ .85.Q8.7 ..J.T93;♣8;♣A;4
S;NT;N:9.J2..T8 AT..A.Q7 4.4.K.6 5.AQ..9;♥K ♠J;♥2 ♥J;1
N;NT;N:J654.5.. ..2.JT73 T..KT9.A 7.6.AQ.2;;♠J;4
S;NT;N:A..K4.95 8.KQ.T.3 .2.J.J7 5..3.AT;♦Q ♣Q;♦4 ♦K;3
N;NT;N:.K2.A.Q2 85..J.T5 3.73..J3 6.A.72.A;;♣2 ♣Q ♦A ♥2 ♥K;1
S;NT;N:J.5.82.7 T4...AT9 75.T.K. A8..J.6;♠3 ♠2;♠J;3
S;NT;N:.82.9.A7 T..J43.9 .964..8 Q.K..KT;♣Q ♦5;♣7;3
W;NT;N:84.Q.J.A .A9.A.K7 J7.J5.Q. Q.T.84.;♦6;♦J;1
N;NT;N:.QJ7..A7 2.T8.J3. .9.82.K4 A.43.K.6;;♥J ♥Q ♣7 ♣A;5
S;NT;N:..T72.K5 Q5.T.K3. KT.5..4 2.J..Q6;♣3 ♣A;♣5 ♣K;1
S;NT;N:J6..K98. 5.Q98.4. ...QJ85 .T4..K9;♠T ♥7;♠J;5
W;NT;N:72..63.T .53.KT.6 KQ.A4..8 .JT2..K;♠4;♠2 ♠7;3
N;NT;N:J.K2.3.7 K4.J8.A. .Q9.T.T6 .7.KJ97.;;♥2 ♥K ♣7;4
N;NT;N:8.J.K8.3 4.T.T95. Q3.54..5 A.73..J9;;♠8 ♥J ♦K ♣3;2
W;NT;N:K732..K. 9..3.KT4 64.42..6 QT..2.2;♠5;♠K;2
E;NT;N:3.T73.5. 92.2..8 ..86.Q6 4.Q..J2;♦K ♦7 ♣T;♦5;1
S;NT;N:Q..A63.2 .QT.QJ7. T3..4.8 4.K2.5.;♦8 ♠9;♦A;4
W;NT;N:87...K74 K..95.A8 Q4.K4.2. .63.J4.;♠A;♠7 ♠8;1
S;NT;N:KT8.3..A Q5.QJ5.. .2.A.Q8 63..K.4;♠4 ♦9;♠K;2
S;NT;N:T92.6.8. .75.KQ3. .J432.. .A.A92.;♣7 ♠3;♠2 ♠9 ♠T ♥6 ♦8;1
E;NT;N:2..Q2.85 8.K8..7 K97..A. A.73.K.;♠T ♦T ♠J;♠2;1
N;NT;N:8.AT7..3 J..KJ.A7 .KJ95.Q. .8.A65.2;;♥7 ♥T ♥A;4
E;NT;N:T93..4.J 8.J7.J. J..A72. K..6.74;♥9 ♥6 ♣6;♠3 ♦4 ♠9 ♠T;1
N;NT;N:64.3.K.2 .A65.8.J Q92..J.A T5.4..73;;♣2 ♦K ♠4 ♠6;3
N;NT;N:K..A9.85 7.3.T.73 6..J7.96 AJ8..KQ.;;♣5 ♣8 ♦A;3
E;NT;N:.5.K.A83 K.82.J. .K.6.Q5 .AJ6..7;♠9 ♠J ♣K;♥5;5
N;NT;N:9.63.83. JT.A8..8 .T54..73 72.K..A5;;♦3 ♦8;2
N;NT;N:92.Q.J5. .J72.42. .A6.6.A5 J6.9..J8;;♥Q ♦5 ♦J;4
S;NT;N:J.J84..9 9752...T .T3.Q.J AQ..K.3;♥K ♥2;♥4 ♥8 ♥J;4
E;NT;N:K.7.73.2 J.32..7 6..62.4 3.6.98.;♠8 ♦T ♣6;♠K;2
W;NT;N:9.J7.T.J KQ74.3.. 2.2.J96. 8.84.Q.;♦7;♦T;4
S;NT;N:75.T2..2 Q6.Q.5.Q J.54..8 9.J.K.A;♠4 ♣4;♠7;1
W;NT;N:Q.K.J2.T 74..T8.6 T2.3.64. A.4..85;♣J;♣T;1
S;NT;N:J4.42..A K3.J.Q.7 6..AJ.3 Q.K9.3.;♠2 ♥3;♠4 ♠J;1
N;NT;N:T2..8.J7 9.AK.QJ. A.53..AQ 87.Q9.6.;;♠2 ♠T ♣7 ♣J;3
N;NT;N:2.7..QJ3 K7.4.9.2 A.T8.A.A T.9..KT4;;♥7 ♠2 ♣3 ♣J ♣Q;5
S;NT;N:.4.A.KQJ .T.T53.6 KQ2.8.. T7.7.2.;♠9 ♦K;♥4 ♣J ♣Q ♣K ♦A;4
N;NT;N:.Q83.63. .T2.85.J A.9.9.K6 QJ4..J.2;;♦3 ♦6 ♥Q;4
S;NT;N:Q.8.6.75 7.K97.2. .2.Q.T6 .A.K.K9;♥4 ♦7;♥8;1
S;NT;N:T82.K2.. Q.3.7.A9 .5.K3.7 .76..63;♦6 ♣Q;♥2 ♠2 ♠8 ♠T;1
N;NT;N:K843.6.. 6.2.A.54 .75.32.7 ..76.Q98;;♥6 ♠8 ♠K;5
E;NT;N:95.32..8 .8.85.Q KJ..Q.9 A.J.A2.;♠2 ♦3 ♣4;♠5 ♠9;1
N;NT;N:3.7.Q9.7 .863..Q5 A..K3.T4 8.42.8.J;;♠3 ♦9 ♦Q;3
E;NT;N:AQ82.K.. T5..Q.7 9..432. K.Q..64;♠4 ♠6 ♦T;♠2 ♠8;5
N;NT;N:J6.J..A7 2.43.Q.6 .K..JT84 75..K7.3;;♣7 ♣A ♥J ♠J;5
S;NT;N:A..87.KT 9..T94.A .Q8.52. T2..A.J;♠7 ♦6;♠A;1
E;NT;N:JT..A8.Q Q87..7. 4..96.7 .4..A54;♣3 ♣J ♣T;♣Q;4
S;NT;N:2.J.5.Q4 .2.Q9.A5 7.54.4. 6..32.7;♣K ♣6;♣4;2
E;NT;N:.J93.6.3 .Q2.3.8 .8.J.T6 JT.T..5;♠A ♠K ♥4;♥3 ♣3 ♥9 ♦6;3
W;NT;N:98.4.A3. .6.K.KT7 3.K9.J.Q .Q.8.85;♦2;♦A;5
S;NT;N:QT8..4.J 94.8.92. .7.6.65 J2.3.A.;♦3 ♣Q;♦4;2
N;NT;N:94.T.2.K 73.7.J.3 8.9.8.J6 ..KT3.87;;♣K;5
S;NT;N:.8.K83.5 3.4.75.4 AQ..A2. T7..T.K;♥A ♥9;♥8;5
W;NT;N:3.T.4.87 K.J82.2. 76.A..K6 8.3.A3.;♦5;♦4;1
S;NT;N:.KJ75..4 Q.Q.A.A3 .A.973. 5.4..82;♠A ♦5;♥5 ♥7 ♥J ♣4 ♥K;2
E;NT;N:8.J7.73. 4..KQT. 6.3..KT T...752;♠3 ♥K ♠K;♠8;3
S;NT;N:AK.6..97 9..973.4 4.Q.4.A T6.8..K;♣8 ♦2;♣7 ♣9;5
E;NT;N:3.Q.7.J8 2.4.3.6 J.T9.4. 9.J8.Q.;♣3 ♠A ♠T;♣8 ♣J;4
E;NT;N:3..AT7.Q A.J.2.3 .Q2.93. 8.64.6.;♦5 ♣8 ♦J;♦A;5
N;NT;N:.K9.A7.T A52.Q.J. .4.Q.QJ6 43.T.T.9;;♥K ♦7 ♦A ♣T;5
E;NT;N:.K7.T5.T 6.T5.A. .9.J.K6 .2.Q3.J;♠A ♥J ♥3;♦5 ♦T ♣T ♥7;2
S;NT;N:Q..T3.AK JT.Q3.9. A7..2.4 .5.4.T9;♣6 ♥K;♣K ♣A;5
S;NT;N:..T432.T T.A.J8.6 ...KJ95 J73.7..;♠9 ♠8;♦2 ♦3 ♦4 ♣T;2
W;NT;N:Q.JT.4.5 .7.A9.86 74..83.J 82.8.2.;♥5;♥T ♥J;4
S;NT;N:7.QJ..82 .53.J.75 2.86..9 54..2.J;♦3 ♥2;♣2 ♣8 ♥J ♥Q;2
N;NT;N:.9.KJ4.T T7.A..75 Q64.5..6 K.JT.T.K;;♦J ♦K;3
N;NT;N:JT..8.KJ 8.K.9.43 A.J3.T.Q 95.7.7.9;;♦8 ♠T ♠J ♣K;5
W;NT;N:.J92..K5 .3.K.A72 Q3.Q.Q.T 9.76..3;♥5;♥2 ♥9 ♥J;3
S;NT;N:2.8.AQJ. K3.4.7.5 .Q.3.AT 9.A.2.4;♦8 ♣8;♦J ♦Q ♦A;3
W;NT;N:.984.6.5 .65.74.7 K96.A2.. .J7.K.8;♣T;♣5;2
W;NT;N:.AJ.7.73 7.43.T5. Q.6.8.98 5.KQ..2;♥7;♥J;5
S;NT;N:3.9.74.3 6.KJ3.2. K.T2..T 95...96;♠J ♣K;♠3;3
E;NT;N:75..T.93 T2.9..5 .6.964. .T..KT7;♦7 ♥K ♠4;♦T;1
W;NT;N:7..QT.A2 T3.5.4.T 82...J53 .74.9.K;♦3;♦T ♦Q;5
N;NT;N:J.2.A2.T 3.7..J97 K..KQ.65 2..J5.KQ;;♠J ♦2 ♦A ♣T;3
W;NT;N:J742.A.. A6.Q4.3. .6.J4.86 T.J.92.;♠9;♠J;3
S;NT;N:7.3.J86. T.42.7.2 K3..A.3 .J7.KQ.;♠9 ♥Q;♠7;2
E;NT;N:K4..Q.J3 .Q83..6 A62.J.. ..42.42;♦5 ♥A ♣7;♦Q;5
N;NT;N:T8.K.A5. 96.5.Q8. K3..K.A5 .J3.73.9;;♦5 ♦A ♠8 ♠T ♥K;5
N;NT;N:A8.Q..T5 7.7.9.K4 T.A9.A.Q J2.85..A;;♥Q ♣5 ♣T ♠A;4
W;NT;N:KJ..K6.K T9.9..J2 .A4.92.4 86..3.Q;♠3;♠J ♠K;5
N;NT;N:.J63.T3. 4.9.76.3 2.Q4.K.2 9.A7.Q.T;;♦3 ♦T ♥3 ♥6 ♥J;2
W;NT;N:Q2.3.2.7 8..Q6.J4 .AQ62..8 K6..T.5;♠5;♠Q;5
S;NT;N:T.J.83.A 3..9.T97 A52...J 7.K..Q5;♦6 ♦K;♦3 ♦8;3
N;NT;N:54.2.2.4 9.QT3..J 2..KQJ.6 A..98.K7;;♦2;3
N;NT;N:K7.93..6 5.Q6..A3 6.7.9.52 42.J42..;;♠7 ♠K;2
N;NT;N:J5..KQ.5 .J952..J 2.43.T.A 3.K7.J.9;;♣5 ♦Q ♦K ♠5 ♠J;5
E;NT;N:AQ.9..T3 J.J.T.Q T.KQ2.. 82.7.K.;♦A ♠K ♠6;♥9 ♣3 ♣T ♠Q ♠A;2
W;NT;N:5..A5.J2 .T92.8.4 Q7..32.7 6.J7..6;♥3;♣2 ♦5 ♠5 ♣J;2
E;NT;N:K.3.975. 73..J.6 T.K7.A. ..4.T87;♠Q ♥5 ♥8;♠K;5
W;NT;N:5.8..Q85 A6..QJ.9 .J2.9.KJ .A.87.4;♣2;♣5 ♣8;3
S;NT;N:83.8.K.A A.3.A.T5 .5.J4.Q .T6..K8;♣J ♦T;♣A;1
N;NT;N:64...K75 .Q7.83.8 Q975..6. J2.6..A9;;♠4 ♠6;1
N;NT;N:J7.JT..4 .8.J84.6 .93.96.K Q..KT53.;;♣4 ♥T ♥J;3
E;NT;N:QJ6.T.A. A7.9..T .5.92.4 8..63.7;♣6 ♠4 ♣A;♠6 ♦A;2
S;NT;N:K.4.T9.3 T.2.J76. 8.Q8..T 3.T5.K.;♣8 ♥7;♣3;4
W;NT;N:86.A8..2 3.Q.63.3 K95..75. ...AJT7;♠Q;♠6 ♠8;5
S;NT;N:.Q.7.853 J3.95..T .A.K54. T.J3.9.;♠8 ♦Q;♣3 ♣5 ♣8 ♦7 ♥Q;2
W;NT;N:85.9..A2 72.2.3.T .87.7.Q6 Q.4.8.J;♦6;♠5 ♠8 ♣A ♥9;5
E;NT;N:.A.6.QJ3 3..8.A8 .J96.4. .8..764;♦9 ♠8 ♠T;♦6;1
N;NT;N:3..53.K3 Q54...A6 KT.3.Q.8 2.6.AK7.;;♠3;3
S;NT;N:J.Q.95.7 .762.T.J KT.4..K .83.A.Q;♦3 ♦2;♦5 ♦9;4
S;NT;N:A.AK..T2 8..93.Q8 JT.J.8. .T9..J9;♠Q ♥3;♠A;3
E;NT;N:5.J.5.97 .K.7.T5 ..K9.62 96.5..Q;♥3 ♠A ♥2;♥J;3
N;NT;N:J5.9.A.Q .53.Q7.5 K42.2.3. 6..4.743;;♦A ♠5 ♠J ♥9 ♣Q;5
N;NT;N:KQ6.7..7 T2.43.7. 4.Q5.5.6 7.96.8.Q;;♠Q ♠K;5
S;NT;N:KQ.J76.. 6.A..K43 ..97.Q9 .T3.T3.;♦2 ♠8;♥6 ♥7 ♥J ♠Q ♠K;2
N;NT;N:A86.3.A. .KQ.T.74 72.74..2 K5.AT.4.;;♦A ♠A;2
N;NT;N:7..T.AT7 JT3..A.J 5.JT.K.Q .K643.7.;;♣A;3
N;NT;N:J.T.J5.Q 8.Q87.3. 32.K..42 K.93.4.3;;♦5 ♦J ♣Q;5
E;NT;N:87.32..Q A6...94 Q.T.43. 4.74..2;♦6 ♥6 ♣8;♥2 ♥3;3
W;NT;N:.K62.9.T 4.T4.4.7 2.7.7.96 9.3.A.5;♦6;♦9;3
N;NT;N:K5.82.6. AJ9..J.4 T.A.Q54. 8.5.8.Q2;;♦6 ♥2 ♥8;4
W;NT;N:.A4.2.AJ 7.K7..T8 T.J3.T4. J.6..Q7;♠5;♥4 ♦2 ♣J;5
N;NT;N:9.J2.7.2 .K9.3.Q6 .A.T6.A8 7.T8.A.T;;♠9;4
S;NT;N:A5.K65.. 7.T4.K7. .AQ.4.4 J82...7;♣Q ♠3;♠5;5
N;NT;N:T5...Q84 A2.8.4.J 3..8.972 QJ...K65;;♠5 ♠T ♣Q;1
E;NT;N:J.84.T.4 K7.7..7 A.J.AQ. .5.7.95;♣2 ♦2 ♣6;♣4;2
E;NT;N:86.8.J.4 .4.8.A9 .3.KQ2. .Q.A.K6;♠7 ♠3 ♠2;♠8;2
N;NT;N:JT65...6 A8...A52 K3..85.8 Q4.Q3..4;;♠T ♠J ♠5 ♠6 ♣6;1
S;NT;N:7.Q.4.54 .K.Q.J83 86...AT 92.7.J.;♦2 ♥A;♦4;2
N;NT;N:T9.Q.K2. K.J86.A. A4.K.J3. .2.T4.K9;;♦2 ♦K ♠9 ♠T;4
E;NT;N:6.85..A2 42..6.9 9.T6..T Q7.3.2.;♦T ♦5 ♠8;♣2 ♠6 ♥5 ♣A ♥8;1
W;NT;N:K..Q6.KJ A6.6.K.6 J4.Q.T.3 T9.8..8;♦3;♦6 ♦Q;3
S;NT;N:.432.A3. Q.8.J.65 9.Q7.7. 2.9.5.J;♠5 ♥T;♥2 ♥3 ♥4 ♦3;3
W;NT;N:.AJ.2.97 Q5..4.T3 82.5..64 .2.AJ8.;♥4;♥J ♥A;2
W;NT;N:Q8..6.96 52.7.A.K 76.Q86.. A...873;♦2;♦6;2
N;NT;N:.A9.Q9.3 Q.T.K6.T A6.7..J9 8.84.54.;;♥A ♣3;5
E;NT;N:K..9.Q75 Q8..4.3 T..T6.2 53.AT..;♣K ♥7 ♣8;♣5 ♣7 ♣Q;4
W;NT;N:J.9.T.K6 Q..Q.QT5 97.Q84.. 2..K7.4;♥J;♥9;3
W;NT;N:Q.T.3.98 T.A.652. A.K.A.K6 6..JT.3;♣4;♣8 ♣9;4
E;NT;N:6.JT..T6 J.7.AT. Q.KQ9.. .53.74.;♦2 ♥6 ♣9;♠6 ♥T ♥J ♣6 ♣T;2
W;NT;N:J94.K4.. .J.3.Q96 .A.Q6.K5 6.9.4.8;♠T;♠J;5
N;NT;N:T2.7.7.T 8.KQ3..7 5.A.Q3.5 43.5..86;;♠T ♥7 ♣T ♦7;5
S;NT;N:KT.2.2.9 5.T8.5.A 3.7.6.T 82...Q8;♣2 ♦J;♣9;2
N;NT;N:5.2..Q74 Q..A7.93 .A96.QJ. ..K53.K5;;♥2;3
S;NT;N:J.62..K9 K..Q2.52 .8.AT.3 .74..Q6;♠5 ♦3;♠J;4
E;NT;N:Q.2.Q3.8 A7.T..K 6.A7..5 K3.4..Q;♦6 ♦9 ♦7;♦Q;4
S;NT;N:..AJ.K82 T3.T4..A 4.5.6.J .63.98.;♠6 ♣Q;♣2 ♣8 ♣K ♦J ♦A;1
S;NT;N:AK94..T. J5.952.. ...9752 Q7..A.6;♣8 ♥Q;♠4 ♠9 ♠K ♠A ♦T;5
W;NT;N:6.6.J.K8 7.8.Q.64 Q.A2.3.3 4..5.72;♥3;♥6;5
N;NT;N:KQ.Q..Q2 4.3.4.A3 6.6.53.4 J2.2.K2.;;♥Q ♠Q ♠K ♣2;3
W;NT;N:9.J9.T.Q 3.76..T2 .54.875. 6..J.74;♠T;♠9;2
E;NT;N:J.2.73.J 54..AT. 6.T6.6. .K95.J.;♣6 ♣2 ♦4;♣J;2
W;NT;N:84.4.9.J 9.9.8.T6 6.5.KT6. QJ.2.Q.;♠7;♠4 ♠8;3
S;NT;N:3.4.A.92 J.J6.3.5 Q4..J5. 95.9.2.;♥7 ♦9;♥4;3
S;NT;N:6.75..Q6 4..2.542 A.4.T9. 2.8.4.T;♦J ♦8;♣6 ♠6 ♥5 ♥7 ♣Q;4
E;NT;N:K6.A5..Q .T9.Q.3 5.2.82. T.64.9.;♣7 ♦5 ♦J;♣Q;4
S;NT;N:7..6.742 3.T.A.93 T2..3.J .4.K5.K;♣T ♥6;♣2 ♣4 ♣7;3
S;NT;N:.3.K942. K8..8.42 T3.4..9 A2...AT;♣8 ♠9;♦2 ♦4 ♥3 ♦9 ♦K;2
N;NT;N:9.J.8.T9 .7.54.J5 532.K..Q .T2.76.6;;♥J ♣9 ♣T ♦8 ♠9;5
N;NT;N:.J652.K. 982.AT.. A4..32.4 .84..JT6;;♥5 ♥6 ♥2 ♥J ♦K;3
W;NT;N:5.A.5.63 .KJ.A8.Q Q2.8.T9. J.32..7;♠4;♠5;3
W;NT;N:2.K82.A. KT8..3.3 ..5.A842 6.A9..7;♦K;♦A;2
S;NT;N:9..A42.9 J3.Q.K8. K.86.6. QT.A.9.;♥4 ♥3;♦2 ♦4 ♠9;3
E;NT;N:.98.96.6 84.73.. J..3.J8 Q9...73;♦7 ♦T ♥5;♦6 ♦9;5
N;NT;N:.K.KQJ.J Q9.T.A.8 .432..K2 5..5.T63;;♥K;4
N;NT;N:4..AT.J2 Q.73.74. 9.KQ.6.T 5.J6.Q.A;;♦A;4
E;NT;N:2.KQ.6.2 ..2.J96 64.6.7. J8.T.4.;♣T ♥2 ♦A;♣2;1
E;NT;N:..A5.J62 2.J.2.4 A.76..3 J...KT7;♠7 ♣5 ♦T;♣2 ♣6 ♦5 ♦A;1
N;NT;N:QJ74...Q K.K7.5.J 92.Q..K4 A.J.T4.3;;♣Q;2
W;NT;N:4.A.AK.Q 9.Q..J65 6..65.93 T.K.9.2;♥T;♥A;4
S;NT;N:T4.4..84 K9.J52.. .K876.. 8..AT.A;♣7 ♦K;♣4 ♣8;3
W;NT;N:AJ5.6..Q .AQ.95.3 9.9.T.J8 .82..62;♣5;♣Q;4
E;NT;N:K9..A.84 5.QT.8. Q.J.96. 7.7.2.7;♦7 ♠8 ♠3;♦A;5
S;NT;N:86.6..87 .A.T3.62 A.K..Q3 .93.52.;♦Q ♣4;♥6;5
N;NT;N:K5...T63 3.3.JT6. 8.86.8.8 .Q2.Q2.A;;♠K;2
N;NT;N:7.765..4 J.KJ2..9 6.93..T5 K.84.73.;;♣4;2
S;NT;N:A.98..86 K3.5..Q3 .T6.T7. Q.Q.A.T;♠T ♥7;♠A;1
N;NT;N:T.KQ5..9 .4.K63.6 2.9.85.8 Q93.6..T;;♥Q ♥K;3
W;NT;N:96..T2.Q AK..3.J3 .4.AK9.8 .AT.6.6;♠7;♠6 ♠9;3
W;NT;N:2..A7.A4 94.3.Q.J J3.7.K5. 86.T..2;♥9;♠2 ♣4 ♦7 ♦A;3
W;NT;N:74.7.T.J Q9.3..QT 3..K54.K .6..752;♦J;♦T;4
W;NT;N:2.754.3. .Q.Q8.AT AKJ.93.. ..AKT.Q;♠4;♠2;3
E;NT;N:5.T8.Q.A K2..4.K 3.J.96. .A62.8.;♥7 ♥4 ♣9;♥8 ♥T;3
N;NT;N:J6.A.J.6 82.52..2 K.QJ.5.Q 74...KJT;;♥A;5
S;NT;N:7.2.5.QT A..3.KJ6 KJ.K7.. 3..K72.;♦J ♥J;♦5;3
N;NT;N:3..9.J93 K62..Q4. .74.A.AK Q.8.K73.;;♦9 ♣3 ♣9 ♣J;3
E;NT;N:.75.K3.T A.82.A. 8..Q9.5 5..T7.2;♣Q ♥3 ♣J;♣T;1
W;NT;N:.75.A7.2 QJ.9.2.T 83.84..J .K.95.Q;♦Q;♦A ♦7;1
W;NT;N:2.A6..85 .QJ4.K.A 76..8.Q7 3.K.Q6.;♦9;♣5 ♥6 ♣8;3
W;NT;N:.6.Q5.75 .Q.J73.K T6.KT..4 72..4.Q;♠9;♦5 ♣5 ♣7 ♥6 ♦Q;3
E;NT;N:98.A5.7. K7.4.4. .86.5.3 3.3.8.2;♣J ♣Q ♦Q;♥5 ♥A ♠8 ♠9 ♦7;4
W;NT;N:J.T.6.QJ 4.7.2.T2 8.A85..5 9..Q7.6;♣4;♣J ♣Q;5
S;NT;N:.2..KJ98 A.J863.. .QT9..4 .K.T8.7;♠7 ♠3;♥2 ♣8 ♣9 ♣J ♣K;1
N;NT;N:73.J7.9. .K.AQ5.A 6.T.K3.8 Q8...K92;;♦9 ♥7 ♥J;1
W;NT;N:.76.7.93 K.9.98.2 J3.A3..5 T4.K.3.;♠A;♣3 ♥6 ♥7 ♦7 ♣9;2
W;NT;N:AT8..Q8. 2.5..A96 J9.8.73. 64..9.K;♣3;♠8 ♠T ♦8 ♦Q ♠A;2
W;NT;N:.98..Q92 K.T7.Q.J 84.A.J9. 5...KT3;♠7;♣2 ♣9 ♥8 ♥9;2
W;NT;N:K64.9.3. Q.5..QJT 85.6.2.A .4.A5.5;♠2;♠K;5
N;NT;N:J..A2.73 3.T.K6.K .865.J9. Q8.43.5.;;♦A ♣3 ♣7 ♠J;1
E;NT;N:54.A.4.T T3.7..5 A.93.6. 7.8.95.;♠9 ♥T ♦K;♠4 ♠5;3
S;NT;N:95.Q.43. J2..Q.K4 .A.AK9. .J3.6.7;♥4 ♥6;♥Q;5
S;NT;N:42.J3.T. 6.4.J.J8 5..32.K A.8.K.2;♦5 ♥6;♦T;2
S;NT;N:532.Q.5. 6.7.Q7.2 K9.8..T 7.K.J.9;♠4 ♥T;♠2 ♠3 ♠5;1
W;NT;N:.87.43.K 965.9..5 Q.K.K7.9 K.5.9.3;♦T;♦3 ♦4;4
S;NT;N:K..Q5.84 J9..94.7 .J8..T2 2.A9..A;♦8 ♠7;♦Q;3
S;NT;N:J.QT.6.6 .J6.T9.4 .A.Q.J5 T85...2;♥8 ♣Q;♥Q;5
S;NT;N:.T9.KQ.3 J.84.86. AK.Q.4. 943..T.;♥6 ♣4;♥9 ♥T;5
N;NT;N:A.2.8.AJ 4.74..98 3.63.6.4 .9.K9.K2;;♠A;3
S;NT;N:T8.A..J4 2..QJ6.K 3.6.74. K9.J.2.;♦K ♥9;♠8 ♠T ♣4 ♣J;2
S;NT;N:Q..A92.7 4.A97.7. J8.64.. .K..JT3;♠7 ♣5;♠Q;4
W;NT;N:Q2..K.Q8 93.7.T.2 4.A..743 J8.5.6.;♠5;♠Q ♠2;4
N;NT;N:AKT..J4. 3.43.2.9 J8.9.3.4 .QT.7.73;;♦J ♠T ♠K ♠A;5
N;NT;N:.K8.53.7 AQT3..J. .3.7.T83 .Q95..A9;;♥K;2
E;NT;N:642.K.Q. K..T83. .T532.. A.4..92;♦5 ♥8 ♠J;♦Q;2
E;NT;N:AT.4..64 .K.A4.8 3.2.2.J .Q6.76.;♥3 ♣7 ♦J;♥4;5
W;NT;N:K.7.A6.T 6.3.KT.2 5..J73.J A.8.9.8;♥Q;♥7;2
N;NT;N:AJ.5.93. .KJ6.J.2 K6..T6.4 532.A2..;;♠J ♠A;3
E;NT;N:9.8.65.Q A...984 3.K.3.K 6.2..62;♦T ♦A ♠7;♦5 ♦6;4
N;NT;N:J4.A.2.8 .K83.A.Q A8.4.8.4 .T7.KT.3;;♣8 ♥A ♦2 ♠4 ♠J;3
W;NT;N:K6..Q.62 T.7.9.83 .6.A.954 93.K3..;♥9;♣2 ♣6 ♠6 ♦Q;2
W;NT;N:74.J..QJ .53.K2.K 982.T6.. .A9.Q.8;♣3;♣J ♣Q;1
E;NT;N:.Q9.K.73 .7.42.2 J.3.3.A 54.6..Q;♣T ♣8 ♦T;♣3 ♣7;4
N;NT;N:J..KT7.7 AQ6...T6 ..532.A5 8.KT.J.4;;♦K;5
S;NT;N:JT6.J..4 Q.965.5. 85..94. 9...J85;♣6 ♠2;♣4;4
S;NT;N:.6.T8.Q7 T9.84..6 A..2.42 K6...T9;♥3 ♣J;♥6;3
N;NT;N:J.T2.T.9 9.J5..T3 .7.A.Q54 T8.4..A2;;♣9;3
W;NT;N:QT42..4. .K64..84 J.AJ9.9. 3.8.K.J;♣3;♠2 ♦4 ♠4 ♠T ♠Q;2
N;NT;N:A.76.3.5 6.93.92. QJ.Q.Q.8 .K.J4.T2;;♠A;3
E;NT;N:K.Q.97.T 5.98.4. 9.A.8.8 .K.2.A9;♦K ♥6 ♦A;♦7 ♦9;2
W;NT;N:.KJ5..72 KJ..J6.K .4.Q5.J8 A3...54;♠5;♣2 ♣7 ♥5 ♥J ♥K;1
E;NT;N:7.7.65.6 T.AQ.8. Q4..Q9. 5.K85..;♣A ♦T ♣3;♣6;1
E;NT;N:.J43.4.J J..8.KQ ..A6.87 .AQ6.9.;♠6 ♦3 ♥8;♥3 ♥4 ♦4 ♥J ♣J;1
E;NT;N:5.9.K.86 .5.65.7 J2..J.4 94.7..5;♣T ♣Q ♣9;♣6;5
S;NT;N:A54.T.3. 6..K.AK6 3.A6.Q. .K.T7.4;♥8 ♠8;♥T;4
N;NT;N:Q.64..Q6 4.83.5.2 T.A.A7.A .QT2.93.;;♣6 ♣Q ♥4 ♥6;5
E;NT;N:4..K.832 T3.QT.. J.2.J.Q A.4..A4;♦2 ♦8 ♠7;♦K;1
E;NT;N:72..75.6 .64.A3. .2.4.Q8 6.9.J.J;♥A ♠Q ♠J;♣6 ♠2;1
S;NT;N:7..2.Q42 8.J..K86 .K5.AQ. .2.9.73;♠4 ♦8;♠7;3
W;NT;N:KJ7.T.7. Q5.J.Q.6 .Q82.8.4 T8.97..;♠6;♠K;2
S;NT;N:Q..Q7.K6 3.T.A86. .9..AQT .42.9.3;♦5 ♠9;♦Q ♦7;1
W;NT;N:AQ.J9..A 5.A.T5.T 4.52..98 ..Q6.62;♦8;♥9 ♥J ♠Q ♠A;1
W;NT;N:6.8.J85. Q..43.T3 T.J..AJ5 2..A.92;♣4;♦5 ♦8 ♦J ♠6 ♥8;3
S;NT;N:6.2.7.95 53.3.9.T T.A.53. ..A62.Q;♣J ♣4;♣5 ♣9;3
S;NT;N:.96.T.J7 .7..K953 J..K9.8 .J.A4.6;♠6 ♥Q;♥6 ♥9 ♣7 ♦T ♣J;2
N;NT;N:KT.AQ9.. 4..83.J5 3.5..AK3 .K.965.6;;♠T ♠K ♥A;5
E;NT;N:Q.T.T.J4 7..Q8.3 6.874.. T..J.62;♥3 ♥6 ♣A;♥T;3
W;NT;N:QJ.7.42. K..6.J98 A.T6.K8. 74..3.Q;♣4;♦2 ♦4 ♥7 ♠J ♠Q;3
N;NT;N:..42.AJ7 .2.AQ.T6 Q4.Q..95 K5.95..Q;;♣A ♦2 ♦4 ♣7 ♣J;3
E;NT;N:A.5.J7.T .K4..93 4.Q9.Q. J7..3.4;♣K ♠2 ♦5;♣T;1
S;NT;N:84.54..8 32.J2..2 6.K7..K .Q86..3;♣T ♥T;♣8;5
W;NT;N:K2.K9.4. .T62.AK. 3.7.7.63 T5.8..T;♣A;♠2 ♦4 ♥9;2
S;NT;N:K7.K6..Q .9.KQ5.4 .8.A4.9 8.A.7.6;♠3 ♥Q;♠7;4
N;NT;N:AQ6.2.Q. 7.J9.2.9 T2..87.4 .K.J9.J6;;♠6 ♠Q ♠A ♦Q;4
S;NT;N:.75.6.K7 AK.8.T9. .9.A.A9 .4..QJ2;♣8 ♠9;♣7;5
E;NT;N:.J7.T.J7 .Q42.K. .T5.J.6 75.3..8;♠4 ♥9 ♦3;♣7 ♦T ♥7 ♥J;2
E;NT;N:87.8.A.Q 53.7.5. 62.J.6. .Q.98.4;♣T ♥K ♥3;♣Q;4
W;NT;N:97..K52. A.95.3.T Q.A4..AK 42..Q9.;♠3;♠7 ♠9;3
W;NT;N:.Q.6.JT4 QT5.7..2 43.KJ..8 7.2.7.5;♣6;♣T ♣J;5
E;NT;N:Q.K7..75 82..62. 4.T5..T ..A953.;♣3 ♥A ♣4;♣5 ♣7;5
S;NT;N:A72...82 4.6.J9.7 6..6.A6 .5.K.K4;♦8 ♦7;♠2 ♣2 ♣8 ♠7 ♠A;2
W;NT;N:AJ3.K.T. ..8.K975 K.8.4.A3 Q.A3.7.;♠5;♠3 ♠J;5
W;NT;N:.7.K.AT3 Q6.J..KJ 42..864. 5.A9..5;♣Q;♣A;2
N;NT;N:.J6..J74 J.87.7.Q 4.4.T4.K T6.K3.8.;;♣4 ♣7 ♣J;3
E;NT;N:J.A.4.QT .5.T.53 AQ...86 85.2.2.;♥4 ♣J ♠4;♥A;5
N;NT;N:K5.J7.A. A.K.K7.5 84..42.J .5.Q9.A6;;♠5 ♠K ♦A ♥7 ♥J;1
E;NT;N:53.6.3.J 4..Q9.6 Q..J.Q4 .J3.K.3;♥A ♦5 ♠9;♥6;1
E;NT;N:5.T5..95 87..4.2 .93.6.Q Q.J.8.7;♥6 ♠6 ♠J;♥T;2
S;NT;N:A74..T4. 6.T54.J. T..K2.5 .98.75.;♣2 ♦9;♠4 ♠7 ♦4 ♦T ♠A;5
W;NT;N:T.2.T7.5 4.87..A9 Q98..K.K 3..982.;♦J;♦7 ♦T;4
N;NT;N:5.2.52.Q AK3..JT. 8.4.AK.5 .6.Q43.8;;♦2 ♦5 ♣Q ♥2;3
E;NT;N:6.T6.54. T...943 A.J.8.7 K.3.Q.A;♣K ♣5 ♦7;♦4 ♦5 ♠6 ♥6 ♥T;2
S;NT;N:Q..AJ4.9 K5.A.6.A A.J7.8. 86...Q4;♠3 ♣K;♠Q;2
E;NT;N:A.96..QT .3..A52 .J.J3.J 43..A.K;♥K ♦4 ♦8;♥6 ♥9;2
N;NT;N:J.A..T62 Q85.T.A. 632.QJ.. .9.JT97.;;♥A ♣2 ♣6 ♣T;4
S;NT;N:KT.Q..KT Q3..9.62 7.3..53 64.A.7.;♥6 ♦4;♥Q;4
E;NT;N:.3.J852. .2..KT5 J84.Q.. K.A.A3.;♥J ♥K ♥4;♥3;2
N;NT;N:Q.7.8.A5 .62.5.J3 J96..3.8 T8.54..2;;♦8 ♣A ♥7 ♠Q ♣5;4
E;NT;N:Q.2.J7.2 8.6..J4 T.J.3.5 54..2.7;♦6 ♠6 ♦T;♦J;4
S;NT;N:T.A8.74. 86.T.8.2 ..T93.5 KQ..J6.;♦Q ♦A;♦4 ♦7;1
S;NT;N:54..J.K3 .AQ76.2. K9.4.K. .3..Q65;♣7 ♠T;♣3 ♣K;4
E;NT;N:.9.J4.K2 4..32.8 Q.7.6.J A85.5..;♣A ♥J ♦K;♣2 ♣K;1
S;NT;N:A6.A4..2 7.K5.AJ. 82..K2. .QJ.Q.7;♦T ♥2;♥4 ♣2 ♠A;3
N;NT;N:T9.93..A J32...T6 .A.T5.98 KQ.7.6.3;;♥3 ♥9;5
E;NT;N:5.AT4..T .K.Q7.8 QT..A4. .Q8.9.3;♠6 ♦J ♣9;♠5;3
W;NT;N:K.AK.54. 3..Q86.T T75.32.. .J.K.A8;♥T;♥K ♥A;3
E;NT;N:.3.Q.AT8 J..J.KQ 9.7.K3. 84..A6.;♥Q ♦4 ♠Q;♥3;1
S;NT;N:AT.7.K.T ..754.63 Q.3.8.Q K7..A.J;♠2 ♣5;♠T;4
N;NT;N:7.2.A.QJ 3.A.J93. .T84.8.3 6..Q.A54;;♥2 ♠7 ♦A ♣J ♣Q;3
W;NT;N:A.J.Q6.A .A4.A.T5 J83...74 Q.9.K.K;♣J;♣A;2
S;NT;N:K.2.A97. Q.T6.Q.8 .5.86.4 A..T.JT;♠4 ♣A;♠K;4
S;NT;N:J4.8..AJ .J.84.32 T8...K5 5.K.5.7;♥Q ♥7;♥8;5
W;NT;N:A62.9.4. T9.8.5.7 3..T7.K6 Q4.J5..;♣2;♠2 ♠6 ♦4 ♥9;5
N;NT;N:7.4.K6.T .A7.J.98 A.Q8.94. Q.9.Q.62;;♦K ♥4 ♠7 ♣T;4
N;NT;N:QT9.87.. .KQ.4.A3 K6..9.Q4 3.5.5.T8;;♠9 ♠T ♠Q;4
N;NT;N:Q3.9..62 A86.83.. 4.7.3.AQ 72.J.J.7;;♣2 ♣6;2
S;NT;N:.4.93.K6 Q.A.5.87 .J2.82. 5.76..5;♠2 ♦7;♣6 ♥4 ♦9;3
N;NT;N:86.K..A8 .J2.Q5.6 75.3.K2. T.75.4.9;;♣A ♠6 ♠8;4
W;NT;N:9..KT.84 Q.Q.975. JT.9.8.K 85.6..7;♥K;♣4 ♠9 ♣8 ♦T ♦K;2
N;NT;N:J73..8.5 T.T98..6 6.Q.KQ4. Q.J4.9.8;;♦8;4
W;NT;N:K.62.A.J 972.Q.4. ..KT8.QT 8.43.5.;♣K;♣J;2
W;NT;N:76.A.JT. 83...AJ2 Q.64.5.3 ..KQ9.6;♥7;♥A;3
N;NT;N:K.4.T.AK 3.K.2.97 5.72.A.Q .53.98.T;;♥4 ♦T ♣K ♣A ♠K;4
E;NT;N:654.4.7. 3.KJ.J. 97..4.3 K.3.A2.;♠2 ♣7 ♣T;♠4 ♠5 ♠6;1
E;NT;N:92.J.5.5 .76..K9 J7...J3 T.Q..T4;♣7 ♣6 ♣8;♣5;1
W;NT;N:T5.K.4.K 42.A.5.J .T98.Q.4 KJ..86.;♦T;♦4;2
E;NT;N:.Q64.82. 9..3.63 3.2.J7. A..KQ.4;♣8 ♣J ♣2;♦2 ♦8;4
S;NT;N:.J2..K72 32..93.6 ..AK.AQ T5..T.T;♦6 ♠7;♣2 ♣7 ♣K ♥2 ♥J;2
N;NT;N:Q6..92.T 7.5.5.93 A93.2..A .J6.J7.4;;♣T ♠6 ♠Q;4
E;NT;N:6..4.A85 8..K9.2 .T.J6.T Q9..2.9;♣Q ♦Q ♦T;♣A;3
S;NT;N:98..T7.4 J.9.A85. T.4.K2. 7.J.Q.J;♣T ♦3;♣4;1
E;NT;N:.T9.J6.J 2.J.7.8 AJ.52.. 6.A.8.6;♣3 ♦K ♦3;♣J;3
S;NT;N:T8.5.9.A 92.T63.. .J.J.T7 6.K.2.Q;♦Q ♠K;♦9;4
N;NT;N:83.5..K6 J.K7.7.J T7.J.K.8 6..94.T3;;♠3 ♠8 ♣K ♥5;2
N;NT;N:.72..Q92 .A63..K4 Q.85.32. 6.T.AK7.;;♥2 ♥7;1
S;NT;N:T32.8..K 8.6.T.Q3 .K.7.76 .A.94.T;♥7 ♣4;♥8;5
E;NT;N:A..643.2 Q7..8.7 ..KQ75. .4.2.94;♥5 ♥Q ♥A;♦3 ♦4 ♦6 ♣2;1
E;NT;N:J5.87..2 A.4.76. Q.K9..6 7..A.Q3;♥2 ♥J ♦2;♥7 ♥8;3
E;NT;N:.Q6.T.A6 J.A.K.5 8.KJ2.. 54..5.3;♣2 ♠K ♦3;♣6 ♣A;2
E;NT;N:KQ..3.84 43.T3.. A6...J2 82.QJ..;♥7 ♦K ♦8;♦3 ♣4 ♣8 ♠Q ♠K;2
W;NT;N:73...QT9 5.AQ.Q6. A.87..J5 .J..K74;♥3;♣9 ♣T ♠3 ♣Q ♠7;1
S;NT;N:3.8.6.65 8..J8.98 .Q74.K. .JT.54.;♦Q ♣A;♦6;4
N;NT;N:3.J.43.6 KT7..9.A 6.4.A.97 2.5.5.T4;;♦3 ♦4;3
S;NT;N:82..T.83 .K2.J75. 7..A.A6 K.7.6.Q;♠4 ♣K;♠2 ♠8;4
E;NT;N:AJ.83..3 5.4.T.T .A.K3.4 Q3.J5..;♦4 ♥6 ♠2;♥3 ♣3 ♥8 ♠J;3
S;NT;N:J6.5.2.J 3.K.AT3. 72..8.8 8.7.QJ.;♠5 ♣5;♠6;3
N;NT;N:AT2..K.2 K...KT84 Q5.7.T.A 4.J.864.;;♠A ♦K ♣2;5
E;NT;N:.8.T93.J .A5..73 95.Q3.. .K.5.K8;♣Q ♣2 ♠A;♣J;1
W;NT;N:.73.QT.6 ..K.QT93 8.A.J4.A J5..A.8;♠K;♣6 ♦T ♦Q ♥3 ♥7;1
S;NT;N:QT5.A7.. K9.T.5.3 .K2..AT .94.9.2;♠8 ♣8;♠T ♠Q;3
S;NT;N:.J5.32.3 A5..Q6.9 93..8.Q T.3.A.T;♠7 ♥7;♦2 ♦3 ♣3 ♥5 ♥J;2
W;NT;N:JT98..3. 6.Q.T.54 .T.J5.62 Q5.2.7.;♣J;♦3 ♠8 ♠9 ♠T ♠J;2
S;NT;N:9..2.KQ7 Q42..7.8 3..A5.3 .JT.8.6;♥Q ♠A;♣7 ♦2 ♣Q ♣K ♠9;5
S;NT;N:94.Q.K.7 Q..32.J5 AJ.K.9. 52.87..;♣K ♣2;♣7;5
S;NT;N:.A5.J3.2 A4.87.7. .4.9.K5 .96..98;♣4 ♦K;♣2;5
N;NT;N:7.A2.6.7 .K43.5.3 J5..T.85 A6.Q9..T;;♣7 ♠7;3
E;NT;N:8.QT.83. .9.54.A J2.7.9. A...982;♦2 ♥J ♣Q;♦3 ♦8;4
N;NT;N:T6.K98.. 94.QT..J A5.7..A6 32.A.2.2;;♠6 ♠T;4
N;NT;N:J.8.6.J6 94.9..A9 Q8..A7.K 7.4..Q74;;♠J ♦6;4
W;NT;N:KT92.K.. .7.T4.AT 6.Q32.Q. 7.AT.3.;♦6;♥K;5
W;NT;N:2..A87.Q Q8.K6.5. .A2..A42 5.83.J.;♥9;♠2;5
S;NT;N:J92.J.9. .54.A2.A 6.Q2..2 A3.T..J;♠T ♠7;♠2 ♠9 ♠J;3
N;NT;N:9.5.T3.T 6.72.Q.3 5.KJ.2.A A..KJ6.9;;♣T ♥5;3
S;NT;N:.T3..A43 ..T54.Q9 5.2.A6. .765..5;♠J ♠6;♣3 ♣4 ♥3;5
N;NT;N:.T.43.T4 .A943.J. T.2.5.Q6 J.Q7.T.7;;♣4 ♣T;2
S;NT;N:3.A2.QJ. Q.73..J3 ..54.A8 6..K6.K;♣2 ♠9;♥2 ♠3 ♦J ♦Q;2
E;NT;N:A6.3.T9. .6.A83. ..72.72 T5...AQ;♦5 ♥J ♦Q;♦9 ♦T;2
S;NT;N:A.8.64.A .A64.A.K T5...Q2 .K7..J7;♥J ♠J;♥8;1
N;NT;N:.94.J8.Q 5.Q.AK6. 8.8.9.82 AQ.7.T4.;;♣Q;1
S;NT;N:.JT.T2.K J.Q4.4.J Q.8..T3 A2..J8.;♣4 ♦7;♣K;1
S;NT;N:6.72.T9. 92.Q.76. AQ..4.9 7..A2.8;♠4 ♣5;♠6;2
W;NT;N:T.AJ6..Q 9.2.93.2 875..54. Q3..A.J;♥7;♥J ♥A;4
N;NT;N:T9.7..A8 .9.5.QT5 8..J.763 J.3.983.;;♥7 ♠9 ♠T ♣A ♣8;2
N;NT;N:4.6..A83 8.AT.8.6 3.2.Q.T9 AJ2..72.;;♣3 ♣8;4
W;NT;N:J6.A.T7. 8.QT.K.9 Q42..A.7 T3...J3;♠5;♠6;5
W;NT;N:.T3.86.4 983.6.Q. .9.AT.KQ J4...82;♠K;♥3 ♣4 ♦6 ♦8 ♥T;2
E;NT;N:A4.9..83 8.7.6.J 9..42.2 J.A.7.6;♥6 ♣5 ♥2;♥9;3
W;NT;N:K52.K.T. 4.832..7 Q8.5.Q.4 T.J9.6.;♦K;♦T;3
N;NT;N:.32.83.5 QT5...62 AJ6..J7. 873.4.4.;;♦3 ♦8 ♥2 ♥3;4
E;NT;N:..62.Q74 T..T3.9 .4.8.52 Q..94.T;♦7 ♥A ♦5;♦2 ♦6;1
S;NT;N:.A.A32.A .J.Q87.8 9.43..6 .K.K5.Q;♦4 ♠J;♦A ♦2 ♦3;3
W;NT;N:54.4.5.9 .2.863.8 ..K.KJ72 AK...53;♥J;♥4;2
N;NT;N:.Q64..J9 A.2.A2.K 764..9.5 T2.5..Q2;;♥6 ♥Q;3
E;NT;N:3..72.43 84.9.A. K.3.Q.T J5.K..8;♥J ♦3 ♥6;♦2 ♣3 ♣4 ♠3 ♦7;2
S;NT;N:.5.A.QJ2 QJ..K2.8 T.Q.3.6 65.7.8.;♥T ♠3;♥5;5
S;NT;N:6.4.KQ3. KQ9.2..4 2.7.76. A..J.82;♦A ♠8;♦3 ♦Q ♦K;4
E;NT;N:.T6.Q5.8 9.J..A5 A.52..Q ..T96.2;♦4 ♠T ♠J;♦5 ♦Q;2
S;NT;N:.T832..7 .54.Q5.3 .Q.K.A8 T2...Q4;♣J ♣9;♣7;4
N;NT;N:97.93..T 8..T7.86 K.K.2.K3 6..965.J;;♠7 ♠9 ♣T ♥3 ♥9;3
S;NT;N:T4..A.93 3.A3.2.J .952..A 85.J4..;♣2 ♥Q;♣3 ♣9;2
S;NT;N:Q87...QJ 4.Q.K4.K 2.K9.A. .43.J.T;♦Q ♠T;♠7 ♠8 ♠Q ♣J ♣Q;3
S;NT;N:5.4.KT.6 986.K.8. .85.9.5 AQ42...;♣T ♥9;♣6;4
N;NT;N:.K.KT.97 Q.A7.3.J J.5.7.Q8 6.8.J4.A;;♣7 ♣9 ♦K ♥K;1
N;NT;N:7.3..K87 Q2..942. 4.2..AQ2 K6.6..95;;♣7 ♣8 ♣K;3
S;NT;N:K9.64..6 .A.KT3.T .52.A8. Q.T7..9;♠2 ♠6;♠9 ♠K;2
N;NT;N:T.T4.J.2 4.3.Q3.7 Q.5.T.94 6..2.QJ6;;♠T ♥T;3
N;NT;N:.82.T.63 ..A.T842 532.7.J. 6..Q4.95;;♥8;2
E;NT;N:T.3.T3.4 .A.9.T5 Q3..J.3 .K4.5.9;♠9 ♦2 ♥2;♠T;4
E;NT;N:K.T3.K.J 7.8.54. QT.J..A 4.A.96.;♦3 ♠3 ♥4;♦K;4
W;NT;N:K.2.J.AK J8.K5.Q. 2.J4..Q3 5..A85.;♦6;♦J;3
N;NT;N:.Q74..J9 5.J8.7.5 .6.J96.4 9.3.43.8;;♣9 ♣J ♥Q ♥4 ♥7;3
S;NT;N:.5.62.86 .T863..K Q5..5.3 A.J.4.2;♣J ♠K;♣6 ♣8;2
W;NT;N:8.A5.3.7 T.T64..K K73...J2 2.8..AT;♦7;♦3;2
W;NT;N:873.3..6 5.J.J.J2 9.T9.A.3 .8..A74;♦5;♠3 ♠7 ♠8 ♥3 ♣6;2
N;NT;N:T..94.62 4.95.KT. 762.J..J K.T.2.T3;;♠T ♦4 ♦9 ♣2 ♣6;2
E;NT;N:5.T8..Q7 8.Q43.. 72.K..6 ..J964.;♦5 ♥6 ♠Q;♥8 ♥T ♠5;3
W;NT;N:K.T7..T3 A.9.Q.K2 T54..A.8 63.6.6.;♥3;♥T;3
W;NT;N:6.A74.6. 2.98.43. .JT.T.94 J..K7.Q;♦5;♦6;4
W;NT;N:7.T..T97 Q.K764.. .98.J.Q6 6.32..J;♠8;♠7;3
E;NT;N:86..A9.A A2.5.J. Q.2.2.9 5.J..76;♣2 ♣Q ♦5;♣A;3
N;NT;N:AJ62...8 T.Q.9.K5 .4.Q2.Q7 ..K6.432;;♠J ♠A;4
E;NT;N:.QT2.T8. QJ8...3 K6.5..7 .7.95.Q;♥3 ♥9 ♣J;♥2;5
N;NT;N:.KQ9.T.7 J..J.Q52 6.T.A.96 73..8.KT;;♦T ♥Q ♥K;4
N;NT;N:5.J.5.QT JT..A.J4 .K5.K42. Q4..Q7.5;;♣Q;3
E;NT;N:Q94..J7. .85.4.2 .QT..J5 7.J3.6.;♣8 ♦8 ♠T;♠4 ♠9 ♠Q ♦7 ♦J;3
W;NT;N:.T.2.AJ4 .K5.6.Q2 32.83..T 5.A.8.6;♦T;♦2;1
N;NT;N:A83...JT KJ9.J..A .3.32.K7 T.Q.AT.Q;;♣T ♣J ♠A;1
S;NT;N:Q5..A5.6 T8...Q82 4.8.T3. 9.QJ..J;♣K ♥3;♣6;4
N;NT;N:.764.Q.J 2.8.J9.5 AJ5.A..2 3.Q3..Q3;;♦Q;5
S;NT;N:6.J.4.76 A.3.9.85 J3.T..2 8.972..;♦Q ♠Q;♦4;3
N;NT;N:6.32.86. .A.J9.63 3...QJT5 AT.KQ.3.;;♦6 ♦8 ♥2 ♥3;2
E;NT;N:.A75..52 7..8.83 5.JT..J .K3.Q5.;♦T ♣7 ♠K;♣2 ♥5 ♥7 ♣5;1
E;NT;N:T92..J.J .K8..T2 K.J..KQ 75.4..4;♥9 ♠6 ♥T;♠2 ♠9 ♠T ♣J ♦J;2
W;NT;N:2.97.9.Q J3.4.K6. .3..A753 ..83.J6;♥5;♥7 ♥9;3
S;NT;N:Q.5.KQ.T 6.94.2.A 95.A6.. A.K..K9;♣5 ♦A;♣T;1
S;NT;N:K.7..864 J9..53.5 T.5.2.2 .4.AT.A;♥K ♥3;♥7;3
S;NT;N:T3.7..KJ 542..T3. 7..A4.6 9.K.Q.9;♠K ♣T;♠3;5
W;NT;N:A93...53 6.93.T.Q T..J87.6 ..A2.42;♦9;♣3 ♣5;4
N;NT;N:KT.2.JT. 5.3.85.4 Q7.Q.2.8 92.4..K3;;♥2 ♠T ♠K ♦T ♦J;5
S;NT;N:8.K8..A9 63.7.9.8 AKQ...2 7..K5.6;♥J ♦J;♥K ♥8;5
N;NT;N:.2.Q9.Q6 74.94.7. J8.6.32. 2.3..KT9;;♦9 ♦Q;3
N;NT;N:9.6.J2.9 .T.AQT.T .K.75.AK Q.J2.4.3;;♣9 ♥6;3
W;NT;N:..Q975.9 4..J3.T4 A.K9.4.Q J2.J4..;♣2;♣9;4
S;NT;N:.3.K5.53 K.A5.6.J 963.7.. .T.QT.Q;♣8 ♥J;♣3 ♣5;1
W;NT;N:.T94.8.2 2.A6..Q4 J.2.Q9.3 K.J..96;♠3;♥4 ♣2 ♥9 ♥T ♦8;3
N;NT;N:A7.6.93. 5.7.K.Q8 J2.K.Q.J K.A.T64.;;♠A;2
W;NT;N:KT.J.J.A J2..3.K7 Q5..K9.3 ..T7.95;♥Q;♥J;4
W;NT;N:65.J.2.8 72..T.Q9 J.Q8..62 ..KQJ3.;♠9;♠5 ♠6;3
S;NT;N:.5.Q9.Q8 64.A6.7. .T.K83. JT...K6;♣3 ♦4;♣8 ♣Q;4
E;NT;N:T8.7.8.J .42.7.4 K..95.7 QJ...T9;♣Q ♠9 ♠3;♣J;2
N;NT;N:4..T2.A5 6.87.6.4 A9.T.4.2 T32.4.A.;;♦2 ♦T ♣5 ♣A ♠4;4
S;NT;N:.Q65.2.4 AK.7..32 4..854. Q.43.3.;♥T ♦J;♥Q;5
E;NT;N:KQ8.9..J J.7.K.5 .A5.T.7 75...Q6;♣2 ♠6 ♠3;♣J;5
S;NT;N:.A5.2.K4 QT7.3..A 94.T..Q K..A.J5;♥4 ♠5;♥5 ♥A;2
W;NT;N:AJ.74..3 96.K.T.5 T..K.QJ6 5.A9.5.;♣2;♣3;5
N;NT;N:.Q2.J.J4 Q.A.8.KQ K6.9.7.3 .J5..986;;♦J ♥2 ♣4 ♣J;2
W;NT;N:9.5.63.4 4..A9.62 6.AK.4.Q .63.T.8;♣K;♣4;1
E;NT;N:T.A.A.J3 98..3.5 3..K5.2 .83..T7;♣4 ♣A ♠Q;♣3;5
N;NT;N:.64.J4.5 75.J.2.9 4.9.K.A7 AJ.T.5.2;;♣5 ♦4 ♦J;3
E;NT;N:J.9.A4.4 7.J.8.T 6.5.9.A .QT.Q.J;♣5 ♠8 ♦J;♣4;2
E;NT;N:A5.A.Q.7 T..32.3 74.7.K. Q9...AK;♦T ♣J ♣T;♦Q;3
N;NT;N:J.J.K.Q4 2.74.6.6 T4..AT.2 6.Q8.4.9;;♦K ♣Q ♠J;5
S;NT;N:A8..97.J K..3.874 T..T4.3 .9.K5.9;♣T ♥3;♣J;3
S;NT;N:QJ3.3.A. .5.K8.J5 8.8.9.6 97..T.3;♥7 ♥2;♥3;5
W;NT;N:4..96.J7 J.8.52.2 AT..J.A8 3.Q..K3;♣6;♣7 ♣J;5
S;NT;N:J..KQ85. A9.42..K Q2.T.J. ..6.A65;♠T ♥5;♠J;1
W;NT;N:4.T.93.Q J9.Q3.A. AK7..T.7 T.2.J.4;♥8;♥T;2
S;NT;N:K63..K.3 AJ4.83.. 7..Q9.4 T8...K7;♥9 ♠9;♦K;3
S;NT;N:.3.T.753 Q..A7.QJ .K.J83. T.9.5.K;♥8 ♠3;♥3;2
E;NT;N:.52.JT.K A..3.Q6 92..AQ. T.6.5.T;♥3 ♥Q ♥J;♥2 ♥5;4
W;NT;N:.97.AQ.Q .KQ82..3 KJT8..2. .5..J96;♥A;♥7 ♥9;1
N;NT;N:84.Q..K7 Q7..7.J3 AJ..96.A .KJ43..6;;♠4 ♠8;5
S;NT;N:J4.K.J2. K.Q.7.AQ .82.A.K T..5.43;♣6 ♦4;♦2 ♠4 ♠J ♦J;2
W;NT;N:4.3.T9.2 T5.9.8.9 A8.8.A5. Q3.A.Q.;♠9;♠4;3
E;NT;N:A9..AK.J .J72.4. .6..K64 T.3.2.8;♠3 ♦8 ♣Q;♠9 ♠A;5
N;NT;N:T6..8.JT Q4.6.K.5 92..T3.A .T52.A5.;;♣T ♣J;1
E;NT;N:KJ3.8.5. 4..QT.3 76...87 5.3.A7.;♦8 ♣T ♥4;♦5;2
S;NT;N:Q75.K.Q. K..9.J76 J.A5..2 .Q2.42.;♣Q ♥3;♠5 ♠7 ♠Q ♥K;3
W;NT;N:6..K.A83 4.2.A62. 7.Q.T.Q7 T.J..J5;♠Q;♠6;3
E;NT;N:3..AQT9. .A2.3.Q 2..8.K7 .98.K.2;♦J ♠5 ♣6;♦Q;5
N;NT;N:J3.3.J.T .AJ9..87 Q8.65..J T7.8..94;;♣T ♠3 ♠J ♦J;4
E;NT;N:4.3.4.K4 72.2..J .9.6.87 AK...Q2;♣6 ♠T ♣3;♣K;3
N;NT;N:A74.J..8 .Q7.76.T 5.83.J8. ..AT.Q94;;♠7 ♠A;3
N;NT;N:J8.K.K.9 .A5.65.5 4.7.9.Q4 2.3.43.A;;♦K ♠8 ♠J;3
W;NT;N:J8.6.53. 5..J82.3 T2.T.Q.6 9.K2..8;♦K;♦3 ♦5;1
N;NT;N:T74.7..2 .J.AK7.8 .4.T43.Q 65.5..K4;;♠7 ♠T;3
W;NT;N:43.K..AJ Q6..J.64 K8.532.. .QJ4.Q.;♠A;♠3 ♠4;3
S;NT;N:9.J62..2 63.Q7..A AJ.K.9. ..AJ6.7;♣K ♠8;♣2;3
N;NT;N:3.T6.62. J7.K..JT .2.7.Q75 T.8.3.93;;♥6 ♥T ♦2 ♦6 ♠3;2
N;NT;N:T.7.T83. Q92.5.9. A.Q4..97 J.8.74.T;;♦T;5
W;NT;N:2.K63..5 7.Q.Q.Q6 8.85.J3. 4..84.4;♥2;♥K;4
W;NT;N:4.9.KQ4. .87.AJT. J2.5.6.9 K9.4..7;♣A;♦4 ♠4 ♦Q ♦K;1
S;NT;N:8..85.84 ..K642.7 5.A8..T T9.4.Q.;♠A ♥6;♠8;4
S;NT;N:T5..52.6 A6.5.T7. Q.J.A.8 .4.K.KJ;♣A ♠8;♣6;3
E;NT;N:A.653.7. 7.8..86 8.7..T9 Q..4.54;♣7 ♥2 ♠9;♥3 ♥5 ♥6 ♦7;3
S;NT;N:3..J2.53 A.9.K.T7 .T8.53. 9.Q2.Q.;♥J ♦6;♦2 ♣3 ♣5 ♠3 ♦J;1
N;NT;N:..KJ83.2 QJ.95.6. 9.T..Q43 52.3..K9;;♦8 ♦J ♦K;4
E;NT;N:.2.A83.9 J.7.J.A .J.74.K 3.Q.9.4;♥5 ♣3 ♠K;♥2;1
E;NT;N:Q.T.KJ4. 7.3.T.Q .Q9..K5 65.2..4;♣A ♠3 ♠K;♦4 ♦J ♦K ♥T;4
S;NT;N:K.6.Q4.4 9.J5.7.9 8.Q2..Q 4..K6.2;♠A ♦T;♠K;4
N;NT;N:86.K.8.3 2.54..96 K9.3.Q5. ..AJ74.8;;♠6 ♠8 ♥K ♣3;3
W;NT;N:K94.T..4 7.K8.73. .J2.6.QT 8.5..52;♦T;♠4 ♣4 ♠9 ♠K ♥T;2
W;NT;N:.5.96.K3 A5.3.J.2 .84.43.Q .96.A7.;♣8;♣K;2
E;NT;N:AK8.K..A 6..3.Q8 T.3.A.K 2..Q.J6;♥6 ♥Q ♦K;♥K;5
S;NT;N:K..K93.6 2.J2.A4. 87.8.2. 54.9..7;♥K ♦5;♦3 ♣6 ♠K;3
N;NT;N:K4.5..AK J..AJ.T6 98.K32.. 2.A.8.43;;♠K ♣K ♣A;4
E;NT;N:53...T95 A.2.8.K .A4.97. 6.T8..Q;♣3 ♠7 ♦2;♣5 ♣9 ♣T;3
S;NT;N:974.KJ.. JT6..8.4 AQ.A..9 ..A32.J;♦J ♥7;♠4 ♠7 ♠9 ♥J ♥K;4
E;NT;N:32.K..86 A4...43 .9.9.K5 7.6.84.;♠Q ♠6 ♣A;♠2 ♠3;2
W;NT;N:2.A3.96. .972.A4. T97..7.T K64.5..;♥J;♥A;2
W;NT;N:K4.6.J6. T5.9.9.Q A9.KT..A .82.A5.;♣7;♠4 ♦6 ♥6 ♦J;5
E;NT;N:32..2.K6 .Q965.. K.3.J.4 ..AT.AQ;♠T ♣3 ♠A;♠2 ♠3;1
S;NT;N:A.Q6.5.5 32.2.KQ. J86...J Q.7.92.;♥4 ♠7;♥6 ♥Q;5
S;NT;N:.4.A.QT3 .QJ2..K6 63..4.8 T...A75;♠Q ♦2;♣3 ♥4 ♣T ♣Q ♦A;2
N;NT;N:J42.2..2 7.64.5.K ..Q63.A8 Q86.3..9;;♣2;5
S;NT;N:62.2.A4. KJ..7.T6 .9.K8.J Q4..9.7;♣5 ♥3;♠2 ♦4 ♥2 ♠6 ♦A;2
W;NT;N:.AJ.32.3 7..4.QT9 T.5.7.62 63.T.5.;♦Q;♦2 ♦3;2
E;NT;N:.J87..T2 T52..J. A...J97 KJ..4.4;♦A ♦3 ♠8;♥7 ♥8 ♥J ♣2 ♣T;3
W;NT;N:2..72.Q5 .97..874 A7.K.86. 85.2..T;♠Q;♠2;5
E;NT;N:T7.AK2.. Q.J97.. ..T9.52 .Q5.8.8;♥6 ♣K ♠3;♥K ♥A ♥2;3
W;NT;N:2.J.4.92 7.85.2.T J...QJ43 5.2.KJ.;♦8;♦4;2
W;NT;N:.T.9.KQT K5.2.43. T9.4.J.J 6.A9.5.;♠8;♣T ♣Q ♣K ♦9 ♥T;2
N;NT;N:4.T.9.AK AQT.K.4. 9..QT.75 2.Q98..6;;♦9 ♣K ♣A;4
W;NT;N:Q.Q3.Q.9 8.5.8.T3 6.4.KT.4 J.8.64.;♣Q;♣9;4
N;NT;N:..A6.QJ3 A.4.4.A8 63..3.K2 8742.T..;;♦6 ♦A;2
N;NT;N:K6..52.4 .4.7.953 98.A.3.K 2.97.4.6;;♦2 ♣4 ♦5 ♠6 ♠K;4
S;NT;N:87.2.J.K K96..95. .6..652 J.Q.A8.;♦7 ♥5;♦J;2
S;NT;N:5.3.J6.A 3.AJ.Q2. Q74.5.. .96.A9.;♣7 ♦8;♣A;4
S;NT;N:T..QT.AJ 93.A6..K 4.K.AK. K.54.6.;♣4 ♥J;♣A;4
W;NT;N:K.2.KT3. 6..95.52 J.AK.A8. Q8.43..;♠A;♠K;2
N;NT;N:A2.73..4 J.6.8.Q3 K97.2.2. T.5.J97.;;♥7 ♠A;5
E;NT;N:86..72.J T.7.A9. 4.643.. 2...A93;♦6 ♣6 ♥J;♦7;1
S;NT;N:.T4.K.Q2 9764..7. AT..J.T .A98.2.;♥Q ♣9;♥4 ♥T;5
E;NT;N:3.9.Q96. .J.T7.J ..J.T65 T.AT.3.;♦2 ♠Q ♠5;♦6 ♦9 ♦Q;2
W;NT;N:JT.Q.K2. 2.2.5.Q8 A765..J. ..T3.A7;♠9;♠T ♠J;5
S;NT;N:7..QT.AQ .KT8.3.9 .Q.K5.K KJ.2..6;♥4 ♦2;♠7 ♣Q ♣A ♦T ♦Q;2
N;NT;N:.T9.JT.Q .A3.K.43 7.J6..K2 6.5.92.T;;♥9 ♥T ♣Q ♦T ♦J;3
N;NT;N:.K95.T.4 84.J.9.5 AQ..K7.Q J9.7.5.T;;♥K ♣4 ♦T;5
N;NT;N:7.9.3.65 A..Q85.2 K..J.J74 T.AT.9.3;;♣5 ♣6;3
W;NT;N:.A5.84.8 K..J.532 J.9.AQ.A .QJ4.2.;♥3;♥5 ♥A;4
S;NT;N:J..82.AT .98.K.53 ..973.4 .KQ5..K;♠7 ♥3;♠J;3
N;NT;N:.A75.J.9 .2.T4.K3 .Q.5.QT7 65.43.A.;;♥A;3
S;NT;N:43.42.8. 8.Q8..K9 A.K.7.7 .7.9.63;♣4 ♠5;♠3 ♠4 ♥2 ♥4 ♦8;2
S;NT;N:..K5.J53 .KT5.32. J7..T.7 T3..74.;♥6 ♦Q;♣3 ♣5 ♣J ♦5 ♦K;2
E;NT;N:K8..A.42 .K86.2. 5.A..Q3 .3..J87;♠4 ♦8 ♥4;♠8 ♠K;5
E;NT;N:5.AJ5.9. K9.7.7. .986.J. Q2.T..6;♦T ♠J ♣9;♦9;1
E;NT;N:.A2.9.J5 Q7.6..8 3.5.J.K K.9.A.9;♦3 ♥Q ♣A;♦9;5
W;NT;N:K.9.T.K3 A.3.K3.J Q..Q82.T 4..6.42;♦4;♦T;2
N;NT;N:9.3.K9.Q J.AJ.7.7 T.K.A.92 K.Q8.4.4;;♦9 ♦K ♣Q;3
W;NT;N:AKQ.J.9. 2.A.32.3 96..4.72 8.98..9;♣K;♠Q ♠K ♠A ♦9;2
S;NT;N:4.AK9.J. 2.J8.Q7. .5..AJ4 K98..K.;♠A ♥3;♠4;5
N;NT;N:K5.J3..9 AQJ.7..4 .9.752.7 86.KT.J.;;♣9;1
E;NT;N:.J.K5.A9 5.9.6.7 .8.2.43 A.K.J.K;♦8 ♥2 ♣6;♦K;3
S;NT;N:75.97.9. .62.5.T4 T4..J.3 J2..8.9;♦Q ♣J;♦9;3
E;NT;N:JT..J85. ..Q2.Q9 .T96..4 976..4.;♠8 ♥4 ♦7;♠T ♠J;2
E;NT;N:2.7.T9.K 8.954.. JT.2..T .J6.K.A;♦2 ♦J ♠9;♦9 ♦T;3
N;NT;N:..T9.KJ8 Q.T.76.4 K.A8..76 J.652.A.;;♣8 ♣J ♣K ♦9 ♦T;4
E;NT;N:K.A.KJ.J .J2.A.Q .5.QT6. 76.76..;♣9 ♠5 ♣6;♣J;3
N;NT;N:J4.3.A5. 3.KT65.. 6..J964. A.72..32;;♦A;4
E;NT;N:JT.8.4.A K..6.K8 A53...7 ..872.2;♦9 ♦5 ♠2;♦4;1
E;NT;N:T..32.Q9 .Q.4.72 .6.QJ.A J9.7..T;♠5 ♠8 ♣3;♠T;4
S;NT;N:.T6.AJ.6 ..T2.KJ4 T5..5.T 8.J9..2;♥A ♥5;♥6 ♥T;5
W;NT;N:T8.Q.5.K Q92..T.Q .KJ2.9.9 A5.6..4;♦Q;♦5;1
W;NT;N:4.KT3..Q K.Q.9.95 .984.8.T A9..3.A;♣2;♣Q;4
W;NT;N:..J.AQT5 .KQT6.A. A.A4.Q.9 T..3.J8;♥J;♣5 ♣T ♣Q ♣A ♦J;5
N;NT;N:42.6.3.K 7.32..92 K.94..87 3.T8..Q3;;♠2 ♠4 ♦3;4
E;NT;N:K.J.K4.9 3.K82.. .4..A54 84.6..Q;♥5 ♥T ♦3;♥J;5
S;NT;N:AJ8.2.8. 4.T.J2.Q 9...732 62.74..;♣6 ♦3;♠8 ♥2 ♠J ♠A ♦8;1
N;NT;N:A.3.J.T9 .T85.K9. T8.KQ.5. .9..AJ87;;♥3 ♠A;4
W;NT;N:95.T..Q9 K63..87. A2.A7..T T..5.A4;♦J;♠5 ♠9 ♥T;2
E;NT;N:73.A9.Q. 6.K7.4. K.Q.87. QT.6..9;♠A ♣3 ♣8;♠3 ♠7;3
S;NT;N:86.6.4.3 754...T9 .94..Q6 .75.2.5;♥8 ♦3;♥6;4
S;NT;N:9.QT.7.8 4.KJ.6.5 K3...K4 .95.A.T;♠Q ♣9;♠9;5
N;NT;N:3.K6.Q9. A.Q.5.72 J8.9.8.9 7.75.6.6;;♥K ♦9 ♦Q;4
S;NT;N:9..T6.T2 K8.6.K.A 7.94.Q. 64..9.9;♣6 ♣3;♣2 ♣T;1
W;NT;N:A.64.52. 82.KJ.T. K.Q.J.75 T..8.K9;♦9;♦2 ♦5;2
S;NT;N:9.AT5.Q. 64.J.63. T..K4.8 .KQ.9.2;♣3 ♥2;♥5 ♥T ♥A ♠9;5
W;NT;N:64..J.A3 75..A9.9 AJ.2.T4. T...764;♥A;♣3 ♠4 ♠6;3
E;NT;N:7.QJ.2.2 4.74.6. Q.T.7.9 A.92..6;♣8 ♥5 ♦9;♣2;3
N;NT;N:2.4.J.74 4.J.KT4. 7.K.7.K9 T.73.6.3;;♥4 ♣4 ♣7;3
W;NT;N:A62..T2. 7.Q9.8.9 .J5.J.A6 ..63.T4;♣2;♠2 ♠6 ♦2 ♠A ♦T;3
E;NT;N:8..Q.K83 KJ.T.2. .5.873. .A4..65;♥9 ♦6 ♥J;♣3 ♣8 ♣K ♠8 ♦Q;1
N;NT;N:.T7.A8.5 5.65.T9. 2.84.65. K.3.3.98;;♥7 ♥T ♦A;3
N;NT;N:Q.8..Q84 .4.6.532 A4.A9..7 7.K.AK2.;;♥8 ♠Q ♣4 ♣8 ♣Q;5
S;NT;N:A.A6.6.8 752..9.2 ..QT.J7 9.Q2.J.;♣K ♠3;♣8;5
S;NT;N:K54..K7. .A865.T. Q...K98 87.4..A;♠6 ♦Q;♠4 ♠5 ♠K;4
E;NT;N:32.A.A.9 J..T7.4 T4..J.5 Q.T.5.2;♣K ♣T ♣3;♣9;3
S;NT;N:9.K7.6.8 752..A5. 4...KQT .83.7.A;♠J ♣9;♠9;1
E;NT;N:.874.7.Q J3.Q.T. .A.J3.A .63.2.2;♦Q ♠8 ♥J;♦7;2
E;NT;N:AK..8.K7 6.9.7.4 J.A.5.J Q52..A.;♦9 ♥8 ♦J;♦8;3
S;NT;N:3.T.9.Q4 KT..A.A3 6..J5.J .AK62..;♠2 ♦K;♠3;1
E;NT;N:J.3..K63 ..J973. .QJ7.K. .54.8.5;♠K ♠7 ♣2;♠J;4
N;NT;N:3.2.Q2.3 8.A.T.T6 AJ.85.7. 4.T.8.Q5;;♦Q ♠3;4
W;NT;N:J.A.T.64 AK.Q5..T Q5..KJ.Q .K8.76.;♠6;♠J;3
N;NT;N:5.32.3.6 J.KT.7.K 9.6.AJ.Q .87.986.;;♦3;2
N;NT;N:KJ.8.K.8 63..A7.7 .9653..5 Q7.T4.6.;;♣8;3
W;NT;N:.3.J.652 2.2.64.4 4..A92.8 AJ..8.Q;♦Q;♦J;3
N;NT;N:.Q8.5.J8 Q.64..A6 82.2.87. KJ..4.Q3;;♦5 ♥8 ♥Q;4
N;NT;N:962..J6. .A.A.K65 543.7..3 .Q5..T87;;♠2 ♠6 ♠9;3
E;NT;N:K8.3..KQ J.Q2..9 97.T.7. .K4.6.6;♣5 ♦J ♦4;♣Q ♣K;5
E;NT;N:AJ.4..K6 74..74. 2.Q6.8. .8.K.52;♥9 ♠T ♥A;♥4;3
S;NT;N:5.A7.A.2 .KQ5..AT .8.7.84 9..65.Q;♠J ♦T;♠5;3
W;NT;N:T.A8.9.8 6.T6.KQ. 2..J52.K K7.4..4;♥2;♥A;2
N;NT;N:A2...A73 3.Q9.J.Q 5..T.K92 .A73..J8;;♣3 ♣7 ♣A ♠2 ♠A;5
S;NT;N:A.2.3.72 4..K9.A6 T.8.T.8 .4.Q42.;♥3 ♠8;♥2;3
W;NT;N:J4..42.4 Q.Q..J65 2.A.K6.A T.K4.Q.;♥3;♦2 ♦4 ♠4 ♣4 ♠J;4
W;NT;N:K43.4..9 .8.A84.J .7.K5.K5 .A2..76;♠2;♠3 ♠4 ♠K;4
W;NT;N:.A5.K.52 82.KQ..6 Q.2.J3.4 6..T8.A;♥9;♥A;4
W;NT;N:.A3.976. 5.Q54.J. 76.T.A.2 J.K..J9;♠Q;♥3 ♦6 ♦7 ♦9;1
E;NT;N:J5..A.AT T.AT.8. 4.2..76 .QJ.76.;♠3 ♥8 ♦K;♠5;5
E;NT;N:3.T8.43. 9.62.8. A8.9.2. .Q4..K6;♦5 ♦T ♠J;♦3 ♦4;3
E;NT;N:J8.J.J.8 ..92.Q5 .A6..K9 75..A.2;♠2 ♠K ♥K;♠8 ♠J;5
W;NT;N:.962.J6. J62..7.8 K.JT.A.7 7.A.K8.;♣5;♦6 ♥2 ♥6 ♥9 ♦J;2
W;NT;N:A..T.AJ9 T..6.QT7 95.9..53 J8.3.9.;♠6;♠A;4
N;NT;N:4.K2..83 32.Q..KT K.975.2. 8.8.K5.9;;♥K ♠4;4
N;NT;N:A.K9.6.Q .2.KQ.43 J9..873. 2.85.A.K;;♥9 ♥K ♦6 ♠A ♣Q;3
W;NT;N:5.J.AT.6 Q.T87..T A4..Q74. 7.9..73;♣2;♣6;4
S;NT;N:K.Q8..K5 QT.T6..T .4.6.A8 J.J.KT.;♦Q ♥3;♥8 ♣5 ♣K;5
N;NT;N:T3.7..A6 65.Q.2.3 .T5.6.K9 4..KT3.Q;;♣6 ♣A ♠T;3
E;NT;N:73.A.73. Q4.6..K KJ.Q5.. .KJT3..;♦2 ♦5 ♦8;♦3 ♦7;4
N;NT;N:A.5.52.Q Q73..KQ. T95.K.7. 64..A3.5;;♠A ♣Q ♦2 ♦5 ♥5;3
E;NT;N:62.8..AT 4.Q.5.5 Q.4.86. .A5.Q.2;♦7 ♦A ♥K;♠2 ♥8 ♠6 ♣T ♣A;2
W;NT;N:64.2..Q9 K5.J9.A. Q9..J2.3 ..K.KT5;♥7;♥2;1
S;NT;N:Q9.A3..J K8..53.4 5..J97. 2..Q.82;♦8 ♥2;♥3 ♥A;3
W;NT;N:KQ.A92.. T..JT.KJ J92..54. .KQ5.2.;♣9;♥2 ♥9 ♥A ♠Q ♠K;1
E;NT;N:.Q6.K8.2 K98...7 ..2.QJ8 ..T7.AK;♥4 ♦6 ♦4;♥6 ♥Q;4
N;NT;N:J74...73 52.T9..A .5.AK4.4 3.8.Q5.J;;♠7 ♠J;3
S;NT;N:63.AT5.. .6.86.63 AK..T.7 Q..AQ.A;♠4 ♦K;♠6;5
N;NT;N:5.6.7.K7 T82..T.T .94.52.8 K4..6.95;;♣K ♥6;3
N;NT;N:T..3.863 5.75.A.7 K8.A.T.2 94..94.J;;♠T ♣3 ♣6 ♣8;3
E;NT;N:652.J2.. ..KJT.J .53.4.9 QT..63.;♦5 ♦7 ♣K;♠2 ♠5 ♠6 ♥J;3
W;NT;N:9.K.K6.K 6.7.T.74 .QJT2..J K.63..Q;♦8;♦K;4
N;NT;N:T63.7..2 5.4.4.AQ .3.A87.T K..K2.74;;♥7 ♠3 ♠6 ♠T ♣2;2
W;NT;N:J2.J8..A .K5.K74. T3..QT.9 7..6.73;♣5;♣A;3
N;NT;N:.Q2.52.8 4.K.J.54 J.T.93.2 8.75.A8.;;♥2 ♣8 ♦2 ♦5;2
E;NT;N:T8.T5.8. 52..T.5 A..32.A .4.J96.;♠3 ♣6 ♥7;♠8 ♠T;5
W;NT;N:6.K9.Q.T K8.A4..K 2..7.932 A..3.J6;♦J;♦Q;1
W;NT;N:T9.3.Q8. 54.8..K3 K8.K.A2. .62..AJ;♦7;♦8 ♦Q;5
W;NT;N:Q.Q64.5. J72.A.6. 3.K8.A.8 .7.K.KJ;♦9;♦5;4
N;NT;N:T.Q6.A.Q 7.4.QT3. 8.A.2.K2 J5.5.J.A;;♥6 ♥Q;3
W;NT;N:Q5.3.T.2 9.2.J.A4 ..743.95 83..A.8;♥J;♥3;1
S;NT;N:K.7.Q4.6 A.A.7.KJ 63..83. .2.5.75;♥K ♦2;♥7;1
W;NT;N:T.4.J.72 4.KJ6.7. 3.A.84.Q A9.2..T;♥7;♥4;4
W;NT;N:53.3.6.3 .AJ5.2.J 6..QT5.4 .T.J4.T;♥Q;♥3;1
S;NT;N:65.J8..Q Q7.53.6. 3.K.8.A .76.9.9;♥9 ♥Q;♥8 ♥J;2
S;NT;N:43.74.8. 72.2.9.6 .AT3..K .9.A3.A;♦J ♦5;♦8;4
W;NT;N:.AJ7.7.5 T.KT3.4. .Q2.9.Q4 K76..8.;♣T;♣5;4
S;NT;N:J.5.6.AK 4.97.97. Q.QJ.5. K6...63;♦3 ♠9;♦6;1
E;NT;N:K2.J5.9. 8.7.J.2 .T.A.AK .Q6.4.8;♦5 ♣T ♦6;♦9;4
E;NT;N:.52.T9.8 7.J9..4 .K.K.K6 A6..J2.;♠9 ♥8 ♠2;♥2 ♥5 ♦9 ♦T ♣8;2
S;NT;N:K64.T..5 2.6.87.6 .8.K.A8 9..3.74;♥K ♥4;♥T;5
N;NT;N:AQ7.8.7. 8.T.T.J7 94.Q5..6 J...K982;;♠Q ♠A ♥8;5
S;NT;N:9.53.Q.T .2.K96.2 KQ..3.K 4.9..AJ;♥8 ♦7;♥3 ♥5;3
E;NT;N:K9.Q52.. .J7.2.J A5..6.A 764...K;♠Q ♠J ♥6;♠K;5
E;NT;N:JT..K.K7 .J.8.Q9 3.43.4. 8.K5.3.;♥Q ♣3 ♥8;♣7 ♠T ♠J;2
S;NT;N:5..K6.K6 .T6.J.Q2 QT.5.3. 94.Q.Q.;♥K ♣J;♦6 ♣6 ♠5 ♣K;5
W;NT;N:QJ3..7.3 8.Q.2.K8 2.2.T.J9 K.A.4.T;♥5;♠3 ♣3 ♠J ♠Q;1
E;NT;N:84.5.T7. .92.2.5 .76.6.3 A95.T..;♦3 ♣Q ♥J;♦7 ♦T;2
N;NT;N:.4.9762. KQ4.2..7 A.5.53.8 96..J.A6;;♥4 ♦2 ♦6 ♦7 ♦9;2
E;NT;N:4.A.9.73 Q.KJT.. ..J52.T T.7.K.A;♦6 ♥5 ♣2;♦9;2
W;NT;N:.Q9..A53 6.4.7.Q6 J.K.5.87 .73.T.9;♦3;♣3 ♣5 ♥9 ♥Q;3
S;NT;N:J.6.7.Q6 72..K53. 5.A.2.K .87.T.4;♦Q ♥T;♦7;3
W;NT;N:876.2..9 K3.86.A. .AJ.J3.2 9.K.4.Q;♠4;♠6 ♠7 ♠8;1
S;NT;N:.KT2.A.7 Q.A75..T 84..Q5. .J8.8.A;♠9 ♠A;♥2 ♥T ♣7 ♦A;1
E;NT;N:T.K.9.83 52.72.. A3.6..9 .J8..T2;♣6 ♥5 ♦T;♣8;4
S;NT;N:.A.5.QJ7 K.2.6.A9 6.86.K. 7.93..5;♣3 ♥5;♣J ♣Q;3
S;NT;N:JT9...62 42.T.T.5 5.85.7. 6.A.86.;♦5 ♦J;♣2 ♣6 ♠9 ♠T ♠J;1
S;NT;N:QJ3.9..K .2.A75.A .T.KT.6 T8.Q.4.;♠A ♦Q;♠3 ♠J ♠Q;2
S;NT;N:4.T.T.K6 K..J643. 6..A.J8 ..Q8.AT;♣7 ♣5;♣6 ♣K;3
N;NT;N:.Q9..863 .J.AQ.Q4 T.53.K7. K4.4.6.5;;♥Q ♣6 ♣8;3
E;NT;N:KJ.3.A5. 642...7 T...AJT A.T.83.;♥6 ♠8 ♠5;♥3;2
E;NT;N:32.T7..K Q.2..74 .3.AJ7. J4..4.J;♥K ♥8 ♣8;♥7 ♥T;2
E;NT;N:A.5.Q9.8 963.K.. 5.Q3.2. K.J.K.2;♥9 ♦A ♦7;♥5;2
W;NT;N:5..T64.7 K.8.3.K5 Q.74.2.2 8.T9.A.;♦8;♦T;1
W;NT;N:.Q5.KJ.K 7..9.T83 AQ.6.85. T..Q.52;♣9;♣K;5
E;NT;N:.98.K.93 6.A.42. 3.6.J.2 .T2.Q.A;♥5 ♣7 ♣J;♥8 ♥9;2
S;NT;N:.3.K.KJT 98.J64.. A.K7..7 .9.3.Q5;♦T ♦4;♦K;5
E;NT;N:3..973.A .K.84.J .52.Q.9 K..JT.6;♠A ♥Q ♥3;♠3;2
W;NT;N:AT2.4..7 J.953.K. 8.AQ.Q6. .7.A.62;♣A;♣7;1
W;NT;N:7.Q2.J4. ..87.K85 4.4.K.AJ JT.5..6;♦A;♦4 ♦J;2
E;NT;N:4.T.73.A A3.8.A. K.6.Q6. 2.7..82;♦J ♣6 ♣7;♦3 ♦7;1
S;NT;N:2.K6.Q.3 T.Q9.93. 4.A2..9 A3..65.;♣2 ♦2;♣3;5
E;NT;N:QT65...T J.J.J.6 3.K..A8 8.74.5.;♠7 ♥5 ♦8;♠T;5
E;NT;N:..85.J42 .T7.6.6 T.64..A .9.J3.T;♠5 ♥5 ♥8;♣2 ♣4 ♣J;1
N;NT;N:.J8..J64 AT.Q..72 2..AQJ.T Q7.9.65.;;♣4 ♣6;4
N;NT;N:T.Q..J97 KJ4.32.. Q..J6.T3 .9.AQ7.8;;♥Q ♣7 ♣9 ♣J;4
W;NT;N:K.62.8.T 73.5..J7 2.K98..5 J5..T.2;♦2;♦8;5
S;NT;N:64..5.Q6 T7.T9.J. .K.83.J J.4.4.7;♥J ♥Q;♠4 ♠6 ♣6 ♦5 ♣Q;1
N;NT;N:42.K32.. .9.2.KQJ 9.QT.5.3 8.A7.7.9;;♠2 ♠4;1
W;NT;N:.A65.A3. A9.4..32 3..QJ.T7 .T7.K5.;♣J;♥5 ♥6;3
E;NT;N:Q4.5..A2 65.K..K 2..J2.7 3.3.5.T;♥Q ♦6 ♦7;♥5;3
E;NT;N:K6..Q.A9 .7.J7.3 .Q.T.J7 8.2.A.8;♥8 ♦8 ♣4;♠6 ♣9 ♣A ♦Q;3
E;NT;N:2.6..876 9...K42 8.8.J9. K..72.A;♦T ♠6 ♥4;♠2 ♣6 ♣7 ♣8 ♥6;2
E;NT;N:K.AT.K.7 J2..Q.6 3.Q73.. .6.92.4;♥2 ♦J ♦A;♥T ♥A;5
W;NT;N:543..J.8 T6.Q.Q.6 .AT.5.J9 K..A7.T;♣A;♣8;1
W;NT;N:.A9.3.76 3.72..K9 85.T.J7. .J4..84;♦Q;♦3;2
W;NT;N:.QT7.K.A 6.98..85 QJ8.2.T. .K.Q.K3;♠T;♥7 ♥T ♥Q;5
W;NT;N:2.J9..A4 6.7.3.KT .5.KJ.63 .Q.A9.J;♣9;♣A ♣4;1
W;NT;N:.A9.64.9 .K73.K5. .Q4.8.53 T.2.9.7;♣6;♣9;2
N;NT;N:A.K72..8 .6.J.J32 .A5.T97. T532..4.;;♥2 ♥7 ♥K ♠A;4
S;NT;N:.7.T73.A 9.AQ4.J. 8..Q2.2 65..94.;♣K ♣T;♣A;5
S;NT;N:Q.T8.T.5 9.5.Q8.7 7.9..AJ T2.7.6.;♥Q ♦A;♥8 ♥T;5
N;NT;N:.KJ.A9.3 42.A.4.5 K.9.J.A8 QJ3...J6;;♦A ♣3 ♥J ♥K;4
N;NT;N:3.73.AT. 876..4.7 K.QT.82. A..J7.Q4;;♥3 ♥7;4
E;NT;N:A43.J.A. K5.T..7 2..K86. 8.Q.43.;♦9 ♥6 ♦J;♦A;4
E;NT;N:A4.K.2.2 7.4.4.A 2.J.AT. 3..6.QJ;♣4 ♦5 ♦Q;♣2;3
E;NT;N:A2.K.K.Q 4.AQ..2 QJ7...8 .T9.T.6;♦J ♠6 ♠3;♦K;5
N;NT;N:J9.K6..T K.4.7.QJ .Q5.5.65 T.92.Q9.;;♥6 ♥K;2
W;NT;N:9..A6.97 J7.75.7. Q.A2..53 32..K.4;♥K;♦6 ♣7 ♣9 ♠9;5
E;NT;N:Q.4.8.63 953...8 82..9.7 J.73..2;♦6 ♦4 ♥8;♦8;3
N;NT;N:98.85.9. A.QT..K9 Q.7..J86 4.AJ2.3.;;♦9;1
W;NT;N:3.K.AQ.4 .7..Q962 KQ6...A7 A.T3.5.;♥J;♥K;4
N;NT;N:A3.A8.K. T.5.9.72 95.64.8. 6.KQT.T.;;♠A ♦K ♥A ♥8;4
S;NT;N:J.K.KJ.A K2.7.76. 65.8..3 9.J9..T;♣Q ♠Q;♣A;4
E;NT;N:.98.Q7.A .K5..32 9..T.T4 T.7.9.J;♥2 ♦K ♠Q;♥8 ♥9;4
N;NT;N:T6.3.2.J 5.K.J73. .2.QT.43 .AQ.A.86;;♠6 ♠T ♣J;3
N;NT;N:.Q.43.76 9.K.6.K5 QJ.T92.. .53.T.J8;;♥Q ♦3 ♦4 ♣6 ♣7;1
N;NT;N:Q.QT5.T. 92..A2.K 8.43..A8 .9762.8.;;♠Q ♥T ♥Q ♦T;3
W;NT;N:A.4.3.J2 J63.A.K. KT.2.7.8 4.Q3.A.;♦4;♦3;3
W;NT;N:6..A.T52 K5.5.Q.3 T..965.4 Q8..8.A;♥2;♣2 ♣5 ♣T ♠6;1
W;NT;N:5..A72.7 .T62..JT T..983.Q K.7.Q.K;♠3;♠5;4
W;NT;N:.5.AQ.Q2 J.9.JT.4 K.AQJ.6. T9.8..8;♣5;♣Q;5
N;NT;N:Q.42.A.T 98.65.K. 65.K.8.6 .A7.T4.Q;;♦A ♠Q ♣T ♥2 ♥4;2
S;NT;N:J8..54.7 A..98.95 K6.6.Q. QT...T8;♥8 ♦7;♦4 ♦5 ♠8 ♣7 ♠J;3
S;NT;N:.KQ3..73 ..T62.J8 7.A2.9. Q2..4.4;♦7 ♠6;♣3 ♣7 ♥3 ♥Q ♥K;2
S;NT;N:6.Q7.7.J A.6.K3.6 8..J6.7 .J2.4.K;♣8 ♣9;♣J;3
S;NT;N:4.87.8.7 JT...AT6 6.5.K.Q 7..95.3;♦J ♦4;♦8;4
W;NT;N:82..4.A2 .72.J83. T96.T.T. 3.A.K.6;♦A;♦4;2
S;NT;N:5.T.Q9.K ..6.T982 KQ9.2.. 7.8.32.;♦8 ♠3;♦9 ♦Q;5
E;NT;N:KT.6.J.7 8.K.3.A 7.54.T. Q4.T7..;♥2 ♠2 ♣K;♥6;3
N;NT;N:Q.8.Q3.8 2.KJ..54 K6.954.. J95.A.4.;;♠Q ♥8 ♦Q ♣8;4
W;NT;N:6.T6.2.4 T.5.63.8 75...J52 4.3.9.A;♦8;♦2;1
E;NT;N:J.72.8.A ..J2.J5 5..A96. .65.4.K;♣4 ♠3 ♠7;♣A;5
S;NT;N:K.T.2.63 QJ..T9.5 5..Q8.8 T..J7.A;♥6 ♠9;♥T;4
N;NT;N:2.Q32.3. J.KT84.. 97...QJ3 ..KT96.7;;♠2 ♥2 ♥3 ♦3;1
W;NT;N:J74.7.5. 63..84.T .83.2.A3 .J.96.6;♦K;♦5;1
E;NT;N:..43.KJ5 9.KJT.. K.4.7.3 2.7.5.8;♥A ♠A ♣7;♣5 ♦3 ♦4 ♣J ♣K;1
S;NT;N:.Q4.QT.6 K96.3.2. 84.2.6. 5..5.85;♦7 ♠T;♦T ♦Q;4
S;NT;N:.A2.AQ.J 98...984 .T7.K.T 5.K.J4.;♥8 ♥Q;♥A;4
E;NT;N:3.K75..6 T.83.6. 7.JT.8. .A.54.9;♠A ♥9 ♣A;♠3;1
S;NT;N:K.KT4..5 J43.A2.. 97...82 T.J53..;♥Q ♦Q;♥4 ♥T;4
E;NT;N:T.5.A.76 2..3.A8 7.K6..Q 4..Q6.9;♠J ♣4 ♥9;♠T;2
E;NT;N:K3.A3..5 T.T.2.7 64...J3 A5..7.8;♠8 ♣4 ♦8;♠K;5
W;NT;N:.8.T.AT2 K..94.73 J84.K4.. 5..AQ.J;♠2;♣2 ♣T ♥8 ♦T;2
N;NT;N:4.QJ82.. 986..J.6 T.4.6.KT .3.942.4;;♥8 ♥J ♥Q ♠4;5
N;NT;N:AT4.T..J 8.95.T.K Q52.6.7. 3.K.42.8;;♠4 ♠T ♠A;3
W;NT;N:.87.J.63 K.A.97.7 J5.Q.8.K 4.4.Q.Q;♠3;♣3 ♣6 ♥7 ♥8 ♦J;1
N;NT;N:7.5.K43. .AK7..97 .86.5.JT 63.3.9.5;;♦K ♠7;4
W;NT;N:6.Q8..AK .72.KT.5 T4.J5.7. J2..Q.2;♦2;♠6 ♥8 ♥Q ♣K ♣A;2
W;NT;N:T8.J..Q5 ..74.AKT KQJ4..A. ..Q63.9;♥7;♥J;5
S;NT;N:86.95.7. ..A6.AT4 K2.3.2. .2.Q4.3;♠3 ♠7;♠8;5
E;NT;N:3.4.Q6.Q .6.2.J7 5.T5.3. 4..8.95;♥9 ♦K ♣2;♥4;4
S;NT;N:5.7.52.5 92.5..K4 K8..K.8 J.J.83.;♠4 ♦9;♠5;1
N;NT;N:K.Q6.8.Q .T4.J.A3 7.J9.Q.6 4.K.7.87;;♦8 ♥6 ♥Q ♠K ♣Q;2
E;NT;N:64.753.. .6..QJ8 Q..K.T7 9..J.A9;♦2 ♠5 ♦5;♥3 ♥5 ♠4 ♠6;1
E;NT;N:43.6..J2 2...873 K..T.T9 J5.K.Q.;♥Q ♦2 ♠8;♥6;3
N;NT;N:84.K.3.T .4.Q.A97 K7.J6.A. J3.3.8.J;;♦3 ♥K ♠4 ♠8;4
W;NT;N:K.6.42.T T.32..Q6 A7..K7.8 4.4.T9.;♥J;♥6;3
S;NT;N:.8.K6.84 42.2..75 7.5.4.3 ..T82.Q;♥A ♥4;♥8;5
E;NT;N:Q73.5.K. 5.7.8.9 64.2..5 J2.8.9.;♥A ♠K ♣4;♥5;2
N;NT;N:J2..AK.5 6.AJ.85. KT.5..A9 75.8..Q2;;♠2 ♠J ♦K ♦A ♣5;5
E;NT;N:K8.9.J.3 T.A..92 96..A2. .K4.Q3.;♠3 ♦6 ♠J;♠K;2
W;NT;N:KT2.2.Q. J8..6.T4 9.J3.T.6 .74.32.;♠3;♠K;3
N;NT;N:J3.J4..T 65.Q.65. ..J92.43 QT.K2..7;;♣T ♥4 ♥J;2
N;NT;N:J.A.Q.52 .7.J9.K8 8.43..A4 54.J9.5.;;♦Q ♠J ♣2 ♥A ♣5;4
N;NT;N:.9.T.932 7.J.J76. K3.A.2.5 5.6.AK.T;;♥9;3
W;NT;N:864.9.7. 3.7.A.Q9 .K.J2.K2 QJ...T3;♣5;♠4 ♠6 ♠8 ♦7 ♥9;2
E;NT;N:5...Q875 A4..85. T.72.K. 2.86.9.;♠J ♥K ♠7;♠5;1
W;NT;N:.T6.K74. .KQJ.2.8 .A.AQJ5. AJ.9.9.;♣9;♦4 ♦7 ♥6 ♥T ♦K;2
E;NT;N:AQ.A..K2 .9.98.3 J..4.Q9 6.K8..7;♥2 ♠5 ♠7;♥A;5
S;NT;N:32..Q5.3 J.95.2.7 A..3.K9 .4.AJ.J;♥A ♥7;♠2 ♠3 ♣3 ♦5 ♦Q;4
S;NT;N:J6.J7.3. 532..6.J 4.5.K.2 K.Q.42.;♣5 ♣T;♦3 ♥7 ♥J ♠6 ♠J;2
N;NT;N:Q8.J..85 2.43.96. 5..32.43 T4.A7..2;;♣5 ♣8;4
W;NT;N:.A5.92.6 3.3.T54. J.6..AQ7 A9.T.K.;♥J;♥A;4
S;NT;N:4.A8.K5. 5.Q.2.A8 3.9..32 ..T8.Q5;♠6 ♦6;♠4;5
S;NT;N:.Q53.9.9 .T4.4.84 J8.6..3 2..KT.T;♣K ♣2;♣9;4
S;NT;N:K8.K.KT. J9.4..K7 6.93.6. .Q5..J5;♣A ♠T;♠8;5
S;NT;N:QT...J52 9.J.J.84 7..32.3 4.T3..Q;♥7 ♥Q;♣2 ♣5 ♣J ♠T ♠Q;1
N;NT;N:.6.T2.T5 4..AJ6.K 85.J.K.7 J.T.9.62;;♥6;1
S;NT;N:J8.2.3.K 3.7.A6.J 4..T7.6 ..9.Q53;♥3 ♥Q;♥2;3
S;NT;N:2..97.75 QJ.4..J3 98.KJ.. T.87.5.;♦6 ♣9;♦7 ♦9;2
W;NT;N:6.A.K7.Q 5.Q72.3. T.9.J2.2 Q2...83;♠J;♠6;2
N;NT;N:J6.A.A.7 K9.9.J.A A..Q8.K9 .Q.65.J2;;♣7 ♦A ♥A;4
W;NT;N:4.K.KJ.4 A..953.A K.86.2.6 8.4.A6.;♠5;♠4;1
S;NT;N:J8.T.65. T3.A..92 5..9.J3 .K7..86;♥5 ♦T;♥T;4
W;NT;N:.2.A32.7 .7.8.K92 .Q..AQ84 83.T..3;♠7;♦2 ♦3 ♥2 ♣7 ♦A;2
E;NT;N:.J.K7.T7 ..4.AK4 5.3.6.9 .K.T.J5;♦J ♣3 ♥4;♦K;1
E;NT;N:J.8.9.82 T.5.A5. 3.A.8.7 4.97.K.;♥2 ♦6 ♣4;♥8;5
N;NT;N:.973.7.7 K3.2.98. T7..AT.2 .J6.6.83;;♦7 ♥7 ♥9 ♣7;2
W;NT;N:KT4..94. 96.2.2.A A..83.J3 3.Q.JT.;♦K;♦4 ♦9;1
N;NT;N:J4.T.K3. KT.KJ6.. A85..8.J 2.8.A72.;;♠4 ♠J ♥T;2
S;NT;N:8.A.98.7 Q.63.AK. K7..6.6 2.K.5.5;♣A ♣4;♣7;4
N;NT;N:KJ.73..7 93..4.KJ AQ..2.Q2 65.A.53.;;♠J ♠K ♥3 ♥7;2
E;NT;N:KT.J8..6 9..T6.A 62.4.5. J4.2..7;♣3 ♥K ♦Q;♣6;4
N;NT;N:9.Q.T2.9 732.A.7. 4.9.Q94. JT.K.6.T;;♦2 ♦T;3
N;NT;N:54..65.9 .J.K.KJ8 K6.T..Q4 JT8.AQ..;;♣9 ♦5 ♦6 ♠4 ♠5;1
S;NT;N:A.63.95. 7.87.2.K Q.K.JT. T.A4..3;♦6 ♣A;♦5 ♦9;4
S;NT;N:3.4.4.A5 5..J5.K3 9..AT.T .8.2.42;♣Q ♣8;♣A ♣5;4
W;NT;N:5..A6.T3 6.5.87.A K7.94..5 .A.43.8;♣7;♣3;3
N;NT;N:A4.K.86. J.952.4. 7..KT2.9 K8.T.A.J;;♦6 ♦8 ♥K;3
S;NT;N:T.7.6.K8 KJ.9..JT .A.K74. 4.6.8.7;♣Q ♣4;♣8 ♣K;5
N;NT;N:A.AQ.A.Q 6.4.86.5 7.J9.J7. T9.53..8;;♥Q ♥A ♣Q ♦A ♠A;5
E;NT;N:T8.KJ..7 .A6.9.K A2.8.8. J.7..95;♠5 ♣2 ♦J;♠8 ♠T;3
S;NT;N:.4.AT7.K J62...62 .A93..4 5.5.63.;♠8 ♦4;♥4 ♦7 ♦T ♦A;2
N;NT;N:..4.KT74 .AT.AK.J JT.9.J6. Q2.5..92;;♣K;4
N;NT;N:A..T.T83 6.A3.A.K 7.T.Q.52 8.7.J6.A;;♠A ♣3 ♣8 ♣T;1
E;NT;N:A..87.62 .8.6.T3 .KT2..4 .3.Q2.7;♥9 ♠T ♠9;♣2 ♣6 ♦7 ♦8 ♠A;1
N;NT;N:54.J72.. 7.A5.T.5 Q2..K2.9 A3..Q8.T;;♠4 ♠5;2
E;NT;N:.T9.T6.9 7.J7.3. A.Q3.J. Q..7.J5;♥2 ♦8 ♣4;♥9 ♥T;4
S;NT;N:8.T3..97 4.K..JT5 6..2.A6 K.J2.Q.;♦4 ♣K;♥3 ♥T ♠8 ♣7 ♣9;2
N;NT;N:.64.A.54 QT8..4.8 7.J87.Q. J4.9.K.2;;♦A ♥4 ♥6;4
N;NT;N:2.62.5.A A4..4.KJ J.7..832 97.Q9.K.;;♣A;1
N;NT;N:.J.A.Q53 AK.Q3..8 T943..7. ..8.T976;;♦A ♣Q;2
W;NT;N:.KJ2.Q.A 4.Q.A74. 973.3.9. ..K.K92;♦J;♦Q;3
W;NT;N:76.AK.5. 2.8.3.Q8 AJ.J3.4. 8.7..AK;♣5;♠6 ♠7 ♦5 ♥K ♥A;2
N;NT;N:J.AK.A.8 Q.T4.5.6 .J5.T82. 5..J.J52;;♦A ♥K ♥A;3
S;NT;N:.2.7.872 5.4.3.Q9 K...AT6 6.A7..K;♠Q ♠3;♣2 ♣7 ♣8 ♥2 ♦7;3
S;NT;N:3.93..Q2 A.JT.63. 6.8.J.6 .A.5.73;♣9 ♦7;♣2;3
S;NT;N:A87.J7.. .9.T.AT5 2..75.Q T.Q2.Q.;♦9 ♦J;♠7 ♠8;2
E;NT;N:9.KQ.6.A KJ5.7.. 6.2.4.8 ..K932.;♠4 ♣K ♥8;♠9;4
W;NT;N:4.K8..AK A2.3.9.2 87..6.T6 .Q7..QJ;♣3;♣K ♣A;3
E;NT;N:T.J..AQ6 K.K..J7 .87.8.K A.A9.T.;♥2 ♦Q ♠5;♥J;4
S;NT;N:K.QT.Q.5 Q.J.K2.Q .82.5.A 3.9.A4.;♣8 ♥7;♣5;2
N;NT;N:.Q.764.A Q8.6.2.J .AK8..Q9 63.4.T.3;;♥Q ♣A;5
S;NT;N:.Q64..J4 QJ7.A..2 9.9.5.T 5..6.65;♥J ♦A;♥4 ♥6 ♥Q;1
W;NT;N:..AKJ7.K 9.Q.T.J2 5.AT.5.A 8.K..98;♠K;♦7 ♦J ♦K ♦A ♣K;3
W;NT;N:K73.K7.. 6.2.85.9 4..J.Q74 9.4.4.2;♦K;♠3 ♠7 ♥7 ♥K;3
S;NT;N:4..KJ8.Q A.3.Q.84 9.5..32 .T6.4.K;♥A ♠J;♠4 ♦8 ♦J ♣Q;2
E;NT;N:Q3.3.7.9 A.5.43. .Q.6.T2 54.T..A;♣5 ♥2 ♣8;♣9;4
E;NT;N:K.J9.2.Q 42.4.K. .7.8.JT 3.8.A.A;♣2 ♥T ♠8;♣Q;4
W;NT;N:6.5.K9.Q T8.J.T.5 J.2.Q.62 54.7.8.;♣4;♣Q;5
N;NT;N:A2.9.9.4 T8...KQ6 J.2.3.T2 .KQ.K6.9;;♠2;2
E;NT;N:A..A94.K 97...93 T.K6..8 8.2.82.;♠2 ♠4 ♦K;♠A;5
S;NT;N:82.8.6.6 5.AT6..3 4...QJ9 ..Q95.2;♣T ♥K;♣6;5
S;NT;N:.9.K93.8 53.J.5.5 A4.A4.. .K8.T.K;♦Q ♣T;♦3 ♦9 ♦K;3
E;NT;N:..Q83.AQ 54.3..K .9.5.T9 T7..AT.;♦6 ♥2 ♥T;♦8 ♦Q;3
E;NT;N:A.J964.. T6.T..5 .Q.5.73 J.A.94.;♠9 ♣K ♣8;♠A;1
E;NT;N:9.J.J72. A5.A..4 .Q.543. 4.7..83;♥9 ♥K ♣5;♥J;4
E;NT;N:Q7.5.J.K 8.A.5.2 .T7..54 K5.4.A.;♠3 ♠A ♥2;♠7 ♠Q;2
S;NT;N:A6.K7.2. T3.Q.QT. J.85.5. K5...Q9;♠7 ♠4;♠A;3
S;NT;N:KT..8.K4 64.K.4.Q 97..6.2 .J2.5.T;♣J ♦9;♣K;4
N;NT;N:.AK.Q3.T 3.QJ.J.J 75...Q92 A..T42.3;;♦Q ♥K ♥A;5
W;NT;N:52.J98.. AQ..5.K3 .AK6.J3. .T74.6.;♦8;♠2 ♠5 ♥8 ♥9;4
S;NT;N:QJ93..9. .QT5.Q4. ..J.763 T6..T7.;♠5 ♣Q;♠3 ♠9;4
W;NT;N:JT.A.9.9 86.J.7.J .962..QT 5..5.K8;♣A;♣9;2
N;NT;N:A4..54.6 Q.A5.T6. 5.3.Q.J2 K3..AK.A;;♣6 ♠A ♦4 ♦5;1
N;NT;N:..KJ53.T .T3..A74 JT.4.Q.Q KQ8.9..3;;♦K;4
W;NT;N:QT.9.J.A J6.Q..96 AK.2..Q7 7.7.T.5;♣4;♣A;5
S;NT;N:T4.T8..9 7.4.652. 6.A.9.8 ..QJ7.7;♠9 ♠2;♠4 ♠T;5
S;NT;N:.Q6.J.97 Q4.K8..6 ..87.J2 .32..T8;♦4 ♥9;♦J;4
W;NT;N:.T4.A6.8 .65.T.T5 J9...KQ2 .Q.97.9;♠6;♥4 ♦6 ♣8 ♥T ♦A;5
E;NT;N:.9.J5.Q6 5.J.T.5 3.2.K.3 2.8.7.J;♦4 ♣4 ♦9;♦J;4
W;NT;N:.K.AQ5.6 92.76..8 K..986.Q .AQ.J3.;♥5;♥K;5
N;NT;N:6.4.4.J8 K9.6.87. T.983.6. 85.J.3.9;;♣J;2
S;NT;N:K765.4.. 8..2.A32 Q.6.Q9. .T.A5.K;♣J ♦K;♠5 ♠6 ♠7 ♥4 ♠K;1
S;NT;N:..A2.J92 A5..6.43 .72.75. 63.63..;♦J ♠T;♦2 ♦A;5
N;NT;N:9.92.A.A .T.J5.Q4 AJ.3.9.2 Q..2.JT7;;♦A ♠9 ♣A ♥2 ♥9;4
N;NT;N:.T72.Q.J Q2.5.8.8 6..K7.42 K.3.95.3;;♣J ♦Q ♥7 ♥T;5
E;NT;N:9.764..A T82.9.. .K82.3. 4.3.T.3;♦A ♥J ♣5;♥4 ♥6 ♥7 ♠9 ♣A;1
W;NT;N:Q.J3..Q4 95.9.J.K .Q2.A.T3 AK.A.9.;♦8;♥3 ♣4 ♥J ♣Q ♠Q;1
W;NT;N:Q8.K..32 .72.7.T5 .43.A.Q8 54..3.7;♦2;♣2 ♣3 ♠8 ♠Q;5
N;NT;N:.94.76.4 4.T.AJ8. 5.K2.95. KQ...AT9;;♥4 ♥9;2
E;NT;N:52.J4.K. 4.A.A.4 AK.8..6 .6.T9.5;♦5 ♠9 ♦4;♦K;4
W;NT;N:A3.4.Q.A 42.T.9.T .Q9.T.K6 .J6.5.8;♠8;♠A;5
N;NT;N:A.QT.95. .J864.2. 7..K.Q43 Q8..J.96;;♦5 ♦9 ♥Q;5
E;NT;N:9.64.Q.A 64..K9. .K.3.J4 J.A2.6.;♣6 ♣T ♠K;♣A;1
N;NT;N:7.A3..52 3.QJ.7.A T.7.4.Q6 K4..JT.J;;♥A;1
W;NT;N:T92.Q.9. .9.7.A87 .J.KQJ5. .843.3.;♣J;♠2 ♠9 ♠T ♦9 ♥Q;2
S;NT;N:..J.QJ84 85.A2..T K76...9 4.95.T.;♣2 ♦9;♣J ♣Q;5
S;NT;N:5.J.AK.4 T.5.T54. .6.83.J KJ.9..6;♣A ♥3;♣4;5
N;NT;N:.54.4.A2 .Q3.T5.9 3..AK8.5 Q2..J7.K;;♣A ♦4;5
N;NT;N:K.2.K.A3 .T.43.85 A54.6.8. T..A.QJ4;;♠K ♣A;4
S;NT;N:A.K.3.84 T.A4.A.9 73...AQ K.9..J6;♠2 ♠6;♠A;3
E;NT;N:9.6.Q85. .94.T9. K.K2..4 J.85.A.;♠8 ♣6 ♣5;♠9;4
E;NT;N:.K9.K4.6 J76.T.. K.4.AJ. .Q.T85.;♦2 ♥J ♥2;♦4 ♦K;5
W;NT;N:KT.T.96. .53.AQ.5 9..T.AK9 J..K82.;♥4;♥T;3
S;NT;N:Q5.3.4.9 4.A.86.2 2.2.QT. K3..A.Q;♠A ♦7;♠5 ♠Q;1
W;NT;N:73..T8.4 9.643.A. .T5.3.A5 64...73;♣Q;♣4;3
E;NT;N:A..8.852 J.82..3 2.J6..4 .K54..9;♦T ♣A ♦A;♦8;2
N;NT;N:5.AK3.3. .5.7.AK5 9.7.AT2. T6.64.5.;;♦3 ♥K ♥A;5
E;NT;N:42.K.A5. 6..K3.3 .A5..AJ .6.8.Q2;♦J ♠K ♣T;♦A;4
N;NT;N:T5.T6.K. 43..7.65 .9.9643. 7.Q.JT2.;;♠T ♥6 ♥T;4
W;NT;N:J3.Q8.K. T7.62..2 A.5.J8.Q .4.AQ9.;♣T;♦K;5
S;NT;N:T..AJ9.4 5.A964.. J6.T.2. K.J2..K;♦5 ♠3;♦9 ♦J ♦A;3
S;NT;N:.93.T.K6 64.J7.Q. .64.K7. K.Q.6.8;♠3 ♦9;♥3 ♣6 ♥9 ♦T;2
E;NT;N:A.53..T6 T.2.2.5 6.6..AQ 7.98.Q.;♣J ♠5 ♠Q;♣6 ♣T;1
S;NT;N:7..A64.Q 3.76.8.6 K..KJ.7 J5.J.3.;♠A ♥A;♠7;5
W;NT;N:.J7.K7.J .983.A.3 6..JT5.6 3..93.5;♣2;♣J;4
E;NT;N:Q4.K73.. .J.52.A .9.A.42 K5...K9;♠8 ♦9 ♣7;♠Q;4
W;NT;N:T6.93..6 .2.Q.AK5 K7..53.Q AJ.T.6.;♦K;♠6 ♣6 ♠T ♥3 ♥9;1
S;NT;N:A6..95.2 2.8.QT.A Q7.A..7 3.KT.4.;♥6 ♣J;♣2 ♠6 ♦5 ♦9 ♠A;1